# power spectrum of zeta (dimensionless)
# redshift z=48.519767
# k              Pk             sigma(k)       sigma(Pk)      count
  3.926991e-03   1.243630e-18   3.512237e-11   2.732255e-19   6
  6.468504e-03   1.534241e-17   9.292307e-04   3.066951e-18   26
  1.075752e-02   6.281369e-17   1.401573e-03   6.095447e-18   114
  1.536034e-02   1.402708e-16   1.321130e-03   8.574572e-18   218
  1.986055e-02   1.985956e-16   1.282852e-03   9.324075e-18   374
  2.412735e-02   2.515061e-16   1.070437e-03   1.115721e-17   474
  2.806277e-02   2.977955e-16   1.114764e-03   1.104227e-17   650
  3.226384e-02   3.383055e-16   1.228263e-03   1.118590e-17   938
  3.651078e-02   4.196026e-16   1.191974e-03   1.190648e-17   1158
  4.085013e-02   4.725444e-16   1.255331e-03   1.150473e-17   1538
  4.514216e-02   5.075288e-16   1.197883e-03   1.218954e-17   1752
  4.940297e-02   5.632836e-16   1.270218e-03   1.180974e-17   2210
  5.382476e-02   6.134273e-16   1.313135e-03   1.207864e-17   2690
  5.822499e-02   6.479817e-16   1.260291e-03   1.149190e-17   3054
  6.261788e-02   6.691835e-16   1.278262e-03   1.084737e-17   3602
  6.689321e-02   6.958812e-16   1.192161e-03   1.172512e-17   3842
  7.113570e-02   6.814235e-16   1.241459e-03   9.790047e-18   4554
  7.543827e-02   7.340382e-16   1.223626e-03   1.041697e-17   5030
  7.964244e-02   7.189630e-16   1.192059e-03   9.603768e-18   5474
  8.383361e-02   7.656726e-16   1.204502e-03   9.793505e-18   6162
  8.813706e-02   7.822903e-16   1.244010e-03   9.361666e-18   7016
  9.251506e-02   7.919802e-16   1.282007e-03   9.192730e-18   7818
  9.690760e-02   7.870225e-16   1.275623e-03   8.343989e-18   8582
  1.012249e-01   7.925775e-16   1.222801e-03   8.480981e-18   8954
  1.055230e-01   8.056229e-16   1.275661e-03   7.987259e-18   10170
  1.098886e-01   8.315798e-16   1.242528e-03   8.032101e-18   10826
  1.141614e-01   8.035508e-16   1.215228e-03   7.627243e-18   11438
  1.184437e-01   8.198585e-16   1.241708e-03   7.326434e-18   12594
  1.227045e-01   8.242859e-16   1.208460e-03   7.095416e-18   13130
  1.269880e-01   8.168073e-16   1.247270e-03   6.777927e-18   14586
  1.313025e-01   8.033817e-16   1.229078e-03   6.411660e-18   15242
  1.356256e-01   8.185604e-16   1.268369e-03   6.362633e-18   16772
  1.399394e-01   8.101940e-16   1.224094e-03   6.345346e-18   17178
  1.442192e-01   7.913346e-16   1.256219e-03   5.807915e-18   18722
  1.485429e-01   7.898020e-16   1.247601e-03   5.668846e-18   19706
  1.528259e-01   7.977764e-16   1.235493e-03   5.558966e-18   20694
  1.571269e-01   7.865709e-16   1.247928e-03   5.299294e-18   22154
  1.614322e-01   7.798849e-16   1.238069e-03   5.115745e-18   23210
  1.657530e-01   7.812359e-16   1.247771e-03   4.974263e-18   24762
  1.700419e-01   7.838297e-16   1.219659e-03   5.011905e-18   25418
  1.743047e-01   7.756085e-16   1.232581e-03   4.673203e-18   27030
  1.785948e-01   7.622516e-16   1.236925e-03   4.508834e-18   28400
  1.829249e-01   7.514661e-16   1.260632e-03   4.322456e-18   30314
  1.872537e-01   7.516999e-16   1.245689e-03   4.288222e-18   31242
  1.915471e-01   7.464407e-16   1.243795e-03   4.122864e-18   32726
  1.958851e-01   7.449026e-16   1.262333e-03   4.009458e-18   34802
  2.001902e-01   7.442597e-16   1.225777e-03   4.036771e-18   35298
  2.044527e-01   7.357519e-16   1.231750e-03   3.838395e-18   37106
  2.087345e-01   7.330862e-16   1.233995e-03   3.742192e-18   38750
  2.130597e-01   7.274779e-16   1.253313e-03   3.588585e-18   41082
  2.173474e-01   7.170677e-16   1.213580e-03   3.503583e-18   41330
  2.216268e-01   7.040753e-16   1.248206e-03   3.328459e-18   44226
  2.259811e-01   7.002687e-16   1.262369e-03   3.323126e-18   46256
  2.302954e-01   6.883478e-16   1.236821e-03   3.155617e-18   47006
  2.346000e-01   6.891670e-16   1.253826e-03   3.117514e-18   49506
  2.389041e-01   6.774442e-16   1.236946e-03   3.021525e-18   50618
  2.432051e-01   6.726516e-16   1.252069e-03   2.921864e-18   53114
  2.475055e-01   6.744887e-16   1.235789e-03   2.903589e-18   54366
  2.518059e-01   6.702282e-16   1.244531e-03   2.809534e-18   56834
  2.560686e-01   6.612243e-16   1.213941e-03   2.799785e-18   57258
  2.603901e-01   6.543420e-16   1.274431e-03   2.608726e-18   62378
  2.647358e-01   6.424262e-16   1.225553e-03   2.599625e-18   61850
  2.690012e-01   6.445519e-16   1.236600e-03   2.534406e-18   64284
  2.733015e-01   6.349486e-16   1.248977e-03   2.473875e-18   66938
  2.776367e-01   6.299963e-16   1.258384e-03   2.387099e-18   69602
  2.819415e-01   6.255449e-16   1.232881e-03   2.347654e-18   70242
  2.862215e-01   6.192957e-16   1.244813e-03   2.290536e-18   73166
  2.905544e-01   6.118227e-16   1.257712e-03   2.204376e-18   76370
  2.948557e-01   6.105556e-16   1.224268e-03   2.188168e-18   76578
  2.991694e-01   6.001678e-16   1.260194e-03   2.110962e-18   81362
  3.034794e-01   5.919070e-16   1.220452e-03   2.088913e-18   80994
  3.077617e-01   5.934509e-16   1.245850e-03   2.033982e-18   85046
  3.120682e-01   5.873913e-16   1.236732e-03   2.000733e-18   86552
  3.163691e-01   5.824544e-16   1.248599e-03   1.943084e-18   89754
  3.206760e-01   5.827630e-16   1.241846e-03   1.927726e-18   91538
  3.249908e-01   5.744995e-16   1.257274e-03   1.854922e-18   95198
  3.292984e-01   5.666102e-16   1.234300e-03   1.820078e-18   96066
  3.335953e-01   5.640628e-16   1.250578e-03   1.784727e-18   99890
  3.379016e-01   5.617901e-16   1.237173e-03   1.762135e-18   101562
  3.421850e-01   5.555586e-16   1.235122e-03   1.720696e-18   103994
  3.465039e-01   5.530446e-16   1.254469e-03   1.685762e-18   108566
  3.508098e-01   5.435874e-16   1.225687e-03   1.641636e-18   108570
  3.550962e-01   5.395218e-16   1.245765e-03   1.617906e-18   113162
  3.594096e-01   5.381721e-16   1.239769e-03   1.589925e-18   115136
  3.637064e-01   5.327011e-16   1.244989e-03   1.550358e-18   118110
  3.680190e-01   5.292444e-16   1.250013e-03   1.521951e-18   121466
  3.723377e-01   5.266150e-16   1.247712e-03   1.510047e-18   124154
  3.766409e-01   5.198684e-16   1.239592e-03   1.461476e-18   126282
  3.809305e-01   5.190861e-16   1.239411e-03   1.452086e-18   129206
  3.852310e-01   5.152096e-16   1.240944e-03   1.416725e-18   132714
  3.895315e-01   5.088017e-16   1.236189e-03   1.388508e-18   135002
  3.938308e-01   5.073868e-16   1.243110e-03   1.357752e-18   138866
  3.981506e-01   5.024755e-16   1.245584e-03   1.329849e-18   142146
  4.024599e-01   5.003871e-16   1.240083e-03   1.317981e-18   144476
  4.067698e-01   4.918534e-16   1.249157e-03   1.274666e-18   148274
  4.110722e-01   4.899305e-16   1.241511e-03   1.266803e-18   150498
  4.153656e-01   4.896107e-16   1.240169e-03   1.244178e-18   153578
  4.196566e-01   4.805345e-16   1.243070e-03   1.216216e-18   156974
  4.239772e-01   4.785255e-16   1.254355e-03   1.189077e-18   162090
  4.282871e-01   4.755222e-16   1.232977e-03   1.184100e-18   162674
  4.325900e-01   4.762096e-16   1.248247e-03   1.161577e-18   168186
  4.368889e-01   4.693313e-16   1.230518e-03   1.148368e-18   168986
  4.411796e-01   4.667750e-16   1.243170e-03   1.120225e-18   174302
  4.454808e-01   4.634977e-16   1.235964e-03   1.100476e-18   176394
  4.497749e-01   4.604016e-16   1.243559e-03   1.086951e-18   180848
  4.540988e-01   4.557730e-16   1.252525e-03   1.059877e-18   185522
  4.584177e-01   4.561702e-16   1.245424e-03   1.056357e-18   187758
  4.627131e-01   4.513376e-16   1.237877e-03   1.035920e-18   190322
  4.670077e-01   4.511140e-16   1.244159e-03   1.020572e-18   194898
  4.713189e-01   4.432709e-16   1.244577e-03   9.958511e-19   198914
  4.756220e-01   4.416435e-16   1.237959e-03   9.897683e-19   201386
  4.799286e-01   4.392439e-16   1.245790e-03   9.690567e-19   206694
  4.842396e-01   4.350460e-16   1.237579e-03   9.487262e-19   208970
  4.885355e-01   4.336982e-16   1.239312e-03   9.395104e-19   212858
  4.928323e-01   4.280982e-16   1.239690e-03   9.262703e-19   216432
  4.971331e-01   4.281794e-16   1.245356e-03   9.111228e-19   220910
  5.014504e-01   4.267286e-16   1.251792e-03   8.989858e-19   225818
  5.057482e-01   4.232152e-16   1.234295e-03   8.891524e-19   226578
  5.100535e-01   4.202476e-16   1.253105e-03   8.682426e-19   234314
  5.143672e-01   4.198774e-16   1.238530e-03   8.683553e-19   235338
  5.186759e-01   4.155955e-16   1.249367e-03   8.421982e-19   241886
  5.229717e-01   4.106379e-16   1.226886e-03   8.326836e-19   241514
  5.272665e-01   4.099713e-16   1.249867e-03   8.228406e-19   250122
  5.315791e-01   4.087739e-16   1.236342e-03   8.133497e-19   251450
  5.358794e-01   4.059095e-16   1.243646e-03   8.038474e-19   256940
  5.401773e-01   4.048303e-16   1.237459e-03   7.960634e-19   259314
  5.444679e-01   3.994435e-16   1.243546e-03   7.789244e-19   264602
  5.487766e-01   3.991347e-16   1.245963e-03   7.692318e-19   269602
  5.530817e-01   3.968251e-16   1.241744e-03   7.596147e-19   272710
  5.573981e-01   3.932716e-16   1.251961e-03   7.421491e-19   279650
  5.617030e-01   3.918180e-16   1.232873e-03   7.423690e-19   279618
  5.660045e-01   3.902420e-16   1.249306e-03   7.291505e-19   288074
  5.703137e-01   3.866581e-16   1.235438e-03   7.186437e-19   289010
  5.746156e-01   3.857077e-16   1.247203e-03   7.104725e-19   296310
  5.789244e-01   3.850816e-16   1.237400e-03   7.057569e-19   298346
  5.832246e-01   3.820611e-16   1.245397e-03   6.910636e-19   304256
  5.875350e-01   3.818430e-16   1.246290e-03   6.901932e-19   308826
  5.918408e-01   3.779899e-16   1.243049e-03   6.750484e-19   312590
  5.961529e-01   3.764249e-16   1.248985e-03   6.656520e-19   318762
  6.004593e-01   3.738196e-16   1.240718e-03   6.591525e-19   321074
  6.047547e-01   3.718801e-16   1.240799e-03   6.532895e-19   326378
  6.090549e-01   3.695462e-16   1.240211e-03   6.430322e-19   330738
  6.133630e-01   3.680474e-16   1.246939e-03   6.363164e-19   337382
  6.176694e-01   3.674938e-16   1.237203e-03   6.307659e-19   339626
  6.219644e-01   3.661665e-16   1.240002e-03   6.232753e-19   345162
  6.262616e-01   3.612026e-16   1.239266e-03   6.136881e-19   349400
  6.305613e-01   3.625752e-16   1.244262e-03   6.084219e-19   355382
  6.348730e-01   3.591508e-16   1.246769e-03   5.962750e-19   360954
  6.391819e-01   3.575151e-16   1.243477e-03   5.956551e-19   364778
  6.435002e-01   3.558509e-16   1.250914e-03   5.853949e-19   372426
  6.478087e-01   3.539274e-16   1.236390e-03   5.811099e-19   372794
  6.521037e-01   3.528435e-16   1.244101e-03   5.697026e-19   380486
  6.564090e-01   3.512043e-16   1.239094e-03   5.666976e-19   384066
  6.607107e-01   3.488993e-16   1.242538e-03   5.599501e-19   390434
  6.650234e-01   3.475189e-16   1.243376e-03   5.535636e-19   395762
  6.693144e-01   3.466735e-16   1.232039e-03   5.493206e-19   397062
  6.736189e-01   3.449960e-16   1.251120e-03   5.400091e-19   408176
  6.779316e-01   3.424720e-16   1.240403e-03   5.357648e-19   409362
  6.822349e-01   3.399776e-16   1.245861e-03   5.259862e-19   416666
  6.865353e-01   3.417740e-16   1.238522e-03   5.293328e-19   419186
  6.908366e-01   3.394551e-16   1.246872e-03   5.209027e-19   427638
  6.951419e-01   3.363723e-16   1.239127e-03   5.135993e-19   430274
  6.994439e-01   3.355290e-16   1.244186e-03   5.068903e-19   438050
  7.037510e-01   3.341356e-16   1.238974e-03   5.035321e-19   441426
  7.080449e-01   3.322388e-16   1.239295e-03   4.972669e-19   446942
  7.123499e-01   3.317839e-16   1.242845e-03   4.916116e-19   453890
  7.166480e-01   3.297832e-16   1.237274e-03   4.887316e-19   456816
  7.209534e-01   3.277190e-16   1.248635e-03   4.809305e-19   466370
  7.252656e-01   3.271858e-16   1.242502e-03   4.784105e-19   469518
  7.295732e-01   3.257541e-16   1.245116e-03   4.733691e-19   476330
  7.338725e-01   3.250057e-16   1.238721e-03   4.696733e-19   478994
  7.381744e-01   3.240365e-16   1.246904e-03   4.639138e-19   488394
  7.424884e-01   3.225139e-16   1.242990e-03   4.600646e-19   492698
  7.467973e-01   3.205395e-16   1.243980e-03   4.529392e-19   498974
  7.510935e-01   3.201881e-16   1.234693e-03   4.522076e-19   501090
  7.553919e-01   3.180498e-16   1.244343e-03   4.451448e-19   511082
  7.597004e-01   3.172974e-16   1.240179e-03   4.414578e-19   514784
  7.639967e-01   3.156061e-16   1.240878e-03   4.374081e-19   520350
  7.683091e-01   3.141043e-16   1.249509e-03   4.307672e-19   530138
  7.726120e-01   3.126804e-16   1.236517e-03   4.295527e-19   529794
  7.769160e-01   3.122405e-16   1.251602e-03   4.253252e-19   542762
  7.812225e-01   3.110114e-16   1.235289e-03   4.233566e-19   541634
  7.855259e-01   3.096243e-16   1.250892e-03   4.151534e-19   554670
  7.898355e-01   3.086286e-16   1.237417e-03   4.142071e-19   554834
  7.941302e-01   3.076578e-16   1.241778e-03   4.110457e-19   563306
  7.984446e-01   3.061047e-16   1.246587e-03   4.053453e-19   571794
  8.027475e-01   3.044589e-16   1.236199e-03   4.033620e-19   572894
  8.070387e-01   3.036643e-16   1.240006e-03   4.004636e-19   580776
  8.113339e-01   3.040012e-16   1.240324e-03   3.959453e-19   586418
  8.156437e-01   3.009386e-16   1.249813e-03   3.902812e-19   597386
  8.199632e-01   3.010284e-16   1.245750e-03   3.883028e-19   601362
  8.242739e-01   3.004291e-16   1.245729e-03   3.842866e-19   608078
  8.285755e-01   2.989982e-16   1.238705e-03   3.823352e-19   610898
  8.328766e-01   2.981015e-16   1.245632e-03   3.788343e-19   621330
  8.371838e-01   2.961936e-16   1.238702e-03   3.742572e-19   624722
  8.414815e-01   2.945367e-16   1.240373e-03   3.706252e-19   631958
  8.457801e-01   2.938474e-16   1.238534e-03   3.682006e-19   637602
  8.500779e-01   2.933445e-16   1.240333e-03   3.666845e-19   644840
  8.543927e-01   2.922670e-16   1.249060e-03   3.616007e-19   655578
  8.587058e-01   2.911902e-16   1.242590e-03   3.592328e-19   657818
  8.630031e-01   2.892624e-16   1.240971e-03   3.552356e-19   664022
  8.673080e-01   2.888680e-16   1.245948e-03   3.518921e-19   672954
  8.716138e-01   2.887424e-16   1.242705e-03   3.501071e-19   678338
  8.759180e-01   2.863271e-16   1.242125e-03   3.461659e-19   685130
  8.802218e-01   2.861691e-16   1.242115e-03   3.442783e-19   692166
  8.845144e-01   2.854395e-16   1.234388e-03   3.425369e-19   694682
  8.888163e-01   2.841856e-16   1.247301e-03   3.375717e-19   709146
  8.931296e-01   2.831406e-16   1.239356e-03   3.354865e-19   711506
  8.974273e-01   2.822246e-16   1.240782e-03   3.330178e-19   718148
  9.017357e-01   2.820610e-16   1.247217e-03   3.312086e-19   729042
  9.060468e-01   2.808939e-16   1.242130e-03   3.278968e-19   732410
  9.103467e-01   2.804859e-16   1.242891e-03   3.256716e-19   739946
  9.146534e-01   2.787264e-16   1.244593e-03   3.219804e-19   747906
  9.189582e-01   2.778654e-16   1.242506e-03   3.195178e-19   754214
  9.232643e-01   2.769154e-16   1.242436e-03   3.181358e-19   761618
  9.275643e-01   2.754056e-16   1.239211e-03   3.144005e-19   766986
  9.318660e-01   2.748788e-16   1.241058e-03   3.110037e-19   775922
  9.361725e-01   2.745297e-16   1.241758e-03   3.102476e-19   783198
  9.404756e-01   2.727691e-16   1.240472e-03   3.068169e-19   789080
  9.447763e-01   2.729132e-16   1.242851e-03   3.066969e-19   796850
  9.490869e-01   2.716954e-16   1.247937e-03   3.023515e-19   807522
  9.533924e-01   2.705542e-16   1.239848e-03   3.006483e-19   808994
  9.577007e-01   2.703610e-16   1.250666e-03   2.977782e-19   824078
  9.620112e-01   2.692100e-16   1.238593e-03   2.965118e-19   823554
  9.663007e-01   2.679894e-16   1.239589e-03   2.936991e-19   831818
  9.705964e-01   2.687594e-16   1.239567e-03   2.934736e-19   839906
  9.749005e-01   2.661607e-16   1.243918e-03   2.882481e-19   850518
  9.792141e-01   2.658843e-16   1.243935e-03   2.868507e-19   858194
  9.835154e-01   2.657454e-16   1.237898e-03   2.865091e-19   861138
  9.878201e-01   2.642643e-16   1.246238e-03   2.828792e-19   874328
  9.921277e-01   2.637255e-16   1.242167e-03   2.825888e-19   877754
  9.964333e-01   2.625543e-16   1.246740e-03   2.786064e-19   889110
  1.000736e+00   2.618024e-16   1.239362e-03   2.772657e-19   891266
  1.005045e+00   2.609790e-16   1.250650e-03   2.747395e-19   907490
  1.009351e+00   2.603775e-16   1.236362e-03   2.737872e-19   905442
  1.013648e+00   2.590808e-16   1.243368e-03   2.706508e-19   919094
  1.017959e+00   2.581865e-16   1.242743e-03   2.671975e-19   926706
  1.022255e+00   2.577572e-16   1.235935e-03   2.668705e-19   929066
  1.026557e+00   2.576582e-16   1.244945e-03   2.651700e-19   944210
  1.030871e+00   2.560098e-16   1.244094e-03   2.634732e-19   950280
  1.035172e+00   2.556611e-16   1.240473e-03   2.614338e-19   954830
  1.039482e+00   2.549605e-16   1.249830e-03   2.594286e-19   969770
  1.043793e+00   2.547479e-16   1.241385e-03   2.585011e-19   971370
  1.048084e+00   2.533956e-16   1.238565e-03   2.565981e-19   976970
  1.052389e+00   2.526094e-16   1.248650e-03   2.537074e-19   993998
  1.056701e+00   2.517091e-16   1.239979e-03   2.529692e-19   995850
  1.061001e+00   2.510230e-16   1.241064e-03   2.507342e-19   1004930
  1.065300e+00   2.507701e-16   1.238399e-03   2.495170e-19   1011570
  1.069600e+00   2.499325e-16   1.241097e-03   2.474753e-19   1021550
  1.073904e+00   2.488127e-16   1.241994e-03   2.458471e-19   1030184
  1.078211e+00   2.481370e-16   1.244718e-03   2.426514e-19   1039458
  1.082516e+00   2.475722e-16   1.242818e-03   2.415706e-19   1046378
  1.086817e+00   2.474821e-16   1.241429e-03   2.417647e-19   1053266
  1.091121e+00   2.461907e-16   1.245400e-03   2.383121e-19   1065414
  1.095433e+00   2.455122e-16   1.244145e-03   2.369305e-19   1073258
  1.099737e+00   2.451251e-16   1.239997e-03   2.359298e-19   1078522
  1.104033e+00   2.440160e-16   1.238538e-03   2.343330e-19   1086226
  1.108335e+00   2.437546e-16   1.242384e-03   2.326307e-19   1098374
  1.112647e+00   2.423531e-16   1.244052e-03   2.304106e-19   1108626
  1.116952e+00   2.416487e-16   1.239083e-03   2.297671e-19   1111466
  1.121259e+00   2.416014e-16   1.247025e-03   2.284240e-19   1127384
  1.125557e+00   2.408786e-16   1.234728e-03   2.279422e-19   1123506
  1.129854e+00   2.398923e-16   1.248772e-03   2.248989e-19   1144814
  1.134168e+00   2.400466e-16   1.243865e-03   2.243387e-19   1149074
  1.138474e+00   2.392691e-16   1.244851e-03   2.221288e-19   1159050
  1.142776e+00   2.379608e-16   1.239251e-03   2.212695e-19   1163282
  1.147076e+00   2.374672e-16   1.243109e-03   2.191998e-19   1176462
  1.151386e+00   2.371539e-16   1.242518e-03   2.182125e-19   1185266
  1.155692e+00   2.360137e-16   1.242010e-03   2.155934e-19   1193066
  1.159992e+00   2.352942e-16   1.238572e-03   2.150700e-19   1199058
  1.164291e+00   2.349543e-16   1.242339e-03   2.142745e-19   1210400
  1.168599e+00   2.344555e-16   1.245940e-03   2.123628e-19   1222238
  1.172906e+00   2.335122e-16   1.242668e-03   2.108178e-19   1227642
  1.177204e+00   2.331421e-16   1.241123e-03   2.096821e-19   1235594
  1.181510e+00   2.321455e-16   1.246370e-03   2.079124e-19   1249850
  1.185818e+00   2.313525e-16   1.242248e-03   2.066639e-19   1255470
  1.190121e+00   2.306661e-16   1.240701e-03   2.049984e-19   1264130
  1.194423e+00   2.302861e-16   1.241739e-03   2.037294e-19   1274130
  1.198728e+00   2.301248e-16   1.242253e-03   2.036016e-19   1283978
  1.203038e+00   2.290998e-16   1.244741e-03   2.015997e-19   1295498
  1.207344e+00   2.283354e-16   1.240214e-03   2.005831e-19   1300158
  1.211643e+00   2.279882e-16   1.241677e-03   1.995388e-19   1309064
  1.215945e+00   2.273677e-16   1.245586e-03   1.977194e-19   1322690
  1.220252e+00   2.269058e-16   1.242364e-03   1.969912e-19   1328658
  1.224558e+00   2.259019e-16   1.246335e-03   1.944460e-19   1342238
  1.228869e+00   2.257155e-16   1.243416e-03   1.947732e-19   1349490
  1.233166e+00   2.252633e-16   1.237892e-03   1.938566e-19   1353506
  1.237466e+00   2.244372e-16   1.242952e-03   1.924519e-19   1369106
  1.241772e+00   2.237890e-16   1.242177e-03   1.909182e-19   1377582
  1.246079e+00   2.229173e-16   1.242400e-03   1.894943e-19   1388114
  1.250381e+00   2.221887e-16   1.239627e-03   1.882908e-19   1393274
  1.254678e+00   2.217343e-16   1.241614e-03   1.872821e-19   1404720
  1.258988e+00   2.214109e-16   1.247243e-03   1.862042e-19   1420178
  1.263292e+00   2.208213e-16   1.239631e-03   1.852359e-19   1421174
  1.267590e+00   2.198742e-16   1.243106e-03   1.841977e-19   1434786
  1.271896e+00   2.196952e-16   1.244547e-03   1.825762e-19   1446986
  1.276207e+00   2.188521e-16   1.243658e-03   1.815282e-19   1456698
  1.280513e+00   2.182364e-16   1.241620e-03   1.804613e-19   1464134
  1.284817e+00   2.181212e-16   1.241275e-03   1.797635e-19   1474346
  1.289118e+00   2.174126e-16   1.239915e-03   1.786978e-19   1481874
  1.293420e+00   2.159705e-16   1.242922e-03   1.769267e-19   1495418
  1.297725e+00   2.160696e-16   1.241362e-03   1.761363e-19   1502768
  1.302034e+00   2.154234e-16   1.247057e-03   1.748069e-19   1519446
  1.306335e+00   2.147175e-16   1.237101e-03   1.741226e-19   1516106
  1.310634e+00   2.141625e-16   1.247497e-03   1.729287e-19   1539458
  1.314948e+00   2.135131e-16   1.243906e-03   1.717125e-19   1545762
  1.319254e+00   2.132682e-16   1.242503e-03   1.712628e-19   1554062
  1.323553e+00   2.124168e-16   1.239615e-03   1.702406e-19   1561650
  1.327854e+00   2.120514e-16   1.242329e-03   1.694222e-19   1575458
  1.332163e+00   2.114184e-16   1.243591e-03   1.677819e-19   1587722
  1.336470e+00   2.107084e-16   1.241143e-03   1.672572e-19   1594002
  1.340765e+00   2.105187e-16   1.238235e-03   1.662841e-19   1600814
  1.345068e+00   2.094619e-16   1.245460e-03   1.646799e-19   1619192
  1.349373e+00   2.091922e-16   1.241649e-03   1.642184e-19   1624002
  1.353677e+00   2.083100e-16   1.244635e-03   1.627853e-19   1638602
  1.357986e+00   2.085822e-16   1.244174e-03   1.623396e-19   1648566
  1.362290e+00   2.075759e-16   1.241284e-03   1.613980e-19   1655666
  1.366596e+00   2.069115e-16   1.245214e-03   1.604511e-19   1671698
  1.370906e+00   2.062941e-16   1.242328e-03   1.593055e-19   1679562
  1.375207e+00   2.054229e-16   1.239299e-03   1.584808e-19   1685138
  1.379509e+00   2.050171e-16   1.243826e-03   1.571462e-19   1702454
  1.383816e+00   2.046467e-16   1.241119e-03   1.564338e-19   1708986
  1.388120e+00   2.036179e-16   1.243909e-03   1.553552e-19   1722488
  1.392418e+00   2.038139e-16   1.238529e-03   1.552723e-19   1724810
  1.396721e+00   2.030432e-16   1.248056e-03   1.536673e-19   1749438
  1.401035e+00   2.027304e-16   1.243226e-03   1.532715e-19   1753610
  1.405335e+00   2.017930e-16   1.240420e-03   1.524318e-19   1760418
  1.409639e+00   2.014155e-16   1.244367e-03   1.511523e-19   1777586
  1.413941e+00   2.012510e-16   1.239207e-03   1.510550e-19   1780934
  1.418241e+00   2.002804e-16   1.242630e-03   1.495693e-19   1797570
  1.422549e+00   2.000930e-16   1.243489e-03   1.489421e-19   1809098
  1.426853e+00   1.993596e-16   1.241116e-03   1.480539e-19   1816970
  1.431155e+00   1.988632e-16   1.241990e-03   1.470550e-19   1828410
  1.435456e+00   1.984688e-16   1.242105e-03   1.466764e-19   1839428
  1.439764e+00   1.973163e-16   1.245227e-03   1.448394e-19   1854378
  1.444071e+00   1.970688e-16   1.243715e-03   1.442046e-19   1863026
  1.448374e+00   1.967853e-16   1.241766e-03   1.438587e-19   1872122
  1.452677e+00   1.959992e-16   1.242837e-03   1.428965e-19   1885062
  1.456984e+00   1.955818e-16   1.243476e-03   1.418675e-19   1897898
  1.461290e+00   1.952732e-16   1.242076e-03   1.414631e-19   1906922
  1.465594e+00   1.946934e-16   1.242184e-03   1.406367e-19   1919154
  1.469901e+00   1.940807e-16   1.243040e-03   1.400082e-19   1930658
  1.474202e+00   1.932571e-16   1.240512e-03   1.388824e-19   1938518
  1.478507e+00   1.929211e-16   1.243411e-03   1.381350e-19   1953864
  1.482809e+00   1.926129e-16   1.241884e-03   1.376598e-19   1961690
  1.487111e+00   1.919991e-16   1.242863e-03   1.367314e-19   1974930
  1.491416e+00   1.915670e-16   1.243334e-03   1.358726e-19   1987286
  1.495718e+00   1.910274e-16   1.240995e-03   1.352761e-19   1995122
  1.500024e+00   1.903473e-16   1.246031e-03   1.341019e-19   2014674
  1.504330e+00   1.901835e-16   1.239904e-03   1.340020e-19   2017970
  1.508634e+00   1.894260e-16   1.244035e-03   1.329202e-19   2035562
  1.512939e+00   1.889704e-16   1.241127e-03   1.323095e-19   2042718
  1.517240e+00   1.882224e-16   1.241490e-03   1.312538e-19   2054762
  1.521546e+00   1.878002e-16   1.244131e-03   1.307036e-19   2070632
  1.525849e+00   1.876666e-16   1.240416e-03   1.303975e-19   2075058
  1.530153e+00   1.869129e-16   1.245785e-03   1.290580e-19   2095838
  1.534463e+00   1.864434e-16   1.243031e-03   1.285231e-19   2103666
  1.538766e+00   1.858873e-16   1.242205e-03   1.280639e-19   2113322
  1.543072e+00   1.854778e-16   1.244060e-03   1.271595e-19   2129258
  1.547376e+00   1.850148e-16   1.241072e-03   1.267189e-19   2135994
  1.551679e+00   1.843478e-16   1.242739e-03   1.257200e-19   2151614
  1.555987e+00   1.836985e-16   1.243657e-03   1.249479e-19   2164850
  1.560295e+00   1.833792e-16   1.242951e-03   1.243135e-19   2176674
  1.564596e+00   1.829509e-16   1.238456e-03   1.241340e-19   2179754
  1.568894e+00   1.822298e-16   1.243472e-03   1.229231e-19   2199852
  1.573199e+00   1.820604e-16   1.241699e-03   1.224207e-19   2208626
  1.577500e+00   1.812721e-16   1.242956e-03   1.217713e-19   2222210
  1.581807e+00   1.805232e-16   1.244712e-03   1.207233e-19   2237802
  1.586113e+00   1.804213e-16   1.242571e-03   1.204051e-19   2246078
  1.590417e+00   1.798462e-16   1.242620e-03   1.198773e-19   2259626
  1.594722e+00   1.793454e-16   1.242750e-03   1.193109e-19   2271810
  1.599026e+00   1.786260e-16   1.241462e-03   1.181023e-19   2282522
  1.603329e+00   1.783032e-16   1.242364e-03   1.176722e-19   2296250
  1.607631e+00   1.778556e-16   1.240557e-03   1.172489e-19   2305542
  1.611933e+00   1.773546e-16   1.242016e-03   1.165009e-19   2320352
  1.616237e+00   1.770037e-16   1.243213e-03   1.158401e-19   2334258
  1.620545e+00   1.763396e-16   1.244091e-03   1.150206e-19   2347802
  1.624850e+00   1.757618e-16   1.242834e-03   1.145923e-19   2357462
  1.629153e+00   1.755581e-16   1.242084e-03   1.140733e-19   2369586
  1.633459e+00   1.748784e-16   1.244214e-03   1.133360e-19   2385506
  1.637763e+00   1.745000e-16   1.241440e-03   1.129350e-19   2394194
  1.642067e+00   1.738967e-16   1.242296e-03   1.122300e-19   2408730
  1.646373e+00   1.737442e-16   1.243029e-03   1.116170e-19   2423102
  1.650676e+00   1.730469e-16   1.239391e-03   1.112145e-19   2428458
  1.654978e+00   1.726132e-16   1.243637e-03   1.105316e-19   2449874
  1.659284e+00   1.719323e-16   1.241473e-03   1.097008e-19   2456864
  1.663583e+00   1.716874e-16   1.241854e-03   1.091709e-19   2469006
  1.667887e+00   1.710683e-16   1.243567e-03   1.085444e-19   2486546
  1.672195e+00   1.702550e-16   1.244576e-03   1.076894e-19   2500250
  1.676502e+00   1.702059e-16   1.243329e-03   1.074635e-19   2511186
  1.680803e+00   1.696344e-16   1.240061e-03   1.069045e-19   2517722
  1.685108e+00   1.691093e-16   1.245284e-03   1.061401e-19   2542742
  1.689415e+00   1.682411e-16   1.240720e-03   1.056230e-19   2545842
  1.693712e+00   1.682308e-16   1.239948e-03   1.055004e-19   2557874
  1.698013e+00   1.675678e-16   1.241475e-03   1.045352e-19   2574354
  1.702320e+00   1.673090e-16   1.244413e-03   1.040823e-19   2592404
  1.706626e+00   1.667717e-16   1.241878e-03   1.034757e-19   2599274
  1.710932e+00   1.661110e-16   1.245741e-03   1.028142e-19   2619954
  1.715239e+00   1.657951e-16   1.241533e-03   1.023172e-19   2624570
  1.719539e+00   1.655074e-16   1.242882e-03   1.019300e-19   2639714
  1.723846e+00   1.649780e-16   1.244823e-03   1.012438e-19   2659158
  1.728155e+00   1.641776e-16   1.242243e-03   1.004911e-19   2666810
  1.732457e+00   1.638916e-16   1.241518e-03   1.004069e-19   2679098
  1.736758e+00   1.634200e-16   1.240366e-03   9.966552e-20   2690778
  1.741064e+00   1.630238e-16   1.244805e-03   9.904429e-20   2713886
  1.745369e+00   1.622751e-16   1.239456e-03   9.858630e-20   2714448
  1.749676e+00   1.622006e-16   1.247458e-03   9.800573e-20   2744474
  1.753986e+00   1.614269e-16   1.241601e-03   9.749216e-20   2744690
  1.758281e+00   1.609170e-16   1.239906e-03   9.700774e-20   2752926
  1.762584e+00   1.608736e-16   1.246417e-03   9.664611e-20   2782370
  1.766896e+00   1.600814e-16   1.243946e-03   9.597208e-20   2790218
  1.771198e+00   1.595723e-16   1.240797e-03   9.544917e-20   2797890
  1.775495e+00   1.591619e-16   1.239545e-03   9.498681e-20   2808938
  1.779800e+00   1.587879e-16   1.245502e-03   9.434751e-20   2837358
  1.784107e+00   1.581972e-16   1.239356e-03   9.395086e-20   2837234
  1.788406e+00   1.577055e-16   1.242372e-03   9.342073e-20   2857250
  1.792715e+00   1.574045e-16   1.243958e-03   9.301888e-20   2874456
  1.797020e+00   1.568031e-16   1.242107e-03   9.248937e-20   2881862
  1.801324e+00   1.564012e-16   1.243761e-03   9.191101e-20   2899994
  1.805628e+00   1.560684e-16   1.242168e-03   9.145227e-20   2909586
  1.809931e+00   1.554859e-16   1.243470e-03   9.096351e-20   2927330
  1.814238e+00   1.550789e-16   1.243690e-03   9.060329e-20   2941802
  1.818542e+00   1.546556e-16   1.241373e-03   9.002623e-20   2952054
  1.822847e+00   1.543281e-16   1.242621e-03   8.967127e-20   2969522
  1.827150e+00   1.539072e-16   1.240525e-03   8.931719e-20   2978778
  1.831451e+00   1.529258e-16   1.241105e-03   8.845021e-20   2994338
  1.835751e+00   1.528167e-16   1.240314e-03   8.832362e-20   3004772
  1.840058e+00   1.520888e-16   1.246414e-03   8.746238e-20   3032706
  1.844365e+00   1.521087e-16   1.241907e-03   8.725300e-20   3035306
  1.848670e+00   1.513245e-16   1.244354e-03   8.662675e-20   3056018
  1.852975e+00   1.510213e-16   1.242053e-03   8.633474e-20   3063690
  1.857279e+00   1.504859e-16   1.243645e-03   8.577654e-20   3083726
  1.861581e+00   1.501059e-16   1.239993e-03   8.541609e-20   3089378
  1.865886e+00   1.496238e-16   1.244941e-03   8.478357e-20   3116898
  1.870193e+00   1.490604e-16   1.240195e-03   8.454185e-20   3119714
  1.874493e+00   1.488311e-16   1.241048e-03   8.397191e-20   3136518
  1.878799e+00   1.482742e-16   1.243148e-03   8.348991e-20   3155810
  1.883100e+00   1.477864e-16   1.240167e-03   8.318632e-20   3160760
  1.887405e+00   1.471028e-16   1.245521e-03   8.254258e-20   3188730
  1.891713e+00   1.469064e-16   1.242677e-03   8.228478e-20   3194306
  1.896011e+00   1.464706e-16   1.240445e-03   8.191992e-20   3204086
  1.900317e+00   1.461681e-16   1.246283e-03   8.140635e-20   3234282
  1.904623e+00   1.456225e-16   1.240145e-03   8.091772e-20   3234122
  1.908926e+00   1.450667e-16   1.243791e-03   8.040114e-20   3258762
  1.913232e+00   1.449726e-16   1.241319e-03   8.035084e-20   3267950
  1.917535e+00   1.445028e-16   1.241274e-03   7.979366e-20   3282698
  1.921839e+00   1.438608e-16   1.242799e-03   7.926539e-20   3300162
  1.926144e+00   1.433118e-16   1.242345e-03   7.883206e-20   3313592
  1.930452e+00   1.427357e-16   1.245108e-03   7.825728e-20   3333638
  1.934756e+00   1.424273e-16   1.241589e-03   7.794414e-20   3338922
  1.939059e+00   1.422766e-16   1.244093e-03   7.769543e-20   3360170
  1.943362e+00   1.416957e-16   1.241910e-03   7.722381e-20   3370466
  1.947662e+00   1.413299e-16   1.241051e-03   7.684035e-20   3383418
  1.951967e+00   1.407899e-16   1.244361e-03   7.629237e-20   3409310
  1.956277e+00   1.401357e-16   1.242644e-03   7.584374e-20   3420186
  1.960580e+00   1.400394e-16   1.241058e-03   7.571397e-20   3430370
  1.964884e+00   1.395624e-16   1.242399e-03   7.523747e-20   3449018
  1.969183e+00   1.390786e-16   1.239329e-03   7.495862e-20   3454878
  1.973487e+00   1.386187e-16   1.245402e-03   7.433932e-20   3486272
  1.977797e+00   1.382557e-16   1.243904e-03   7.399143e-20   3494954
  1.982100e+00   1.378032e-16   1.241774e-03   7.364448e-20   3506010
  1.986406e+00   1.373458e-16   1.244904e-03   7.319124e-20   3529586
  1.990712e+00   1.368419e-16   1.242458e-03   7.286150e-20   3538542
  1.995016e+00   1.363227e-16   1.241945e-03   7.242665e-20   3553826
  1.999319e+00   1.360222e-16   1.241956e-03   7.199838e-20   3570434
  2.003620e+00   1.355710e-16   1.239732e-03   7.173913e-20   3579018
  2.007924e+00   1.353357e-16   1.244701e-03   7.121214e-20   3608798
  2.012228e+00   1.346215e-16   1.238774e-03   7.094549e-20   3607130
  2.016532e+00   1.343790e-16   1.245747e-03   7.044485e-20   3640104
  2.020840e+00   1.339836e-16   1.242775e-03   7.015610e-20   3647210
  2.025143e+00   1.334994e-16   1.242355e-03   6.979577e-20   3660290
  2.029446e+00   1.331117e-16   1.243706e-03   6.940549e-20   3680550
  2.033752e+00   1.327583e-16   1.242363e-03   6.918518e-20   3693098
  2.038057e+00   1.320991e-16   1.243608e-03   6.867564e-20   3714114
  2.042363e+00   1.318390e-16   1.240820e-03   6.832012e-20   3722018
  2.046664e+00   1.314289e-16   1.242086e-03   6.799898e-20   3740990
  2.050969e+00   1.309819e-16   1.242428e-03   6.769675e-20   3758346
  2.055275e+00   1.305712e-16   1.242572e-03   6.722201e-20   3773954
  2.059575e+00   1.302477e-16   1.239579e-03   6.702243e-20   3780056
  2.063876e+00   1.296525e-16   1.244110e-03   6.655683e-20   3807714
  2.068184e+00   1.293202e-16   1.244255e-03   6.618598e-20   3824390
  2.072489e+00   1.287397e-16   1.241967e-03   6.572183e-20   3832538
  2.076792e+00   1.285337e-16   1.243235e-03   6.546462e-20   3854226
  2.081097e+00   1.281979e-16   1.241880e-03   6.527672e-20   3866354
  2.085398e+00   1.276094e-16   1.241460e-03   6.477314e-20   3881574
  2.089705e+00   1.273541e-16   1.244354e-03   6.443433e-20   3907874
  2.094012e+00   1.269196e-16   1.241372e-03   6.415103e-20   3914594
  2.098316e+00   1.265191e-16   1.241764e-03   6.379387e-20   3931602
  2.102619e+00   1.260895e-16   1.242514e-03   6.358800e-20   3948638
  2.106925e+00   1.255471e-16   1.243372e-03   6.310072e-20   3967736
  2.111226e+00   1.252893e-16   1.240652e-03   6.299615e-20   3972594
  2.115526e+00   1.249303e-16   1.243453e-03   6.253896e-20   3998954
  2.119832e+00   1.243412e-16   1.242579e-03   6.210195e-20   4012842
  2.124138e+00   1.240744e-16   1.244232e-03   6.176192e-20   4035254
  2.128446e+00   1.235637e-16   1.242914e-03   6.148241e-20   4048010
  2.132748e+00   1.232502e-16   1.240468e-03   6.126480e-20   4057242
  2.137052e+00   1.227846e-16   1.242910e-03   6.084494e-20   4081730
  2.141355e+00   1.224033e-16   1.241417e-03   6.048791e-20   4092086
  2.145657e+00   1.220039e-16   1.241641e-03   6.019055e-20   4110330
  2.149960e+00   1.216380e-16   1.242579e-03   5.996200e-20   4127672
  2.154266e+00   1.212576e-16   1.244228e-03   5.959026e-20   4149002
  2.158574e+00   1.207844e-16   1.244181e-03   5.924575e-20   4165482
  2.162879e+00   1.205097e-16   1.241793e-03   5.896164e-20   4175318
  2.167183e+00   1.200293e-16   1.243316e-03   5.864109e-20   4196754
  2.171489e+00   1.196374e-16   1.243264e-03   5.839316e-20   4214498
  2.175796e+00   1.191793e-16   1.242428e-03   5.793205e-20   4229690
  2.180100e+00   1.189445e-16   1.241701e-03   5.774692e-20   4243014
  2.184403e+00   1.184585e-16   1.242176e-03   5.737490e-20   4262114
  2.188703e+00   1.181036e-16   1.239864e-03   5.714494e-20   4270586
  2.193005e+00   1.176811e-16   1.243077e-03   5.686264e-20   4298442
  2.197313e+00   1.171380e-16   1.243776e-03   5.643796e-20   4315424
  2.201617e+00   1.168938e-16   1.242010e-03   5.618010e-20   4326502
  2.205919e+00   1.164425e-16   1.242090e-03   5.588688e-20   4343218
  2.210223e+00   1.162024e-16   1.243868e-03   5.559150e-20   4367282
  2.214533e+00   1.157514e-16   1.244354e-03   5.527114e-20   4386738
  2.218837e+00   1.153051e-16   1.240659e-03   5.508564e-20   4391198
  2.223134e+00   1.149528e-16   1.239602e-03   5.480550e-20   4405226
  2.227438e+00   1.146272e-16   1.244513e-03   5.447947e-20   4439250
  2.231748e+00   1.142007e-16   1.243132e-03   5.422963e-20   4452506
  2.236052e+00   1.138190e-16   1.241634e-03   5.387761e-20   4462130
  2.240352e+00   1.134518e-16   1.240792e-03   5.363252e-20   4476564
  2.244658e+00   1.130250e-16   1.245364e-03   5.320673e-20   4509338
  2.248962e+00   1.126186e-16   1.240711e-03   5.310118e-20   4510362
  2.253265e+00   1.123264e-16   1.243332e-03   5.280833e-20   4537346
  2.257569e+00   1.119633e-16   1.242277e-03   5.252703e-20   4550990
  2.261875e+00   1.114920e-16   1.243361e-03   5.218011e-20   4572642
  2.266181e+00   1.111459e-16   1.242778e-03   5.190625e-20   4588706
  2.270486e+00   1.107663e-16   1.241612e-03   5.162556e-20   4602770
  2.274788e+00   1.103822e-16   1.241771e-03   5.146302e-20   4619478
  2.279089e+00   1.101040e-16   1.240755e-03   5.119009e-20   4634138
  2.283394e+00   1.096371e-16   1.244489e-03   5.080349e-20   4663880
  2.287700e+00   1.092286e-16   1.241878e-03   5.059664e-20   4671234
  2.292004e+00   1.089321e-16   1.243070e-03   5.023046e-20   4692506
  2.296309e+00   1.083299e-16   1.243564e-03   4.989465e-20   4712910
  2.300614e+00   1.081411e-16   1.241968e-03   4.977463e-20   4724354
  2.304917e+00   1.076861e-16   1.243226e-03   4.945877e-20   4746746
  2.309222e+00   1.074901e-16   1.242336e-03   4.931485e-20   4762338
  2.313526e+00   1.070278e-16   1.242324e-03   4.902146e-20   4779854
  2.317829e+00   1.066752e-16   1.241534e-03   4.872154e-20   4795466
  2.322134e+00   1.063309e-16   1.243776e-03   4.847354e-20   4821354
  2.326436e+00   1.059042e-16   1.239680e-03   4.825452e-20   4824650
  2.330739e+00   1.056089e-16   1.244160e-03   4.801809e-20   4857600
  2.335045e+00   1.051814e-16   1.242397e-03   4.768336e-20   4868630
  2.339349e+00   1.047879e-16   1.242730e-03   4.741075e-20   4888178
  2.343650e+00   1.044136e-16   1.241148e-03   4.718209e-20   4899498
  2.347957e+00   1.041232e-16   1.245154e-03   4.685889e-20   4934162
  2.352265e+00   1.037262e-16   1.242531e-03   4.664185e-20   4942238
  2.356570e+00   1.033371e-16   1.242221e-03   4.643172e-20   4959786
  2.360872e+00   1.030226e-16   1.241444e-03   4.624186e-20   4974266
  2.365174e+00   1.027462e-16   1.241369e-03   4.603271e-20   4994210
  2.369476e+00   1.022584e-16   1.241541e-03   4.576148e-20   5011218
  2.373781e+00   1.018675e-16   1.244195e-03   4.538950e-20   5040140
  2.378089e+00   1.015423e-16   1.242503e-03   4.519784e-20   5050506
  2.382393e+00   1.013095e-16   1.243411e-03   4.499008e-20   5071754
  2.386698e+00   1.008905e-16   1.242456e-03   4.479206e-20   5085722
  2.391006e+00   1.006131e-16   1.245460e-03   4.449507e-20   5116902
  2.395311e+00   1.001719e-16   1.240080e-03   4.434246e-20   5114138
  2.399611e+00   9.986256e-17   1.243148e-03   4.407911e-20   5145266
  2.403915e+00   9.948216e-17   1.241306e-03   4.383798e-20   5157786
  2.408215e+00   9.912449e-17   1.240637e-03   4.360448e-20   5172578
  2.412521e+00   9.887532e-17   1.245271e-03   4.336135e-20   5211182
  2.416823e+00   9.841952e-17   1.237575e-03   4.322193e-20   5196930
  2.421125e+00   9.811838e-17   1.245808e-03   4.281308e-20   5250656
  2.425435e+00   9.773941e-17   1.242301e-03   4.263628e-20   5252370
  2.429740e+00   9.733437e-17   1.244183e-03   4.241615e-20   5278838
  2.434048e+00   9.709381e-17   1.242961e-03   4.220954e-20   5293178
  2.438352e+00   9.666142e-17   1.242508e-03   4.199864e-20   5309106
  2.442655e+00   9.640389e-17   1.241858e-03   4.182046e-20   5326490
  2.446958e+00   9.592524e-17   1.242077e-03   4.152401e-20   5346926
  2.451258e+00   9.561295e-17   1.239854e-03   4.135086e-20   5357370
  2.455559e+00   9.527863e-17   1.242581e-03   4.106754e-20   5386490
  2.459866e+00   9.504633e-17   1.243365e-03   4.089629e-20   5410386
  2.464172e+00   9.471218e-17   1.242166e-03   4.069814e-20   5422136
  2.468474e+00   9.427112e-17   1.242008e-03   4.044188e-20   5438390
  2.472780e+00   9.397781e-17   1.244789e-03   4.021246e-20   5469642
  2.477086e+00   9.369522e-17   1.241939e-03   4.008317e-20   5475866
  2.481390e+00   9.326550e-17   1.243879e-03   3.979434e-20   5504042
  2.485694e+00   9.285068e-17   1.241823e-03   3.958646e-20   5514198
  2.490000e+00   9.255086e-17   1.243759e-03   3.932786e-20   5544122
  2.494304e+00   9.218172e-17   1.240999e-03   3.914188e-20   5549978
  2.498605e+00   9.187677e-17   1.241898e-03   3.897133e-20   5575146
  2.502910e+00   9.157036e-17   1.242322e-03   3.871097e-20   5596322
  2.507211e+00   9.122564e-17   1.240639e-03   3.857218e-20   5607036
  2.511512e+00   9.087001e-17   1.242217e-03   3.829694e-20   5631314
  2.515818e+00   9.047214e-17   1.244475e-03   3.802321e-20   5661050
  2.520126e+00   9.016967e-17   1.243149e-03   3.788684e-20   5673786
  2.524432e+00   8.988795e-17   1.244130e-03   3.765129e-20   5697374
  2.528738e+00   8.961735e-17   1.241940e-03   3.752534e-20   5708810
  2.533040e+00   8.917438e-17   1.241784e-03   3.727431e-20   5727042
  2.537342e+00   8.879916e-17   1.241725e-03   3.708206e-20   5748458
  2.541649e+00   2.627248e-17   1.244094e-03   2.595779e-20   5778522
  2.545953e+00   5.607162e-19   1.240923e-03   2.385091e-22   5772611
  2.550256e+00   5.324513e-19   1.242948e-03   2.255916e-22   5773088
  2.554562e+00   5.068632e-19   1.243608e-03   2.142877e-22   5766492
  2.558868e+00   4.832789e-19   1.241607e-03   2.040316e-22   5746712
  2.563169e+00   4.628671e-19   1.242178e-03   1.954232e-22   5738888
  2.567472e+00   4.446242e-19   1.241717e-03   1.879515e-22   5727276
  2.571777e+00   4.274177e-19   1.244237e-03   1.802522e-22   5727968
  2.576082e+00   4.119431e-19   1.241561e-03   1.740323e-22   5706164
  2.580384e+00   3.974024e-19   1.241996e-03   1.679267e-22   5696964
  2.584687e+00   3.843220e-19   1.242601e-03   1.625694e-22   5691224
  2.588994e+00   3.724038e-19   1.243467e-03   1.574237e-22   5683428
  2.593295e+00   3.606724e-19   1.240170e-03   1.530579e-22   5658572
  2.597598e+00   3.501278e-19   1.243699e-03   1.482861e-22   5664392
  2.601906e+00   3.403728e-19   1.243219e-03   1.442746e-22   5650404
  2.606210e+00   3.309528e-19   1.241780e-03   1.406084e-22   5633456
  2.610515e+00   3.224537e-19   1.244307e-03   1.368748e-22   5634524
  2.614819e+00   3.141552e-19   1.239992e-03   1.338073e-22   5604324
  2.619119e+00   3.064123e-19   1.242897e-03   1.302834e-22   5605076
  2.623424e+00   2.992339e-19   1.242845e-03   1.273830e-22   5596064
  2.627732e+00   2.917615e-19   1.243912e-03   1.243436e-22   5588460
  2.632037e+00   2.854289e-19   1.241718e-03   1.217982e-22   5567744
  2.636340e+00   2.792987e-19   1.242380e-03   1.192660e-22   5559864
  2.640647e+00   2.736546e-19   1.244149e-03   1.169372e-22   5556716
  2.644952e+00   2.676699e-19   1.241612e-03   1.146659e-22   5532800
  2.649256e+00   2.624861e-19   1.243680e-03   1.123478e-22   5530536
  2.653561e+00   2.571948e-19   1.241739e-03   1.102684e-22   5511644
  2.657862e+00   2.523495e-19   1.242126e-03   1.083805e-22   5500436
  2.662166e+00   2.479332e-19   1.242823e-03   1.064167e-22   5492448
  2.666468e+00   2.430896e-19   1.241638e-03   1.044994e-22   5475248
  2.670773e+00   2.389731e-19   1.243929e-03   1.028179e-22   5475360
  2.675079e+00   2.348047e-19   1.241992e-03   1.011904e-22   5453936
  2.679381e+00   2.310061e-19   1.241882e-03   9.966507e-23   5442836
  2.683687e+00   2.273104e-19   1.243911e-03   9.807673e-23   5438952
  2.687991e+00   2.234014e-19   1.241484e-03   9.655228e-23   5415560
  2.692297e+00   2.199854e-19   1.244838e-03   9.514359e-23   5419112
  2.696604e+00   2.166121e-19   1.242148e-03   9.380520e-23   5394804
  2.700905e+00   2.134754e-19   1.241326e-03   9.253908e-23   5379152
  2.705208e+00   2.103975e-19   1.243277e-03   9.136035e-23   5375024
  2.709512e+00   2.073574e-19   1.241649e-03   9.004019e-23   5357184
  2.713816e+00   2.043543e-19   1.243183e-03   8.887416e-23   5350592
  2.718124e+00   2.015330e-19   1.244354e-03   8.781834e-23   5344632
  2.722428e+00   1.988178e-19   1.240029e-03   8.676871e-23   5312360
  2.726729e+00   1.961486e-19   1.243419e-03   8.571470e-23   5314304
  2.731034e+00   1.937676e-19   1.241470e-03   8.464572e-23   5293560
  2.735336e+00   1.912018e-19   1.242953e-03   8.360559e-23   5286788
  2.739642e+00   1.889087e-19   1.242757e-03   8.277190e-23   5273120
  2.743944e+00   1.866116e-19   1.241867e-03   8.179416e-23   5256096
  2.748250e+00   1.843354e-19   1.243964e-03   8.100251e-23   5253872
  2.752556e+00   1.822876e-19   1.242031e-03   8.016940e-23   5230968
  2.756857e+00   1.801436e-19   1.241736e-03   7.936321e-23   5217980
  2.761163e+00   1.780463e-19   1.243739e-03   7.835093e-23   5213288
  2.765469e+00   1.761802e-19   1.242489e-03   7.783281e-23   5195472
  2.769771e+00   1.741187e-19   1.240687e-03   7.699886e-23   5173796
  2.774075e+00   1.722237e-19   1.244078e-03   7.621870e-23   5175548
  2.778380e+00   1.704775e-19   1.241037e-03   7.566659e-23   5149176
  2.782682e+00   1.687719e-19   1.243380e-03   7.492558e-23   5143736
  2.786990e+00   1.670184e-19   1.243228e-03   7.430581e-23   5131652
  2.791292e+00   1.653923e-19   1.240578e-03   7.376926e-23   5106252
  2.795595e+00   1.638895e-19   1.243965e-03   7.313986e-23   5107544
  2.799902e+00   1.622274e-19   1.242001e-03   7.255710e-23   5085660
  2.804204e+00   1.603470e-19   1.241328e-03   7.180501e-23   5070776
  2.808509e+00   1.589856e-19   1.243153e-03   7.132047e-23   5062328
  2.812813e+00   1.575785e-19   1.242433e-03   7.085341e-23   5045868
  2.817121e+00   1.560282e-19   1.243714e-03   7.025654e-23   5037440
  2.821426e+00   1.550551e-19   1.242064e-03   6.988559e-23   5015132
  2.825726e+00   1.533678e-19   1.240668e-03   6.933606e-23   4995984
  2.830028e+00   1.520189e-19   1.243462e-03   6.870279e-23   4992980
  2.834333e+00   1.508379e-19   1.241884e-03   6.843652e-23   4972832
  2.838637e+00   1.494029e-19   1.243697e-03   6.783361e-23   4964340
  2.842943e+00   1.482377e-19   1.242516e-03   6.747808e-23   4947560
  2.847248e+00   1.469618e-19   1.242606e-03   6.697055e-23   4932360
  2.851552e+00   1.457235e-19   1.242840e-03   6.649261e-23   4919336
  2.855856e+00   1.448209e-19   1.241436e-03   6.629116e-23   4898936
  2.860160e+00   1.435200e-19   1.244078e-03   6.571668e-23   4894080
  2.864464e+00   1.423559e-19   1.241273e-03   6.545474e-23   4868312
  2.868766e+00   1.411902e-19   1.243024e-03   6.504270e-23   4860512
  2.873074e+00   1.402065e-19   1.244063e-03   6.461117e-23   4850652
  2.877378e+00   1.392872e-19   1.241215e-03   6.436482e-23   4823180
  2.881678e+00   1.379428e-19   1.241868e-03   6.392014e-23   4813092
  2.885983e+00   1.370145e-19   1.243357e-03   6.359925e-23   4803176
  2.890289e+00   1.361662e-19   1.242286e-03   6.330061e-23   4784612
  2.894591e+00   1.351809e-19   1.241218e-03   6.311864e-23   4764660
  2.898896e+00   1.342314e-19   1.244352e-03   6.272983e-23   4761752
  2.903203e+00   1.333711e-19   1.242254e-03   6.253147e-23   4737608
  2.907508e+00   1.323388e-19   1.243782e-03   6.212698e-23   4727544
  2.911813e+00   1.315783e-19   1.242011e-03   6.194641e-23   4706456
  2.916113e+00   1.306339e-19   1.241184e-03   6.166456e-23   4686092
  2.920414e+00   1.297346e-19   1.242474e-03   6.131577e-23   4677204
  2.924720e+00   1.288278e-19   1.243608e-03   6.106001e-23   4665956
  2.929027e+00   1.280437e-19   1.242491e-03   6.077849e-23   4646892
  2.933334e+00   1.272064e-19   1.243986e-03   6.044945e-23   4635308
  2.937638e+00   1.264288e-19   1.241156e-03   6.033310e-23   4610300
  2.941944e+00   1.256532e-19   1.244623e-03   6.002589e-23   4606236
  2.946248e+00   1.248590e-19   1.240809e-03   5.987366e-23   4575296
  2.950547e+00   1.240620e-19   1.241402e-03   5.965841e-23   4562624
  2.954849e+00   1.231210e-19   1.243009e-03   5.931675e-23   4552332
  2.959157e+00   1.226081e-19   1.243801e-03   5.918094e-23   4539152
  2.963460e+00   1.219160e-19   1.241288e-03   5.905240e-23   4513424
  2.967766e+00   1.211386e-19   1.243923e-03   5.886360e-23   4509456
  2.972070e+00   1.202723e-19   1.240552e-03   5.864238e-23   4479056
  2.976372e+00   1.196703e-19   1.243062e-03   5.843670e-23   4472616
  2.980678e+00   1.189694e-19   1.242201e-03   5.827130e-23   4452764
  2.984982e+00   1.183596e-19   1.242383e-03   5.807291e-23   4436276
  2.989287e+00   1.177697e-19   1.243020e-03   5.803031e-23   4421316
  2.993591e+00   1.168852e-19   1.242713e-03   5.766210e-23   4403552
  2.997897e+00   1.162485e-19   1.243125e-03   5.752963e-23   4388756
  3.002197e+00   1.156656e-19   1.239910e-03   5.745856e-23   4359612
  3.006501e+00   1.152059e-19   1.245189e-03   5.736543e-23   4363436
  3.010810e+00   1.144868e-19   1.241668e-03   5.718811e-23   4333152
  3.015112e+00   1.139114e-19   1.242322e-03   5.700464e-23   4319360
  3.019416e+00   1.131315e-19   1.241879e-03   5.681437e-23   4300196
  3.023718e+00   1.125900e-19   1.242009e-03   5.665224e-23   4283916
  3.028025e+00   1.120554e-19   1.243758e-03   5.655859e-23   4271612
  3.032329e+00   1.114815e-19   1.241888e-03   5.648715e-23   4247696
  3.036635e+00   1.108242e-19   1.244212e-03   5.635874e-23   4238484
  3.040938e+00   1.101571e-19   1.240927e-03   5.623146e-23   4208828
  3.045242e+00   1.098460e-19   1.244059e-03   5.608791e-23   4203992
  3.049546e+00   1.091480e-19   1.240882e-03   5.603024e-23   4175220
  3.053849e+00   1.086407e-19   1.243290e-03   5.586959e-23   4166720
  3.058155e+00   1.082184e-19   1.242345e-03   5.589526e-23   4145580
  3.062459e+00   1.074851e-19   1.242017e-03   5.562212e-23   4127948
  3.066765e+00   1.068850e-19   1.243251e-03   5.548416e-23   4112072
  3.071067e+00   1.064024e-19   1.241091e-03   5.543345e-23   4087332
  3.075369e+00   1.060456e-19   1.242294e-03   5.539025e-23   4073768
  3.079675e+00   1.054661e-19   1.244587e-03   5.525413e-23   4062104
  3.083981e+00   1.047630e-19   1.241704e-03   5.516918e-23   4034832
  3.088281e+00   1.043750e-19   1.241759e-03   5.515597e-23   4017152
  3.092588e+00   1.041034e-19   1.244393e-03   5.512540e-23   4008900
  3.096894e+00   1.034427e-19   1.241775e-03   5.503550e-23   3980792
  3.101197e+00   1.030593e-19   1.242095e-03   5.501127e-23   3966116
  3.105500e+00   1.024559e-19   1.241485e-03   5.486458e-23   3944292
  3.109802e+00   1.018261e-19   1.242384e-03   5.476657e-23   3928160
  3.114109e+00   1.014779e-19   1.244307e-03   5.469489e-23   3915392
  3.118416e+00   1.009875e-19   1.242839e-03   5.457843e-23   3892236
  3.122720e+00   1.006170e-19   1.242208e-03   5.457539e-23   3871208
  3.127025e+00   1.000850e-19   1.244417e-03   5.450364e-23   3858440
  3.131329e+00   9.967478e-20   1.240522e-03   5.462051e-23   3829476
  3.135627e+00   9.920031e-20   1.241321e-03   5.453860e-23   3812588
  3.139934e+00   9.879678e-20   1.244665e-03   5.425995e-23   3805824
  3.144241e+00   9.838588e-20   1.241244e-03   5.438979e-23   3775436
  3.148541e+00   9.778138e-20   1.241237e-03   5.430394e-23   3756728
  3.152845e+00   9.743196e-20   1.243512e-03   5.422041e-23   3743028
  3.157153e+00   9.699358e-20   1.244378e-03   5.418967e-23   3726488
  3.161460e+00   9.655097e-20   1.241902e-03   5.420686e-23   3700136
  3.165761e+00   9.604319e-20   1.242473e-03   5.412798e-23   3681744
  3.170065e+00   9.572395e-20   1.242646e-03   5.419008e-23   3663284
  3.174368e+00   9.528007e-20   1.242677e-03   5.424432e-23   3643820
  3.178675e+00   9.501570e-20   1.243305e-03   5.420935e-23   3627924
  3.182978e+00   9.446024e-20   1.241024e-03   5.416586e-23   3600248
  3.187282e+00   9.411953e-20   1.243610e-03   5.417941e-23   3589620
  3.191588e+00   9.350033e-20   1.241801e-03   5.415074e-23   3564152
  3.195892e+00   9.328376e-20   1.243025e-03   5.410540e-23   3548468
  3.200196e+00   9.275332e-20   1.241427e-03   5.406197e-23   3522804
  3.204500e+00   9.248761e-20   1.244268e-03   5.408804e-23   3510932
  3.208805e+00   9.197989e-20   1.240843e-03   5.405448e-23   3481400
  3.213105e+00   9.170492e-20   1.242400e-03   5.417317e-23   3464628
  3.217411e+00   9.134191e-20   1.243665e-03   5.416495e-23   3449732
  3.221713e+00   9.088439e-20   1.240414e-03   5.418430e-23   3419952
  3.226019e+00   9.043050e-20   1.244993e-03   5.405744e-23   3413852
  3.230325e+00   8.995112e-20   1.240922e-03   5.411958e-23   3381152
  3.234629e+00   8.974881e-20   1.243752e-03   5.415180e-23   3369888
  3.238934e+00   8.930543e-20   1.240725e-03   5.418744e-23   3340064
  3.243237e+00   8.897334e-20   1.243952e-03   5.418336e-23   3327980
  3.247544e+00   8.862251e-20   1.242354e-03   5.429610e-23   3302832
  3.251843e+00   8.814075e-20   1.240684e-03   5.420219e-23   3277616
  3.256148e+00   8.795343e-20   1.244322e-03   5.436594e-23   3267200
  3.260452e+00   8.737775e-20   1.241364e-03   5.433359e-23   3237636
  3.264754e+00   8.739455e-20   1.242345e-03   5.466097e-23   3221264
  3.269058e+00   8.660860e-20   1.242349e-03   5.441368e-23   3199116
  3.273365e+00   8.648304e-20   1.244259e-03   5.448461e-23   3184436
  3.277671e+00   8.587702e-20   1.241169e-03   5.438895e-23   3154580
  3.281974e+00   8.564258e-20   1.242759e-03   5.460975e-23   3138000
  3.286281e+00   8.539271e-20   1.243748e-03   5.463080e-23   3118340
  3.290585e+00   8.492704e-20   1.241841e-03   5.474560e-23   3092060
  3.294889e+00   8.457289e-20   1.243192e-03   5.469858e-23   3074844
  3.299189e+00   8.417624e-20   1.239988e-03   5.485880e-23   3044768
  3.303493e+00   8.399079e-20   1.245247e-03   5.474525e-23   3037296
  3.307798e+00   8.353468e-20   1.240368e-03   5.502432e-23   3003116
  3.312102e+00   8.320104e-20   1.244289e-03   5.497589e-23   2993168
  3.316409e+00   8.275629e-20   1.241010e-03   5.524004e-23   2962152
  3.320713e+00   8.252690e-20   1.244257e-03   5.511457e-23   2948960
  3.325017e+00   8.208646e-20   1.239985e-03   5.532545e-23   2916236
  3.329318e+00   8.174755e-20   1.243794e-03   5.535031e-23   2903352
  3.333624e+00   8.145286e-20   1.241996e-03   5.546085e-23   2876984
  3.337928e+00   8.088881e-20   1.244325e-03   5.540124e-23   2859644
  3.342233e+00   8.081937e-20   1.240955e-03   5.572542e-23   2830968
  3.346531e+00   8.025216e-20   1.241525e-03   5.553985e-23   2809772
  3.350838e+00   7.993861e-20   1.244479e-03   5.570066e-23   2796168
  3.355144e+00   7.958528e-20   1.240936e-03   5.578409e-23   2764736
  3.359447e+00   7.931282e-20   1.243314e-03   5.581750e-23   2748920
  3.363755e+00   7.880667e-20   1.242998e-03   5.593633e-23   2724024
  3.368060e+00   7.843307e-20   1.243223e-03   5.601992e-23   2702672
  3.372364e+00   7.802843e-20   1.241481e-03   5.614274e-23   2676332
  3.376665e+00   7.777302e-20   1.242163e-03   5.632523e-23   2655000
  3.380969e+00   7.729303e-20   1.242921e-03   5.625565e-23   2633972
  3.385272e+00   7.709100e-20   1.242564e-03   5.647026e-23   2610308
  3.389578e+00   7.672230e-20   1.243282e-03   5.642331e-23   2590392
  3.393879e+00   7.607999e-20   1.240186e-03   5.663143e-23   2559740
  3.398182e+00   7.598967e-20   1.243647e-03   5.688487e-23   2546100
  3.402488e+00   7.536387e-20   1.241802e-03   5.674713e-23   2518124
  3.406795e+00   7.519173e-20   1.244744e-03   5.697768e-23   2501540
  3.411103e+00   7.475204e-20   1.242194e-03   5.708425e-23   2472552
  3.415406e+00   7.437334e-20   1.242386e-03   5.720469e-23   2450012
  3.419712e+00   7.403969e-20   1.243549e-03   5.729513e-23   2428424
  3.424013e+00   7.348595e-20   1.241309e-03   5.744248e-23   2400384
  3.428317e+00   7.313352e-20   1.243494e-03   5.746795e-23   2382476
  3.432618e+00   7.270751e-20   1.240428e-03   5.751826e-23   2352792
  3.436925e+00   7.238050e-20   1.245326e-03   5.774430e-23   2340368
  3.441231e+00   7.186049e-20   1.239993e-03   5.776419e-23   2304980
  3.445532e+00   7.172508e-20   1.243085e-03   5.793732e-23   2289036
  3.449841e+00   7.105907e-20   1.243034e-03   5.812321e-23   2263832
  3.454145e+00   7.068539e-20   1.242763e-03   5.809693e-23   2239208
  3.458450e+00   7.025770e-20   1.242726e-03   5.841474e-23   2215152
  3.462749e+00   6.980569e-20   1.240565e-03   5.846998e-23   2187152
  3.467053e+00   6.946939e-20   1.244236e-03   5.852537e-23   2170232
  3.471357e+00   6.898851e-20   1.242100e-03   5.855202e-23   2142312
  3.475661e+00   6.860562e-20   1.241606e-03   5.879435e-23   2118980
  3.479960e+00   6.781150e-20   1.240321e-03   5.859966e-23   2091624
  3.484267e+00   6.760213e-20   1.245487e-03   5.885868e-23   2077196
  3.488576e+00   6.703521e-20   1.241536e-03   5.887208e-23   2044952
  3.492883e+00   6.664435e-20   1.245301e-03   5.890879e-23   2027928
  3.497190e+00   6.586204e-20   1.240704e-03   5.879052e-23   1994132
  3.501488e+00   6.556259e-20   1.242635e-03   5.896268e-23   1973588
  3.505796e+00   6.514510e-20   1.243403e-03   5.914836e-23   1950396
  3.510095e+00   6.434150e-20   1.240319e-03   5.904985e-23   1920152
  3.514400e+00   6.406295e-20   1.244999e-03   5.922956e-23   1903820
  3.518702e+00   6.307776e-20   1.239970e-03   5.899235e-23   1870656
  3.523008e+00   6.289758e-20   1.244485e-03   5.911719e-23   1855376
  3.527315e+00   6.180402e-20   1.240711e-03   5.867611e-23   1822620
  3.531616e+00   6.175920e-20   1.242837e-03   5.936293e-23   1802144
  3.535923e+00   6.091250e-20   1.241943e-03   5.894900e-23   1774628
  3.540221e+00   6.039382e-20   1.240835e-03   5.935258e-23   1747644
  3.544531e+00   5.991371e-20   1.247305e-03   5.919972e-23   1731584
  3.548836e+00   5.882795e-20   1.240250e-03   5.826002e-23   1696172
  3.553137e+00   5.842846e-20   1.242765e-03   5.853549e-23   1675524
  3.557437e+00   5.747052e-20   1.240925e-03   5.800274e-23   1646456
  3.561743e+00   5.694057e-20   1.245203e-03   5.797542e-23   1628736
  3.566046e+00   5.587402e-20   1.237706e-03   5.740663e-23   1593140
  3.570350e+00   5.529044e-20   1.246327e-03   5.723926e-23   1578920
  3.574661e+00   5.429315e-20   1.241687e-03   5.671306e-23   1546632
  3.578964e+00   5.362700e-20   1.243285e-03   5.640537e-23   1522928
  3.583268e+00   5.258914e-20   1.241311e-03   5.560471e-23   1494800
  3.587571e+00   5.173891e-20   1.243705e-03   5.498071e-23   1470876
  3.591878e+00   5.089847e-20   1.244769e-03   5.433414e-23   1446500
  3.596180e+00   4.968057e-20   1.240370e-03   5.313515e-23   1415720
  3.600477e+00   4.883297e-20   1.240840e-03   5.248280e-23   1391211
  3.604783e+00   4.791992e-20   1.245361e-03   5.147376e-23   1373078
  3.609093e+00   4.706863e-20   1.241619e-03   5.081274e-23   1347030
  3.613396e+00   4.623147e-20   1.241322e-03   5.010424e-23   1324700
  3.617702e+00   4.556751e-20   1.243596e-03   4.943620e-23   1305542
  3.622010e+00   4.501543e-20   1.243032e-03   4.928288e-23   1284432
  3.626313e+00   4.420781e-20   1.240880e-03   4.855954e-23   1261994
  3.630613e+00   4.362608e-20   1.241748e-03   4.817460e-23   1242332
  3.634916e+00   4.305981e-20   1.244739e-03   4.759565e-23   1225572
  3.639217e+00   4.230198e-20   1.240732e-03   4.700103e-23   1203506
  3.643520e+00   4.186758e-20   1.243587e-03   4.681571e-23   1188198
  3.647830e+00   4.119908e-20   1.245105e-03   4.624529e-23   1171646
  3.652136e+00   4.061031e-20   1.239822e-03   4.591976e-23   1149512
  3.656436e+00   3.987338e-20   1.240770e-03   4.523563e-23   1133088
  3.660744e+00   3.963441e-20   1.244965e-03   4.502623e-23   1119200
  3.665052e+00   3.888430e-20   1.241761e-03   4.441272e-23   1098872
  3.669355e+00   3.834876e-20   1.243163e-03   4.401727e-23   1083144
  3.673658e+00   3.788398e-20   1.242054e-03   4.375423e-23   1065242
  3.677962e+00   3.743530e-20   1.245400e-03   4.334027e-23   1051610
  3.682265e+00   3.697904e-20   1.240814e-03   4.308825e-23   1032528
  3.686564e+00   3.640121e-20   1.240659e-03   4.251370e-23   1017506
  3.690871e+00   3.586889e-20   1.244885e-03   4.219470e-23   1005522
  3.695180e+00   3.551529e-20   1.241691e-03   4.200771e-23   987932
  3.699486e+00   3.498039e-20   1.242027e-03   4.158359e-23   973430
  3.703788e+00   3.460511e-20   1.240205e-03   4.146482e-23   956610
  3.708091e+00   3.419469e-20   1.243901e-03   4.112196e-23   944276
  3.712398e+00   3.369757e-20   1.242909e-03   4.090209e-23   929042
  3.716697e+00   3.325297e-20   1.239641e-03   4.027250e-23   912228
  3.720996e+00   3.279708e-20   1.244034e-03   3.992516e-23   900938
  3.725301e+00   3.238335e-20   1.244350e-03   3.962282e-23   887300
  3.729607e+00   3.203417e-20   1.242828e-03   3.952459e-23   873444
  3.733912e+00   3.160639e-20   1.241094e-03   3.925781e-23   859124
  3.738218e+00   3.127248e-20   1.243449e-03   3.897063e-23   847356
  3.742526e+00   3.075131e-20   1.241707e-03   3.855803e-23   833444
  3.746828e+00   3.036849e-20   1.239215e-03   3.831533e-23   818612
  3.751135e+00   3.014295e-20   1.246212e-03   3.815192e-23   809412
  3.755442e+00   2.968358e-20   1.241851e-03   3.795308e-23   793556
  3.759742e+00   2.923272e-20   1.242070e-03   3.752289e-23   781148
  3.764044e+00   2.895892e-20   1.244335e-03   3.728091e-23   769734
  3.768345e+00   2.867489e-20   1.241711e-03   3.741869e-23   756140
  3.772646e+00   2.819549e-20   1.242027e-03   3.678643e-23   745368
  3.776949e+00   2.781841e-20   1.239919e-03   3.661056e-23   732638
  3.781256e+00   2.755300e-20   1.244328e-03   3.650428e-23   723380
  3.785567e+00   2.713762e-20   1.242097e-03   3.614723e-23   710454
  3.789871e+00   2.683315e-20   1.240149e-03   3.592280e-23   697484
  3.794175e+00   2.666318e-20   1.244634e-03   3.595857e-23   687950
  3.798481e+00   2.616939e-20   1.243251e-03   3.562639e-23   675588
  3.802784e+00   2.594118e-20   1.243527e-03   3.541482e-23   664526
  3.807086e+00   2.554822e-20   1.243057e-03   3.517235e-23   653222
  3.811382e+00   2.520773e-20   1.239869e-03   3.484202e-23   641076
  3.815684e+00   2.499651e-20   1.244690e-03   3.489526e-23   633446
  3.819995e+00   2.468059e-20   1.242906e-03   3.466738e-23   622350
  3.824304e+00   2.437780e-20   1.242336e-03   3.417784e-23   611732
  3.828612e+00   2.405874e-20   1.242604e-03   3.388153e-23   601406
  3.832919e+00   2.371008e-20   1.242414e-03   3.388190e-23   590838
  3.837224e+00   2.353428e-20   1.242464e-03   3.389357e-23   580430
  3.841526e+00   2.318063e-20   1.242047e-03   3.356360e-23   569894
  3.845827e+00   2.295685e-20   1.243789e-03   3.350307e-23   560526
  3.850127e+00   2.260713e-20   1.242442e-03   3.332421e-23   550100
  3.854428e+00   2.246376e-20   1.243944e-03   3.345843e-23   541510
  3.858733e+00   2.221682e-20   1.242256e-03   3.312613e-23   531958
  3.863041e+00   2.185673e-20   1.242909e-03   3.279843e-23   523334
  3.867350e+00   2.167708e-20   1.240489e-03   3.290245e-23   513174
  3.871652e+00   2.141916e-20   1.239859e-03   3.260001e-23   503510
  3.875957e+00   2.105470e-20   1.243746e-03   3.232766e-23   495494
  3.880262e+00   2.086709e-20   1.242479e-03   3.253813e-23   485520
  3.884567e+00   2.062653e-20   1.246505e-03   3.218501e-23   477866
  3.888872e+00   2.032688e-20   1.243343e-03   3.197478e-23   467774
  3.893171e+00   2.014147e-20   1.242926e-03   3.188298e-23   459126
  3.897469e+00   1.985290e-20   1.241387e-03   3.181285e-23   450590
  3.901772e+00   1.965385e-20   1.241781e-03   3.169901e-23   443046
  3.906080e+00   1.945017e-20   1.240971e-03   3.142083e-23   434774
  3.910389e+00   1.923356e-20   1.242062e-03   3.131085e-23   426800
  3.914700e+00   1.900950e-20   1.243098e-03   3.151682e-23   418710
  3.919008e+00   1.884632e-20   1.242350e-03   3.136624e-23   410078
  3.923310e+00   1.863242e-20   1.241277e-03   3.118414e-23   401462
  3.927610e+00   1.836249e-20   1.243155e-03   3.089014e-23   393966
  3.931907e+00   1.812317e-20   1.241583e-03   3.092922e-23   385592
  3.936202e+00   1.791269e-20   1.241950e-03   3.088502e-23   378134
  3.940499e+00   1.779092e-20   1.240966e-03   3.082352e-23   370758
  3.944808e+00   1.747054e-20   1.245390e-03   3.046198e-23   365240
  3.949127e+00   1.731817e-20   1.242830e-03   3.045491e-23   357438
  3.953436e+00   1.709248e-20   1.238686e-03   3.051216e-23   348950
  3.957741e+00   1.693546e-20   1.241424e-03   3.033841e-23   342248
  3.962044e+00   1.674579e-20   1.240320e-03   3.056168e-23   334422
  3.966343e+00   1.660245e-20   1.242324e-03   3.040620e-23   327488
  3.970648e+00   1.633021e-20   1.247427e-03   3.002423e-23   321542
  3.974949e+00   1.613140e-20   1.241889e-03   3.043573e-23   313158
  3.979242e+00   1.606671e-20   1.243167e-03   3.040929e-23   306944
  3.983542e+00   1.584897e-20   1.242299e-03   3.010321e-23   300678
  3.987849e+00   1.567375e-20   1.242031e-03   3.007108e-23   294680
  3.992164e+00   1.548115e-20   1.243020e-03   2.987266e-23   288662
  3.996476e+00   1.533162e-20   1.239477e-03   3.026237e-23   281352
  4.000782e+00   1.520307e-20   1.241700e-03   3.026040e-23   275198
  4.005085e+00   1.488422e-20   1.241837e-03   2.986978e-23   268520
  4.009384e+00   1.487715e-20   1.243281e-03   3.018103e-23   262254
  4.013685e+00   1.461569e-20   1.246683e-03   2.994512e-23   256616
  4.017984e+00   1.455755e-20   1.244294e-03   3.001031e-23   250070
  4.022278e+00   1.438609e-20   1.243069e-03   3.016763e-23   244200
  4.026577e+00   1.413138e-20   1.242777e-03   2.995285e-23   238982
  4.030889e+00   1.402349e-20   1.243897e-03   2.986088e-23   234024
  4.035205e+00   1.389011e-20   1.240889e-03   3.002198e-23   227942
  4.039517e+00   1.376735e-20   1.241489e-03   3.007716e-23   222320
  4.043831e+00   1.353718e-20   1.244754e-03   2.981870e-23   217056
  4.048137e+00   1.350946e-20   1.241548e-03   3.024958e-23   210638
  4.052434e+00   1.330788e-20   1.244778e-03   3.030868e-23   205424
  4.056732e+00   1.323481e-20   1.247037e-03   3.028129e-23   200262
  4.061029e+00   1.309462e-20   1.245830e-03   3.034990e-23   194864
  4.065315e+00   1.293828e-20   1.239179e-03   3.051570e-23   189128
  4.069612e+00   1.270124e-20   1.244716e-03   3.017430e-23   185670
  4.073932e+00   1.273452e-20   1.243382e-03   3.057325e-23   181040
  4.078254e+00   1.251158e-20   1.241054e-03   3.061937e-23   175944
  4.082570e+00   1.248777e-20   1.239918e-03   3.078101e-23   170798
  4.086878e+00   1.227732e-20   1.241154e-03   3.072357e-23   165848
  4.091176e+00   1.213339e-20   1.240293e-03   3.097423e-23   160632
  4.095472e+00   1.200918e-20   1.247049e-03   3.084023e-23   156536
  4.099769e+00   1.187403e-20   1.245543e-03   3.113133e-23   151622
  4.104059e+00   1.182001e-20   1.244926e-03   3.122208e-23   147168
  4.108341e+00   1.171847e-20   1.237458e-03   3.174576e-23   142472
  4.112638e+00   1.156561e-20   1.241585e-03   3.126215e-23   139446
  4.116967e+00   1.149298e-20   1.243547e-03   3.159665e-23   135872
  4.121292e+00   1.128830e-20   1.235215e-03   3.186111e-23   130904
  4.125611e+00   1.123284e-20   1.240243e-03   3.170316e-23   127152
  4.129922e+00   1.117702e-20   1.235853e-03   3.254090e-23   122318
  4.134222e+00   1.107530e-20   1.243448e-03   3.267758e-23   118664
  4.138523e+00   1.101258e-20   1.245585e-03   3.303982e-23   114600
  4.142820e+00   1.083116e-20   1.248546e-03   3.277763e-23   110840
  4.147105e+00   1.078534e-20   1.241265e-03   3.335865e-23   106544
  4.151380e+00   1.070289e-20   1.236592e-03   3.371043e-23   103062
  4.155685e+00   1.062804e-20   1.242674e-03   3.384106e-23   100664
  4.160015e+00   1.045654e-20   1.237273e-03   3.381207e-23   97056
  4.164349e+00   1.040918e-20   1.240197e-03   3.431135e-23   93800
  4.168677e+00   1.037329e-20   1.237323e-03   3.496902e-23   89912
  4.172991e+00   1.029285e-20   1.242531e-03   3.518772e-23   86478
  4.177295e+00   1.012334e-20   1.246729e-03   3.542348e-23   82964
  4.181582e+00   1.017536e-20   1.249042e-03   3.604824e-23   79448
  4.185858e+00   1.002329e-20   1.252933e-03   3.613873e-23   76320
  4.190116e+00   9.864342e-21   1.242366e-03   3.667628e-23   72824
  4.194375e+00   9.902406e-21   1.239447e-03   3.723688e-23   70440
  4.198690e+00   9.883588e-21   1.247436e-03   3.786159e-23   68672
  4.203037e+00   9.751569e-21   1.238201e-03   3.828647e-23   65630
  4.207369e+00   9.604901e-21   1.230180e-03   3.876125e-23   62472
  4.211693e+00   9.679316e-21   1.236482e-03   3.986677e-23   59840
  4.216013e+00   9.552418e-21   1.239900e-03   3.968146e-23   56984
  4.220325e+00   9.440746e-21   1.248234e-03   4.073398e-23   54360
  4.224618e+00   9.339436e-21   1.245928e-03   4.128822e-23   51392
  4.228885e+00   9.462913e-21   1.246936e-03   4.285411e-23   48848
  4.233144e+00   9.346794e-21   1.240032e-03   4.305815e-23   46440
  4.237410e+00   9.242908e-21   1.226870e-03   4.370677e-23   44336
  4.241742e+00   9.135271e-21   1.238986e-03   4.375569e-23   43032
  4.246127e+00   9.116344e-21   1.236472e-03   4.532402e-23   40832
  4.250502e+00   9.018093e-21   1.230469e-03   4.596864e-23   38336
  4.254838e+00   9.012914e-21   1.229795e-03   4.746873e-23   35814
  4.259129e+00   8.940586e-21   1.239924e-03   4.833916e-23   33464
  4.263395e+00   8.877727e-21   1.262873e-03   4.996216e-23   31520
  4.267642e+00   8.893883e-21   1.270522e-03   5.202454e-23   29424
  4.271853e+00   8.853781e-21   1.262765e-03   5.392962e-23   27440
  4.276024e+00   8.915222e-21   1.218899e-03   5.546739e-23   25496
  4.280255e+00   8.822768e-21   1.205127e-03   5.518428e-23   24672
  4.284640e+00   8.798833e-21   1.217339e-03   5.708405e-23   23744
  4.289085e+00   8.728292e-21   1.205355e-03   5.961052e-23   22008
  4.293515e+00   8.738768e-21   1.193033e-03   6.163631e-23   20240
  4.297933e+00   8.744980e-21   1.201211e-03   6.432358e-23   18704
  4.302335e+00   8.637292e-21   1.207590e-03   6.676400e-23   17040
  4.306698e+00   8.754747e-21   1.237844e-03   7.013418e-23   15536
  4.310981e+00   8.477874e-21   1.263330e-03   7.283205e-23   13760
  4.315054e+00   8.486651e-21   1.277957e-03   7.758794e-23   11892
  4.318898e+00   8.658512e-21   1.184342e-03   8.498030e-23   10592
  4.322977e+00   8.429743e-21   1.146856e-03   8.381526e-23   10704
  4.327389e+00   8.430976e-21   1.159956e-03   8.286793e-23   10088
  4.331880e+00   8.795459e-21   1.152852e-03   9.471654e-23   8984
  4.336374e+00   8.517644e-21   1.146967e-03   9.672717e-23   7944
  4.340870e+00   8.651268e-21   1.142164e-03   1.014434e-22   6968
  4.345367e+00   8.606713e-21   1.138312e-03   1.105206e-22   6056
  4.349865e+00   8.388037e-21   1.134426e-03   1.165276e-22   5202
  4.354354e+00   8.409421e-21   1.133085e-03   1.258702e-22   4400
  4.358759e+00   8.507012e-21   1.134889e-03   1.397025e-22   3512
  4.362387e+00   8.513532e-21   1.039628e-03   1.797111e-22   2112
  4.365765e+00   8.659487e-21   1.117844e-03   1.745318e-22   2456
  4.370136e+00   8.746239e-21   1.128521e-03   1.841257e-22   2184
  4.374643e+00   8.601888e-21   1.127793e-03   2.130401e-22   1688
  4.379149e+00   8.378639e-21   1.126990e-03   2.328153e-22   1256
  4.383653e+00   8.357496e-21   1.125798e-03   2.737060e-22   888
  4.388152e+00   8.490380e-21   1.123588e-03   3.893959e-22   584
  4.392638e+00   9.282182e-21   1.118773e-03   5.053990e-22   344
  4.397094e+00   8.839405e-21   1.106017e-03   5.757165e-22   168
  4.401463e+00   7.809834e-21   1.058147e-03   9.309588e-22   56
  4.405266e+00   1.819223e-20   0.000000e+00   7.256460e-21   6
