# power spectrum of zeta (dimensionless)
# redshift z=0.995972
# k              Pk             sigma(k)       sigma(Pk)      count
  1.256637e-01   4.927426e-15   0.000000e+00   1.157898e-15   6
  1.777153e-01   2.451968e-15   0.000000e+00   6.579995e-16   12
  2.176559e-01   3.860460e-15   2.384186e-09   9.974415e-16   8
  2.513274e-01   3.233516e-14   0.000000e+00   8.557927e-15   6
  2.809926e-01   1.681731e-14   4.495664e-09   4.645308e-15   24
  3.078120e-01   1.817714e-14   4.495664e-09   3.182628e-15   24
  3.554306e-01   1.967525e-14   0.000000e+00   5.392021e-15   12
  3.769911e-01   2.330360e-14   5.086263e-09   4.442793e-15   30
  3.973835e-01   2.556416e-14   0.000000e+00   5.516546e-15   24
  4.167794e-01   1.374513e-14   7.786718e-09   3.262700e-15   24
  4.353118e-01   2.597192e-14   4.768372e-09   2.180522e-15   8
  4.530869e-01   2.218022e-14   6.357829e-09   3.874848e-15   24
  4.701905e-01   2.525734e-14   0.000000e+00   3.565577e-15   48
  5.026548e-01   8.187961e-15   0.000000e+00   2.517579e-15   6
  5.181247e-01   1.736978e-14   6.357829e-09   2.033404e-15   48
  5.331460e-01   1.857369e-14   5.994218e-09   3.460533e-15   36
  5.477554e-01   2.226390e-14   6.357829e-09   5.631523e-15   24
  5.619852e-01   1.957012e-14   8.991328e-09   3.588720e-15   24
  5.758634e-01   2.084313e-14   0.000000e+00   3.095231e-15   48
  5.894150e-01   1.407678e-14   8.991328e-09   2.089767e-15   24
  6.156239e-01   2.628706e-14   8.991328e-09   4.327055e-15   24
  6.283185e-01   1.306585e-14   0.000000e+00   2.261806e-15   30
  6.407617e-01   1.527145e-14   0.000000e+00   1.962751e-15   72
  6.529678e-01   1.635548e-14   9.536743e-09   3.427584e-15   32
  6.767198e-01   1.763089e-14   0.000000e+00   1.987096e-15   72
  6.882885e-01   1.513120e-14   0.000000e+00   2.325093e-15   48
  7.108613e-01   4.693596e-15   0.000000e+00   8.804895e-16   12
  7.218830e-01   1.273717e-14   0.000000e+00   1.765069e-15   48
  7.327390e-01   1.137903e-14   0.000000e+00   1.666649e-15   48
  7.434365e-01   9.138788e-15   8.991328e-09   1.014863e-15   48
  7.539822e-01   1.690839e-14   1.017253e-08   3.606742e-15   30
  7.643825e-01   1.531818e-14   0.000000e+00   1.219089e-15   24
  7.746431e-01   1.833256e-14   1.895538e-08   1.855090e-15   72
  7.947671e-01   1.384036e-14   0.000000e+00   2.475367e-15   24
  8.046403e-01   1.315398e-14   0.000000e+00   1.455578e-15   96
  8.143939e-01   1.095204e-14   0.000000e+00   1.620678e-15   48
  8.240320e-01   1.204707e-14   1.557344e-08   2.036814e-15   24
  8.335587e-01   6.213614e-15   1.557344e-08   1.130066e-15   24
  8.429778e-01   1.216979e-14   0.000000e+00   1.433506e-15   72
  8.522927e-01   1.338767e-14   0.000000e+00   1.696909e-15   48
  8.706237e-01   1.267750e-14   9.536743e-09   2.247323e-15   8
  8.796459e-01   1.362458e-14   1.130281e-08   1.532509e-15   54
  8.885766e-01   1.204944e-14   0.000000e+00   1.316534e-15   84
  8.974184e-01   1.494074e-14   0.000000e+00   2.500658e-15   48
  9.061739e-01   1.508322e-14   1.271566e-08   2.815523e-15   24
  9.148456e-01   8.696046e-15   1.695421e-08   8.915808e-16   72
  9.234359e-01   1.176635e-14   0.000000e+00   1.270203e-15   96
  9.403811e-01   1.800786e-14   0.000000e+00   2.468918e-15   48
  9.487402e-01   9.901838e-15   0.000000e+00   1.307489e-15   48
  9.570263e-01   6.741730e-15   0.000000e+00   1.147699e-15   24
  9.652412e-01   8.199628e-15   0.000000e+00   7.140050e-16   72
  9.814649e-01   1.157848e-14   0.000000e+00   1.189503e-15   72
  9.894770e-01   1.053090e-14   0.000000e+00   9.966498e-16   96
  1.005310e+00   5.756332e-15   0.000000e+00   1.973181e-15   6
  1.013133e+00   9.306204e-15   0.000000e+00   8.295794e-16   96
  1.020897e+00   1.113303e-14   1.271566e-08   1.217365e-15   96
  1.028602e+00   8.990478e-15   0.000000e+00   2.339794e-15   24
  1.036249e+00   7.504973e-15   1.271566e-08   8.765194e-16   48
  1.043841e+00   8.951861e-15   0.000000e+00   8.956299e-16   96
  1.051378e+00   1.202159e-14   0.000000e+00   1.642768e-15   48
  1.066292e+00   9.657851e-15   1.198844e-08   1.550512e-15   36
  1.073671e+00   1.029749e-14   2.202416e-08   1.335992e-15   48
  1.081000e+00   7.400423e-15   2.491750e-08   7.136974e-16   120
  1.088280e+00   7.173669e-15   0.000000e+00   9.046331e-16   56
  1.095511e+00   6.046231e-15   1.271566e-08   1.267660e-15   24
  1.102695e+00   9.666252e-15   0.000000e+00   1.170963e-15   96
  1.109832e+00   7.239607e-15   0.000000e+00   9.957283e-16   48
  1.123970e+00   7.919354e-15   1.798266e-08   1.720141e-15   24
  1.130973e+00   9.692880e-15   0.000000e+00   1.029743e-15   102
  1.137933e+00   9.884531e-15   1.271566e-08   1.549800e-15   48
  1.144851e+00   7.546247e-15   0.000000e+00   7.319034e-16   72
  1.151727e+00   1.265782e-14   0.000000e+00   1.723559e-15   48
  1.158562e+00   7.093173e-15   0.000000e+00   8.876586e-16   48
  1.165357e+00   8.898834e-15   2.877225e-08   8.352676e-16   120
  1.178830e+00   9.260779e-15   1.798266e-08   1.975325e-15   24
  1.185509e+00   5.884178e-15   1.695421e-08   4.874839e-16   144
  1.192151e+00   7.545672e-15   2.034505e-08   6.757031e-16   120
  1.198755e+00   9.088322e-15   1.798266e-08   1.217220e-15   48
  1.211857e+00   5.747898e-15   1.798266e-08   9.928734e-16   48
  1.218355e+00   8.564061e-15   1.798266e-08   8.774567e-16   96
  1.235512e+00   9.633197e-15   3.015167e-03   1.084830e-15   72
  1.244007e+00   6.412672e-15   1.598458e-08   5.919069e-16   108
  1.250338e+00   7.980773e-15   0.000000e+00   9.073310e-16   72
  1.256637e+00   6.786998e-15   0.000000e+00   9.764427e-16   30
  1.262905e+00   8.682736e-15   0.000000e+00   6.106169e-16   168
  1.269141e+00   5.265885e-15   0.000000e+00   7.545905e-16   48
  1.281523e+00   6.854957e-15   0.000000e+00   6.485687e-16   72
  1.287670e+00   8.480736e-15   0.000000e+00   1.097644e-15   96
  1.293787e+00   5.614522e-15   3.390842e-08   5.858536e-16   72
  1.299875e+00   6.852710e-15   0.000000e+00   8.222110e-16   72
  1.310112e+00   6.366671e-15   2.784031e-03   4.695095e-16   104
  1.317972e+00   6.276188e-15   2.397687e-08   4.489860e-16   144
  1.335824e+00   4.121858e-15   4.021044e-08   4.598730e-16   96
  1.341721e+00   4.424518e-15   0.000000e+00   5.218751e-16   96
  1.351101e+00   6.333697e-15   2.864148e-03   5.530659e-16   120
  1.359261e+00   5.409615e-15   0.000000e+00   4.354283e-16   120
  1.365057e+00   5.519241e-15   0.000000e+00   6.477281e-16   72
  1.376577e+00   5.130103e-15   0.000000e+00   6.205174e-16   48
  1.382301e+00   6.830639e-15   3.130008e-08   6.205854e-16   78
  1.389623e+00   5.841094e-15   2.564571e-03   4.686000e-16   168
  1.404963e+00   5.769177e-15   2.936555e-08   4.889787e-16   144
  1.410572e+00   5.790599e-15   2.397687e-08   4.405440e-16   144
  1.426839e+00   5.802270e-15   1.476986e-03   4.597131e-16   156
  1.432787e+00   5.830833e-15   3.114687e-08   9.214609e-16   48
  1.438287e+00   5.145424e-15   2.034505e-08   5.103273e-16   120
  1.443766e+00   4.182772e-15   0.000000e+00   5.057718e-16   48
  1.453454e+00   5.363373e-15   2.260797e-03   3.861339e-16   216
  1.465478e+00   2.780086e-15   0.000000e+00   4.189346e-16   48
  1.470856e+00   4.791914e-15   1.798266e-08   4.674538e-16   96
  1.478502e+00   5.053594e-15   2.642094e-03   3.359547e-16   168
  1.486873e+00   5.182365e-15   1.798266e-08   7.404848e-16   48
  1.492174e+00   4.612805e-15   0.000000e+00   5.722023e-16   96
  1.497456e+00   4.218503e-15   0.000000e+00   6.976869e-16   48
  1.507964e+00   4.371508e-15   2.034505e-08   5.429313e-16   30
  1.513191e+00   3.969123e-15   0.000000e+00   4.148318e-16   96
  1.519439e+00   3.704560e-15   2.076451e-03   2.508029e-16   240
  1.527472e+00   4.857026e-15   2.240191e-03   7.033210e-16   32
  1.533921e+00   4.890163e-15   0.000000e+00   3.380473e-16   168
  1.539060e+00   4.878348e-15   0.000000e+00   3.144792e-16   120
  1.549286e+00   5.354010e-15   3.791077e-08   5.419230e-16   72
  1.554374e+00   5.317147e-15   1.695421e-08   4.587104e-16   144
  1.559446e+00   5.646479e-15   0.000000e+00   8.467520e-16   96
  1.564501e+00   5.024410e-15   0.000000e+00   5.026317e-16   96
  1.574562e+00   3.895085e-15   0.000000e+00   4.060773e-16   72
  1.579568e+00   3.692842e-15   2.543132e-08   3.777651e-16   96
  1.589534e+00   6.186447e-15   0.000000e+00   1.138553e-15   24
  1.594494e+00   4.908311e-15   0.000000e+00   3.148583e-16   192
  1.600334e+00   3.426827e-15   1.901066e-03   3.138306e-16   132
  1.609281e+00   5.294786e-15   0.000000e+00   5.197195e-16   96
  1.614180e+00   3.880698e-15   0.000000e+00   3.721019e-16   96
  1.619064e+00   4.336539e-15   2.034505e-08   4.251651e-16   120
  1.628788e+00   4.695573e-15   0.000000e+00   8.153866e-16   48
  1.636759e+00   4.149767e-15   2.303939e-03   2.719427e-16   222
  1.643266e+00   3.898554e-15   0.000000e+00   3.762406e-16   120
  1.648064e+00   4.252966e-15   3.114687e-08   4.942805e-16   24
  1.655050e+00   3.952552e-15   2.378000e-03   1.876339e-16   312
  1.670270e+00   4.599040e-15   2.229470e-03   4.771326e-16   72
  1.676563e+00   4.848710e-15   3.114687e-08   5.134110e-16   96
  1.683024e+00   4.166088e-15   2.270407e-03   2.568433e-16   192
  1.690632e+00   3.266417e-15   2.877225e-08   2.550111e-16   120
  1.695296e+00   3.545727e-15   0.000000e+00   2.699350e-16   144
  1.704585e+00   4.374913e-15   0.000000e+00   7.322502e-16   48
  1.711188e+00   3.460677e-15   2.282974e-03   1.889230e-16   336
  1.718425e+00   2.984484e-15   0.000000e+00   3.443846e-16   48
  1.727590e+00   3.559945e-15   0.000000e+00   3.005397e-16   192
  1.732155e+00   3.472007e-15   0.000000e+00   5.785512e-16   48
  1.745129e+00   3.993754e-15   1.584683e-03   5.128109e-16   56
  1.751580e+00   3.227242e-15   2.035272e-03   1.644013e-16   336
  1.759292e+00   3.379606e-15   2.260561e-08   4.465448e-16   54
  1.766010e+00   2.808290e-15   2.235459e-03   1.739267e-16   240
  1.779956e+00   3.141857e-15   2.140470e-03   1.788840e-16   228
  1.786017e+00   2.714783e-15   2.397687e-08   2.718724e-16   72
  1.791900e+00   3.015602e-15   2.076308e-03   2.449097e-16   144
  1.799230e+00   3.204695e-15   0.000000e+00   3.152166e-16   96
  1.803613e+00   3.683563e-15   2.877225e-08   2.445890e-16   240
  1.812348e+00   2.973568e-15   2.543132e-08   5.230789e-16   24
  1.817939e+00   3.152800e-15   1.961057e-03   1.859442e-16   336
  1.825371e+00   2.407119e-15   0.000000e+00   2.698715e-16   72
  1.832154e+00   2.696547e-15   2.133012e-03   1.886594e-16   168
  1.838302e+00   2.589456e-15   0.000000e+00   2.649650e-16   72
  1.846872e+00   2.588478e-15   0.000000e+00   1.854224e-16   96
  1.853509e+00   2.596817e-15   2.117011e-03   1.655395e-16   216
  1.859653e+00   2.831604e-15   0.000000e+00   2.928475e-16   96
  1.868125e+00   2.669870e-15   2.543132e-08   1.810416e-16   192
  1.872347e+00   2.577107e-15   2.397687e-08   1.992276e-16   144
  1.880762e+00   1.663038e-15   0.000000e+00   2.456319e-16   48
  1.886588e+00   3.222699e-15   2.041047e-03   2.493143e-16   246
  1.894505e+00   2.733759e-15   1.881878e-03   2.206410e-16   168
  1.901637e+00   2.159712e-15   4.983500e-08   2.330633e-16   120
  1.905784e+00   2.886800e-15   0.000000e+00   1.570301e-16   240
  1.914053e+00   2.358287e-15   0.000000e+00   2.545600e-16   24
  1.920640e+00   2.543573e-15   2.014384e-03   1.435982e-16   360
  1.928845e+00   3.081136e-15   2.005812e-03   2.975058e-16   120
  1.934568e+00   2.282802e-15   0.000000e+00   1.853581e-16   144
  1.938645e+00   2.719815e-15   0.000000e+00   2.329622e-16   96
  1.950825e+00   2.193267e-15   0.000000e+00   1.665809e-16   144
  1.954868e+00   2.708646e-15   0.000000e+00   2.249758e-16   132
  1.960551e+00   2.169502e-15   1.979707e-03   1.358152e-16   176
  1.968799e+00   2.078412e-15   1.999105e-03   1.177101e-16   312
  1.978954e+00   1.994624e-15   0.000000e+00   2.038561e-16   96
  1.982940e+00   2.361809e-15   0.000000e+00   2.045561e-16   144
  1.989055e+00   2.224412e-15   1.979053e-03   1.147430e-16   312
  1.998804e+00   2.461583e-15   0.000000e+00   3.553384e-16   48
  2.002750e+00   2.370770e-15   2.543132e-08   1.979946e-16   192
  2.010619e+00   1.964509e-14   0.000000e+00   1.071649e-14   6
  2.015848e+00   2.300582e-15   1.845802e-03   1.355728e-16   288
  2.024316e+00   2.652149e-15   1.950210e-03   1.670733e-16   192
  2.030159e+00   1.899668e-15   5.980883e-08   1.237900e-16   216
  2.034045e+00   1.991656e-15   0.000000e+00   2.830999e-16   72
  2.043725e+00   2.178190e-15   1.931689e-03   1.440712e-16   192
  2.050154e+00   1.919269e-15   1.434383e-03   1.138342e-16   288
  2.057204e+00   2.996370e-15   0.000000e+00   5.784450e-16   24
  2.062650e+00   1.936470e-15   1.889681e-03   9.127937e-17   456
  2.072499e+00   2.432029e-15   0.000000e+00   2.431870e-16   48
  2.078585e+00   1.970393e-15   1.861260e-03   1.225753e-16   240
  2.085579e+00   1.730035e-15   1.881013e-03   9.395161e-17   216
  2.091461e+00   1.922220e-15   0.000000e+00   2.265557e-16   72
  2.095233e+00   2.413737e-15   6.498988e-08   1.590003e-16   168
  2.105882e+00   1.743978e-15   1.398129e-03   8.853779e-17   288
  2.111855e+00   1.754570e-15   1.849965e-03   1.200887e-16   168
  2.121448e+00   2.097076e-15   0.000000e+00   1.369354e-16   192
  2.125166e+00   1.673652e-15   2.397687e-08   1.415374e-16   144
  2.132584e+00   1.264917e-15   2.397687e-08   2.056899e-16   36
  2.138874e+00   2.226431e-15   1.689411e-03   1.144317e-16   342
  2.144889e+00   1.787792e-15   1.734820e-03   1.390329e-16   144
  2.152621e+00   1.786497e-15   1.819392e-03   9.320331e-17   384
  2.162000e+00   1.667590e-15   4.983500e-08   1.248085e-16   120
  2.166643e+00   2.114573e-15   1.622368e-03   1.299037e-16   264
  2.172929e+00   1.960707e-15   8.042088e-08   1.372449e-16   192
  2.178848e+00   1.934759e-15   1.748412e-03   1.381163e-16   152
  2.183802e+00   1.476581e-15   4.795375e-08   1.052400e-16   144
  2.194222e+00   1.862835e-15   1.131589e-03   1.347730e-16   216
  2.199045e+00   1.627861e-15   1.512105e-03   9.958116e-17   312
  2.207535e+00   1.695680e-15   1.752500e-03   1.013500e-16   240
  2.212538e+00   1.887004e-15   2.543132e-08   1.989429e-16   96
  2.222033e+00   1.367704e-15   1.675517e-03   1.181966e-16   144
  2.227885e+00   1.707244e-15   1.646885e-03   7.605822e-17   456
  2.237379e+00   1.591445e-15   0.000000e+00   1.514349e-16   120
  2.240905e+00   1.761257e-15   0.000000e+00   1.304064e-16   144
  2.247941e+00   1.041626e-15   3.596531e-08   2.438386e-16   24
  2.252452e+00   1.597842e-15   1.583038e-03   7.786595e-17   336
  2.260253e+00   1.630195e-15   1.745876e-03   1.147787e-16   198
  2.267563e+00   1.475148e-15   1.697764e-03   7.446455e-17   432
  2.275867e+00   2.244602e-15   5.086263e-08   2.709147e-16   48
  2.280199e+00   1.636449e-15   1.498832e-03   7.834513e-17   384
  2.287976e+00   1.254241e-15   1.725473e-03   1.114127e-16   144
  2.295024e+00   1.583800e-15   1.713168e-03   9.498416e-17   264
  2.303454e+00   1.837621e-15   0.000000e+00   1.842973e-16   48
  2.309110e+00   1.421135e-15   1.628943e-03   7.606254e-17   276
  2.314567e+00   1.558403e-15   1.476593e-03   9.838848e-17   192
  2.321860e+00   1.358705e-15   1.659366e-03   5.337988e-17   552
  2.330715e+00   1.516115e-15   4.069010e-08   1.144931e-16   120
  2.335978e+00   1.202213e-15   1.679687e-03   8.121481e-17   216
  2.340855e+00   1.480063e-15   4.069010e-08   1.359222e-16   120
  2.349569e+00   1.465352e-15   1.654080e-03   6.652032e-17   408
  2.357660e+00   2.326154e-15   3.596531e-08   3.525038e-16   24
  2.362678e+00   1.287212e-15   1.670919e-03   6.783994e-17   384
  2.369685e+00   1.443631e-15   1.632547e-03   9.149877e-17   240
  2.375770e+00   1.228919e-15   1.644502e-03   9.518880e-17   168
  2.384301e+00   1.246596e-15   0.000000e+00   1.115257e-16   120
  2.389801e+00   1.314474e-15   1.714308e-03   6.113412e-17   350
  2.398744e+00   1.367614e-15   2.822081e-03   8.077634e-17   384
  2.404088e+00   1.605517e-15   0.000000e+00   1.332959e-16   144
  2.413921e+00   1.399126e-15   3.390842e-08   8.727839e-17   288
  2.419055e+00   1.310473e-15   1.615394e-03   7.738828e-17   336
  2.426039e+00   1.503084e-15   1.470682e-03   1.158276e-16   168
  2.430220e+00   1.304643e-15   9.639558e-08   7.741639e-17   336
  2.438868e+00   1.525989e-15   1.526480e-03   8.754563e-17   288
  2.444062e+00   1.482026e-15   1.438335e-03   8.531913e-17   264
  2.452858e+00   1.172237e-15   0.000000e+00   7.988769e-17   240
  2.456075e+00   1.223889e-15   0.000000e+00   1.262970e-16   96
  2.467620e+00   1.276440e-15   1.956039e-03   7.233928e-17   360
  2.473008e+00   1.459055e-15   1.441936e-03   1.292454e-16   168
  2.479816e+00   1.207387e-15   1.571860e-03   5.641338e-17   456
  2.488014e+00   9.654753e-16   4.521123e-08   8.757790e-17   108
  2.492626e+00   1.143151e-15   1.577159e-03   7.023114e-17   264
  2.498378e+00   1.095828e-15   1.407083e-03   6.941690e-17   264
  2.506256e+00   1.035526e-15   1.327788e-03   6.586332e-17   312
  2.516065e+00   1.534772e-15   9.866910e-04   1.797113e-16   270
  2.520176e+00   1.368563e-15   1.252729e-03   9.531059e-17   240
  2.527567e+00   1.194098e-15   1.549783e-03   5.779840e-17   384
  2.532054e+00   1.139114e-15   5.086263e-08   8.809964e-17   192
  2.540769e+00   1.281968e-15   1.243495e-03   7.986952e-17   240
  2.545825e+00   9.953643e-16   1.534673e-03   4.970034e-17   336
  2.555333e+00   1.140736e-15   1.544942e-03   5.180908e-17   480
  2.563047e+00   1.259803e-15   3.390842e-08   1.400110e-16   72
  2.567356e+00   1.149116e-15   1.506459e-03   8.548419e-17   240
  2.573216e+00   1.077070e-15   1.415865e-03   6.282255e-17   312
  2.579934e+00   9.982684e-16   1.530210e-03   6.898312e-17   240
  2.590086e+00   1.035324e-15   1.162564e-03   5.559188e-17   408
  2.594104e+00   1.092031e-15   1.064628e-03   6.112329e-17   336
  2.601958e+00   1.238427e-15   1.351816e-03   8.117049e-17   264
  2.605818e+00   1.266393e-15   0.000000e+00   1.160515e-16   144
  2.616557e+00   9.465887e-16   1.873697e-03   4.759490e-17   464
  2.622215e+00   9.805995e-16   1.489973e-03   7.693517e-17   168
  2.627801e+00   1.127736e-15   1.357041e-03   6.005714e-17   336
  2.637897e+00   1.179158e-15   1.425837e-03   8.851374e-17   414
  2.643588e+00   1.079153e-15   1.484211e-03   6.908899e-17   216
  2.650879e+00   1.209145e-15   3.596531e-08   1.076865e-16   96
  2.653856e+00   1.013138e-15   8.809666e-08   5.355538e-17   384
  2.664284e+00   1.107280e-15   1.481344e-03   5.033255e-17   492
  2.669873e+00   1.142438e-15   1.448627e-03   8.653983e-17   240
  2.676189e+00   9.849147e-16   1.470864e-03   5.538109e-17   312
  2.684913e+00   1.072409e-15   1.470380e-03   6.990096e-17   192
  2.690439e+00   1.005381e-15   1.424976e-03   4.493585e-17   504
  2.697770e+00   9.668176e-16   9.433586e-04   4.859153e-17   408
  2.703542e+00   8.975181e-16   2.890096e-03   7.732069e-17   168
  2.710765e+00   9.486341e-16   1.372821e-03   6.393163e-17   288
  2.716826e+00   9.934508e-16   1.432656e-03   5.354843e-17   288
  2.723035e+00   1.041476e-15   1.440903e-03   5.264323e-17   432
  2.732042e+00   9.843868e-16   1.362614e-03   6.206783e-17   216
  2.736854e+00   1.064397e-15   1.359739e-03   5.901015e-17   360
  2.745421e+00   8.589976e-16   1.327092e-03   5.118300e-17   312
  2.753154e+00   7.593880e-16   0.000000e+00   1.107082e-16   48
  2.757611e+00   9.543969e-16   1.422834e-03   4.436772e-17   432
  2.765594e+00   9.138733e-16   2.373302e-03   4.901752e-17   414
  2.770308e+00   1.093755e-15   5.421333e-08   5.721745e-17   312
  2.779102e+00   1.027471e-15   2.082441e-03   4.489707e-17   528
  2.785037e+00   9.253085e-16   1.093105e-03   5.942603e-17   264
  2.792167e+00   9.636017e-16   1.296122e-03   4.732005e-17   480
  2.801483e+00   9.898706e-16   0.000000e+00   5.603859e-17   288
  2.805506e+00   9.850085e-16   1.392643e-03   8.123720e-17   168
  2.812867e+00   1.005063e-15   2.204550e-03   4.281830e-17   504
  2.821143e+00   1.105070e-15   3.390842e-08   8.116406e-17   144
  2.826350e+00   8.945406e-16   1.415850e-03   4.535033e-17   464
  2.834173e+00   1.028210e-15   2.077839e-03   5.233706e-17   432
  2.837886e+00   1.022557e-15   3.596531e-08   7.623729e-17   192
  2.847481e+00   9.353475e-16   1.540373e-03   4.299405e-17   396
  2.853147e+00   9.860485e-16   1.383680e-03   7.134060e-17   288
  2.858874e+00   7.969760e-16   1.366839e-03   4.017148e-17   336
  2.868021e+00   8.399074e-16   8.655099e-04   4.302168e-17   432
  2.873827e+00   9.135861e-16   2.243281e-03   4.615866e-17   360
  2.880345e+00   8.688947e-16   1.326934e-03   4.571407e-17   384
  2.889603e+00   1.068291e-15   1.171274e-03   7.746612e-17   198
  2.894063e+00   9.287285e-16   1.331357e-03   4.295343e-17   552
  2.902381e+00   9.489869e-16   1.863809e-03   4.671138e-17   432
  2.909325e+00   9.061806e-16   7.119285e-08   7.372252e-17   168
  2.915153e+00   8.723814e-16   2.310442e-03   4.153704e-17   480
  2.922863e+00   1.053670e-15   0.000000e+00   1.160759e-16   120
  2.926334e+00   8.779528e-16   1.887069e-03   5.224556e-17   336
  2.934802e+00   9.185733e-16   1.331298e-03   3.539185e-17   672
  2.943175e+00   8.902711e-16   1.936554e-03   4.330920e-17   528
  2.947075e+00   8.525135e-16   5.812872e-08   6.423991e-17   168
  2.956085e+00   8.306687e-16   2.160213e-03   4.555190e-17   456
  2.961583e+00   8.438776e-16   1.319260e-03   6.452482e-17   168
  2.967291e+00   8.448451e-16   1.316892e-03   4.051990e-17   504
  2.976778e+00   9.256117e-16   1.694638e-03   4.947541e-17   336
  2.982515e+00   9.073163e-16   1.221633e-03   5.231959e-17   312
  2.988879e+00   7.779162e-16   1.193619e-03   3.689528e-17   504
  2.997254e+00   8.864840e-16   8.281656e-04   4.035298e-17   432
  3.001192e+00   9.476305e-16   1.279790e-03   6.051108e-17   312
  3.009377e+00   8.599518e-16   1.311847e-03   4.270946e-17   384
  3.017923e+00   9.497561e-16   1.114566e-03   1.094171e-16   126
  3.023199e+00   8.858704e-16   1.956913e-03   4.038243e-17   492
  3.029938e+00   8.607604e-16   1.253405e-03   3.601311e-17   528
  3.038360e+00   8.160645e-16   1.273190e-03   3.776766e-17   480
  3.043581e+00   8.756455e-16   1.758905e-03   4.724847e-17   432
  3.051137e+00   9.170981e-16   1.383146e-03   4.293535e-17   440
  3.059913e+00   9.287394e-16   6.878330e-04   4.958095e-17   312
  3.063206e+00   8.401938e-16   1.030775e-03   4.662496e-17   480
  3.069960e+00   8.368274e-16   2.018238e-03   3.935904e-17   408
  3.079829e+00   7.717943e-16   1.208696e-03   4.343244e-17   360
  3.083998e+00   9.157265e-16   1.166348e-03   4.358487e-17   408
  3.091725e+00   7.911432e-16   1.186907e-03   3.810928e-17   456
  3.100425e+00   7.308816e-16   1.134390e-03   4.299782e-17   264
  3.105254e+00   7.120060e-16   1.231098e-03   3.691553e-17   384
  3.112283e+00   9.096072e-16   2.072640e-03   3.657691e-17   672
  3.120409e+00   8.939689e-16   1.239707e-03   6.682339e-17   240
  3.125099e+00   8.835323e-16   1.257992e-03   5.307704e-17   264
  3.131717e+00   9.600141e-16   1.551526e-03   3.859683e-17   624
  3.141593e+00   1.138461e-15   0.000000e+00   1.344673e-16   150
  3.145109e+00   8.398919e-16   1.738607e-03   3.247865e-17   600
  3.152524e+00   8.925503e-16   1.199942e-03   4.148909e-17   672
  3.160921e+00   8.429519e-16   1.128630e-03   4.246602e-17   336
  3.165599e+00   7.800020e-16   1.227621e-03   4.121088e-17   408
  3.173072e+00   8.026205e-16   1.224729e-03   4.171696e-17   408
  3.181385e+00   8.587923e-16   6.192886e-04   4.809084e-17   360
  3.186510e+00   7.641334e-16   2.273829e-03   3.981530e-17   456
  3.192699e+00   8.862841e-16   1.236522e-03   5.615327e-17   384
  3.200577e+00   8.832680e-16   1.141466e-03   5.044101e-17   348
  3.204835e+00   9.286423e-16   1.407202e-03   4.427546e-17   576
  3.212832e+00   7.988061e-16   1.158646e-03   3.338185e-17   504
  3.221013e+00   8.992386e-16   1.634203e-03   5.113457e-17   432
  3.228154e+00   8.285529e-16   2.223325e-03   3.676700e-17   576
  3.233247e+00   9.011902e-16   0.000000e+00   5.644146e-17   264
  3.241325e+00   8.733219e-16   1.769212e-03   3.344857e-17   768
  3.248351e+00   1.023917e-15   2.381921e-03   8.769967e-17   240
  3.253937e+00   7.104051e-16   2.100629e-03   6.139192e-17   192
  3.262073e+00   8.778044e-16   1.546319e-03   3.997162e-17   504
  3.268108e+00   7.665967e-16   2.083724e-03   3.795794e-17   590
  3.273894e+00   8.257518e-16   2.334698e-03   4.581918e-17   384
  3.281151e+00   9.150699e-16   1.951120e-03   4.661100e-17   504
  3.289911e+00   8.130446e-16   1.877651e-03   3.535975e-17   648
  3.298409e+00   9.055657e-16   5.099453e-04   4.255714e-17   504
  3.301835e+00   8.321861e-16   1.163281e-03   5.022983e-17   312
  3.307884e+00   7.511165e-16   1.676002e-03   3.320824e-17   576
  3.316189e+00   9.123836e-16   1.166339e-03   6.464156e-17   240
  3.321030e+00   8.395805e-16   1.178530e-03   3.740301e-17   552
  3.327882e+00   8.819864e-16   1.106612e-03   4.258365e-17   600
  3.337643e+00   8.230532e-16   1.351639e-03   3.598224e-17   600
  3.343511e+00   7.865425e-16   2.164544e-03   5.577265e-17   312
  3.349356e+00   8.380129e-16   1.885103e-03   4.372099e-17   480
  3.356656e+00   9.218310e-16   1.176123e-03   4.449330e-17   576
  3.363084e+00   7.692030e-16   1.893814e-03   3.875126e-17   408
  3.368787e+00   1.051726e-15   2.209222e-03   7.903054e-17   216
  3.376156e+00   8.151673e-16   1.692015e-03   4.679073e-17   516
  3.384050e+00   8.272301e-16   1.614354e-03   3.360734e-17   744
  3.392194e+00   8.338446e-16   1.078246e-03   3.772527e-17   462
  3.396796e+00   1.007679e-15   1.095881e-03   5.125530e-17   432
  3.403934e+00   8.009449e-16   1.016670e-03   3.318072e-17   648
  3.412327e+00   1.029059e-15   1.487578e-03   5.120573e-17   528
  3.419069e+00   7.749589e-16   1.791415e-03   4.025556e-17   600
  3.425805e+00   7.380131e-16   2.258506e-03   5.115883e-17   240
  3.432329e+00   9.262282e-16   1.729994e-03   3.886828e-17   720
  3.439912e+00   8.101280e-16   1.368738e-03   3.523667e-17   720
  3.448318e+00   1.094782e-15   0.000000e+00   1.120761e-16   144
  3.452742e+00   8.547475e-16   1.764713e-03   3.842431e-17   720
  3.459035e+00   9.300582e-16   1.058157e-03   5.391105e-17   384
  3.466913e+00   8.270122e-16   1.173023e-03   3.875810e-17   672
  3.474387e+00   8.210629e-16   2.053834e-03   4.799022e-17   336
  3.477957e+00   9.181335e-16   0.000000e+00   6.068921e-17   288
  3.486699e+00   9.884946e-16   1.625472e-03   4.329543e-17   776
  3.494792e+00   8.365019e-16   1.390838e-03   3.441771e-17   720
  3.501588e+00   8.755326e-16   1.120422e-03   4.352318e-17   432
  3.507024e+00   8.074569e-16   1.597303e-03   4.219751e-17   504
  3.513071e+00   8.483158e-16   1.119137e-03   4.834845e-17   528
  3.521533e+00   9.508849e-16   1.524759e-03   4.728923e-17   438
  3.528495e+00   8.446104e-16   1.774680e-03   4.422237e-17   624
  3.533741e+00   8.465202e-16   2.173744e-03   5.024903e-17   312
  3.540952e+00   8.067006e-16   1.171159e-03   3.776749e-17   696
  3.548410e+00   8.003423e-16   1.059686e-03   3.653883e-17   552
  3.556166e+00   8.419976e-16   8.198436e-04   4.130487e-17   516
  3.560964e+00   8.654147e-16   1.637576e-03   4.887849e-17   528
  3.566805e+00   9.579695e-16   1.064960e-03   4.970437e-17   528
  3.575102e+00   8.826640e-16   1.404467e-03   3.410302e-17   864
  3.580734e+00   8.490075e-16   1.923830e-03   5.125489e-17   408
  3.586372e+00   6.773422e-16   1.906039e-03   8.282652e-17   192
  3.594362e+00   9.426204e-16   1.577339e-03   3.843492e-17   720
  3.601108e+00   7.963937e-16   1.454384e-03   3.691648e-17   696
  3.609123e+00   9.128590e-16   1.570748e-03   4.482074e-17   720
  3.616456e+00   7.922227e-16   2.128961e-03   4.362366e-17   432
  3.620733e+00   9.215010e-16   1.253189e-03   7.033503e-17   264
  3.628427e+00   9.154923e-16   1.730599e-03   4.211553e-17   672
  3.635310e+00   8.847487e-16   1.771868e-03   4.214501e-17   600
  3.643477e+00   1.021877e-15   1.037427e-03   7.217401e-17   270
  3.647594e+00   9.119677e-16   1.561617e-03   4.741241e-17   528
  3.654138e+00   8.609416e-16   1.069340e-03   4.074431e-17   840
  3.663112e+00   9.499605e-16   2.044769e-03   4.022141e-17   888
  3.671403e+00   9.538759e-16   1.523504e-03   3.949151e-17   744
  3.678411e+00   8.016983e-16   7.828584e-04   3.900148e-17   456
  3.681896e+00   6.744543e-16   1.069824e-03   4.610731e-17   360
  3.687860e+00   1.188095e-15   9.269427e-04   7.047183e-17   384
  3.697011e+00   9.012566e-16   1.486807e-03   3.989166e-17   816
  3.703877e+00   8.978357e-16   2.157150e-03   3.766788e-17   824
  3.712223e+00   8.729811e-16   1.002746e-03   5.122027e-17   360
  3.716692e+00   8.455935e-16   1.479676e-03   4.348022e-17   624
  3.722842e+00   8.533717e-16   9.998850e-04   5.309495e-17   360
  3.731036e+00   9.809264e-16   1.360137e-03   4.042696e-17   876
  3.738436e+00   8.793527e-16   1.615436e-03   4.284131e-17   696
  3.745899e+00   8.799323e-16   1.043143e-03   5.950373e-17   336
  3.749811e+00   9.158790e-16   1.041971e-03   5.150957e-17   504
  3.756273e+00   1.069033e-15   1.051000e-03   5.051957e-17   672
  3.765859e+00   9.237636e-16   2.092296e-03   3.902862e-17   720
  3.772508e+00   8.577809e-16   1.580506e-03   3.761612e-17   774
  3.779846e+00   1.058207e-15   9.046409e-04   7.048641e-17   384
  3.783690e+00   8.723346e-16   1.740917e-03   4.370515e-17   528
  3.789655e+00   9.471658e-16   1.659191e-03   4.566699e-17   744
  3.799249e+00   8.987395e-16   1.368481e-03   3.918766e-17   768
  3.805620e+00   1.089525e-15   1.536223e-03   5.533876e-17   552
  3.813568e+00   8.848592e-16   1.674309e-03   4.012701e-17   696
  3.819481e+00   9.878345e-16   2.034577e-03   5.541993e-17   408
  3.824174e+00   8.999194e-16   8.789532e-04   5.339636e-17   504
  3.831615e+00   8.977991e-16   1.579007e-03   3.973247e-17   888
  3.838937e+00   9.042884e-16   1.641044e-03   5.223265e-17   648
  3.846547e+00   9.110512e-16   1.626978e-03   4.922408e-17   648
  3.853707e+00   9.530552e-16   1.754281e-03   4.165362e-17   792
  3.861291e+00   1.126084e-15   2.566633e-03   4.923837e-17   600
  3.866880e+00   9.525095e-16   1.739428e-03   6.521766e-17   456
  3.872762e+00   9.673607e-16   8.477229e-04   4.135756e-17   648
  3.880317e+00   1.000951e-15   1.653183e-03   4.350446e-17   936
  3.888474e+00   8.258649e-16   1.015268e-03   4.954333e-17   384
  3.895575e+00   1.034933e-15   0.000000e+00   8.115986e-17   198
  3.901055e+00   9.823459e-16   2.575821e-03   3.688688e-17   1224
  3.906966e+00   7.807449e-16   1.875990e-03   5.314824e-17   420
  3.913957e+00   8.779837e-16   1.815566e-03   3.917461e-17   792
  3.920793e+00   9.977367e-16   1.501318e-03   4.717897e-17   680
  3.928594e+00   9.543630e-16   1.378581e-03   4.613284e-17   600
  3.934870e+00   8.962902e-16   1.999321e-03   3.745695e-17   840
  3.943251e+00   8.915994e-16   9.439865e-04   5.660924e-17   432
  3.946454e+00   9.708187e-16   8.846397e-04   5.471001e-17   720
  3.953417e+00   9.414049e-16   1.771778e-03   4.446547e-17   960
  3.962077e+00   1.056826e-15   1.579411e-03   6.328578e-17   528
  3.968405e+00   1.152411e-15   1.614459e-03   5.285262e-17   624
  3.975938e+00   8.423357e-16   1.268954e-03   3.760973e-17   816
  3.983415e+00   9.064622e-16   2.086821e-03   4.613427e-17   696
  3.991678e+00   1.088038e-15   1.150890e-07   9.510069e-17   240
  3.994784e+00   9.138192e-16   1.230648e-03   4.445112e-17   672
  4.001719e+00   9.618120e-16   2.199344e-03   4.051417e-17   864
  4.009498e+00   1.031353e-15   1.687640e-03   4.281187e-17   816
  4.016509e+00   1.088041e-15   9.659469e-04   5.219992e-17   648
  4.024060e+00   9.141004e-16   9.873737e-04   3.914154e-17   843
  4.030471e+00   1.087813e-15   1.776528e-03   5.103088e-17   780
  4.038111e+00   1.327409e-15   9.532520e-04   1.013154e-16   216
  4.042823e+00   1.010307e-15   2.298663e-03   3.864367e-17   1056
  4.050071e+00   1.006240e-15   1.880564e-03   7.762038e-17   228
  4.056781e+00   9.390465e-16   2.341349e-03   3.975684e-17   924
  4.063670e+00   8.522736e-16   8.685094e-04   4.640051e-17   696
  4.070964e+00   1.109860e-15   1.545698e-03   4.324117e-17   996
  4.078428e+00   1.087788e-15   9.125493e-04   5.384850e-17   576
  4.086192e+00   1.212799e-15   1.408459e-03   6.505017e-17   552
  4.091852e+00   9.189133e-16   1.681651e-03   5.252286e-17   516
  4.097596e+00   9.916237e-16   2.445470e-03   4.628723e-17   744
  4.104159e+00   1.157373e-15   1.199649e-03   5.952181e-17   576
  4.109868e+00   1.130191e-15   1.234742e-03   4.425302e-17   792
  4.117982e+00   9.680514e-16   1.411539e-03   4.462878e-17   792
  4.123927e+00   1.187761e-15   1.522330e-03   5.762161e-17   720
  4.131968e+00   1.089552e-15   1.735107e-03   5.714248e-17   656
  4.139503e+00   9.414742e-16   1.894646e-03   3.977618e-17   816
  4.147227e+00   1.115597e-15   1.021561e-03   6.840414e-17   492
  4.151618e+00   1.002919e-15   1.469588e-03   5.552230e-17   552
  4.159858e+00   1.172034e-15   2.555435e-03   4.630392e-17   780
  4.165209e+00   1.014941e-15   1.569773e-03   5.261920e-17   528
  4.170975e+00   1.085930e-15   1.832403e-03   5.676167e-17   600
  4.179472e+00   9.916968e-16   1.522872e-03   4.284693e-17   900
  4.185329e+00   1.139260e-15   8.430879e-04   5.169816e-17   696
  4.193388e+00   1.099514e-15   2.131780e-03   5.039105e-17   696
  4.201183e+00   1.211936e-15   8.648430e-04   6.005301e-17   552
  4.207739e+00   1.199102e-15   1.005732e-03   5.870852e-17   708
  4.214606e+00   1.079703e-15   1.660522e-03   4.805554e-17   876
  4.221752e+00   1.364968e-15   8.817041e-04   1.071834e-16   216
  4.226547e+00   1.069502e-15   2.411580e-03   4.425369e-17   1032
  4.233729e+00   1.229985e-15   2.685028e-03   6.281869e-17   600
  4.241182e+00   1.291412e-15   1.281196e-03   6.354269e-17   600
  4.246868e+00   1.025449e-15   2.262472e-03   5.607904e-17   528
  4.253589e+00   1.221075e-15   1.241998e-03   5.269782e-17   732
  4.260669e+00   1.139736e-15   9.171027e-04   7.460778e-17   336
  4.268820e+00   1.226141e-15   1.307053e-03   5.264914e-17   912
  4.274911e+00   1.297313e-15   1.311885e-03   6.414177e-17   624
  4.281565e+00   1.206861e-15   1.105498e-03   5.599597e-17   768
  4.289333e+00   1.143070e-15   1.994537e-03   5.010374e-17   792
  4.296957e+00   1.287314e-15   9.888090e-04   5.698683e-17   660
  4.302382e+00   1.227194e-15   1.457169e-03   5.713158e-17   504
  4.307992e+00   1.382334e-15   2.380735e-03   7.966185e-17   480
  4.316401e+00   1.405014e-15   2.201870e-03   5.414805e-17   912
  4.322985e+00   1.362441e-15   2.452123e-03   7.681475e-17   432
  4.329203e+00   1.234078e-15   1.456013e-03   6.150172e-17   564
  4.334724e+00   1.398491e-15   1.393605e-03   6.346517e-17   600
  4.342496e+00   1.336176e-15   1.942553e-03   6.036761e-17   876
  4.348334e+00   1.089583e-15   8.734307e-04   7.460090e-17   264
  4.356382e+00   1.307804e-15   1.694799e-03   6.648124e-17   560
  4.362850e+00   1.239321e-15   1.151652e-03   5.004801e-17   840
  4.370702e+00   1.353957e-15   1.775516e-03   5.241947e-17   1008
  4.377963e+00   1.528279e-15   7.942467e-04   9.272780e-17   456
  4.384595e+00   1.212792e-15   1.028834e-03   5.423408e-17   576
  4.390725e+00   1.169325e-15   1.580913e-03   5.151198e-17   612
  4.398809e+00   1.392590e-15   1.412012e-03   5.901074e-17   780
  4.405404e+00   1.270582e-15   1.618102e-03   5.603820e-17   648
  4.412155e+00   1.271641e-15   7.540562e-04   8.613278e-17   312
  4.416470e+00   1.495162e-15   1.915933e-03   7.379356e-17   528
  4.423945e+00   1.473840e-15   2.502113e-03   6.625411e-17   720
  4.431093e+00   1.528467e-15   2.509948e-03   8.521579e-17   576
  4.439759e+00   1.261436e-15   2.165154e-03   7.240344e-17   444
  4.445151e+00   1.302576e-15   2.123318e-03   4.684861e-17   996
  4.451759e+00   1.656539e-15   1.773610e-03   9.488668e-17   432
  4.458005e+00   1.233802e-15   1.941754e-03   6.228720e-17   504
  4.463400e+00   1.476624e-15   8.754449e-04   7.316274e-17   504
  4.471082e+00   1.287190e-15   1.722886e-03   5.526401e-17   876
  4.478033e+00   1.476751e-15   1.982878e-03   8.026446e-17   504
  4.485271e+00   1.550594e-15   1.264576e-03   6.625190e-17   696
  4.491253e+00   1.340590e-15   1.081079e-03   6.687902e-17   492
  4.499392e+00   1.516336e-15   1.547618e-03   8.282607e-17   432
  4.505420e+00   1.414328e-15   1.449174e-03   5.584921e-17   768
  4.512567e+00   1.542519e-15   1.805141e-03   7.589520e-17   648
  4.519390e+00   1.626319e-15   1.177661e-03   9.643799e-17   456
  4.527231e+00   1.542376e-15   1.619475e-03   6.615470e-17   552
  4.532676e+00   1.623557e-15   1.109989e-03   7.533223e-17   648
  4.540170e+00   1.565659e-15   1.809220e-03   6.113199e-17   840
  4.547491e+00   1.536355e-15   8.627791e-04   7.810666e-17   432
  4.554820e+00   1.550463e-15   1.056757e-03   7.130571e-17   600
  4.559917e+00   1.388890e-15   1.125905e-03   9.054634e-17   432
  4.568479e+00   1.498269e-15   1.120948e-03   6.865727e-17   560
  4.574277e+00   1.674007e-15   1.774344e-03   6.951499e-17   840
  4.581537e+00   1.534323e-15   1.050970e-03   8.221724e-17   504
  4.587303e+00   1.581635e-15   2.144966e-03   7.332845e-17   696
  4.595432e+00   1.521113e-15   1.171504e-03   8.761431e-17   384
  4.601763e+00   1.711636e-15   1.716116e-03   6.883574e-17   576
  4.609420e+00   1.640373e-15   1.059101e-03   1.122224e-16   360
  4.615593e+00   1.423668e-15   1.577258e-03   5.481113e-17   828
  4.622251e+00   1.720051e-15   1.404841e-03   9.673205e-17   372
  4.628352e+00   1.654835e-15   2.145462e-03   8.302305e-17   576
  4.636434e+00   1.628824e-15   8.985170e-04   7.543106e-17   636
  4.642192e+00   1.565553e-15   1.732109e-03   7.341002e-17   648
  4.649981e+00   1.719112e-15   1.408015e-03   7.541655e-17   576
  4.655573e+00   1.566885e-15   2.271277e-03   7.410475e-17   528
  4.663010e+00   1.682494e-15   9.710647e-04   9.775236e-17   360
  4.669165e+00   1.577659e-15   2.233813e-03   6.969051e-17   672
  4.677203e+00   1.812311e-15   1.144196e-03   7.101293e-17   804
  4.683893e+00   1.549299e-15   1.262185e-03   8.825693e-17   408
  4.691293e+00   1.757037e-15   7.801673e-04   9.317214e-17   384
  4.696276e+00   1.756640e-15   1.785323e-03   8.421593e-17   480
  4.703304e+00   2.043852e-15   1.153580e-03   1.303146e-16   432
  4.710045e+00   1.533557e-15   2.125802e-03   7.056576e-17   648
  4.718024e+00   1.687403e-15   1.319050e-03   7.301267e-17   624
  4.723861e+00   1.526845e-15   1.199787e-03   7.433663e-17   456
  4.731831e+00   1.737386e-15   1.639016e-03   7.616636e-17   588
  4.737172e+00   1.760503e-15   1.045685e-03   8.149864e-17   600
  4.744970e+00   1.800953e-15   1.631013e-03   7.421007e-17   708
  4.751130e+00   1.547474e-15   1.027507e-03   9.047930e-17   360
  4.757936e+00   1.604741e-15   1.181146e-03   8.131524e-17   552
  4.764461e+00   1.942372e-15   8.286020e-04   1.313639e-16   288
  4.771085e+00   1.745098e-15   1.557998e-03   7.675093e-17   528
  4.777309e+00   1.654692e-15   1.051098e-03   8.408374e-17   456
  4.784262e+00   1.852687e-15   1.863824e-03   7.908427e-17   608
  4.791256e+00   2.002651e-15   9.017389e-04   9.843390e-17   504
  4.798898e+00   2.052943e-15   1.935982e-03   9.677515e-17   540
  4.804891e+00   1.862377e-15   2.078222e-03   1.119906e-16   360
  4.811350e+00   1.669346e-15   9.411255e-04   8.022481e-17   540
  4.817063e+00   1.675888e-15   8.080679e-04   7.236876e-17   576
  4.825371e+00   1.659994e-15   1.873635e-03   7.408521e-17   588
  4.833270e+00   1.804058e-15   2.585051e-03   7.867677e-17   672
  4.840056e+00   1.930173e-15   1.975777e-03   9.182609e-17   552
  4.845526e+00   1.759177e-15   1.976776e-03   1.453558e-16   144
  4.852507e+00   1.726215e-15   1.679474e-03   8.688410e-17   600
  4.859125e+00   1.927840e-15   2.104747e-03   1.180419e-16   504
  4.866470e+00   1.633932e-15   2.162000e-03   9.552307e-17   336
  4.874196e+00   1.994656e-15   2.430098e-03   8.798470e-17   600
  4.881116e+00   2.103612e-15   1.568306e-03   9.502997e-17   636
  4.888585e+00   1.753347e-15   1.260932e-03   9.649000e-17   384
  4.893821e+00   1.872894e-15   1.758851e-03   9.327218e-17   504
  4.901368e+00   1.904717e-15   7.381651e-04   1.289556e-16   240
  4.907324e+00   1.806923e-15   1.734055e-03   7.037800e-17   744
  4.914470e+00   1.821665e-15   1.184096e-03   8.388716e-17   648
  4.920821e+00   1.607102e-15   7.860381e-04   1.622714e-16   120
  4.928265e+00   1.895346e-15   1.234764e-03   8.711451e-17   564
  4.933890e+00   1.854343e-15   1.939271e-03   9.430028e-17   432
  4.941396e+00   1.874624e-15   1.505258e-03   9.012513e-17   480
  4.947049e+00   2.035375e-15   1.107908e-03   9.926789e-17   456
  4.953721e+00   1.933761e-15   1.833424e-03   1.037823e-16   444
  4.961293e+00   1.994015e-15   2.805235e-03   9.455636e-17   528
  4.967944e+00   1.965071e-15   2.083390e-03   1.482752e-16   264
  4.974399e+00   1.922275e-15   2.135165e-03   1.011906e-16   444
  4.983082e+00   2.072326e-15   2.338759e-03   8.725327e-17   696
  4.990289e+00   1.707986e-15   1.250847e-03   8.564656e-17   384
  4.995560e+00   1.778969e-15   1.580550e-03   8.911764e-17   432
  5.003759e+00   1.914369e-15   1.092086e-03   9.573891e-17   488
  5.009082e+00   1.961245e-15   1.645909e-03   1.041490e-16   480
  5.016800e+00   1.904788e-15   1.835529e-03   8.293110e-17   480
  5.022777e+00   1.910761e-15   7.701318e-04   1.413075e-16   240
  5.029563e+00   2.173278e-15   1.798967e-03   9.933242e-17   600
  5.035964e+00   2.036128e-15   1.567616e-03   1.321871e-16   288
  5.042780e+00   2.008273e-15   1.507931e-03   1.094968e-16   480
  5.049682e+00   2.082691e-15   2.682341e-03   1.209180e-16   504
  5.056479e+00   1.866514e-15   1.150891e-03   1.457761e-16   216
  5.065146e+00   2.104540e-15   1.884192e-03   1.022768e-16   504
  5.071897e+00   1.891598e-15   1.515464e-03   9.495504e-17   456
  5.079286e+00   1.952032e-15   8.691442e-04   1.081314e-16   384
  5.084180e+00   1.989826e-15   1.764049e-03   8.665916e-17   480
  5.091134e+00   2.264009e-15   1.549032e-03   1.087765e-16   504
  5.097578e+00   1.961352e-15   9.826093e-04   1.282663e-16   312
  5.104521e+00   2.024993e-15   1.583441e-03   9.488008e-17   492
  5.110667e+00   1.959066e-15   1.484108e-03   1.154408e-16   312
  5.118579e+00   2.125336e-15   2.410815e-03   9.134542e-17   576
  5.125543e+00   2.179800e-15   2.225378e-03   1.257212e-16   336
  5.131328e+00   2.058226e-15   1.713438e-03   1.459955e-16   240
  5.139346e+00   2.009855e-15   2.271584e-03   1.065977e-16   468
  5.146270e+00   2.061555e-15   1.422340e-03   1.566687e-16   192
  5.153517e+00   2.104612e-15   1.426580e-03   1.315078e-16   324
  5.158828e+00   2.397043e-15   1.035388e-03   1.030063e-16   600
  5.166066e+00   1.780254e-15   1.679811e-03   8.106250e-17   456
  5.171442e+00   2.104517e-15   7.555789e-04   1.073618e-16   336
  5.180350e+00   1.917041e-15   2.262417e-03   8.268261e-17   612
  5.186832e+00   2.234090e-15   1.898719e-03   1.790073e-16   144
  5.192961e+00   2.015037e-15   2.216292e-03   9.834928e-17   552
  5.201296e+00   2.209222e-15   8.728032e-04   1.580115e-16   264
  5.206006e+00   2.115231e-15   2.020762e-03   1.259090e-16   336
  5.213435e+00   2.047112e-15   1.335250e-03   1.054364e-16   384
  5.219878e+00   1.859254e-15   7.516140e-04   1.366544e-16   216
  5.227010e+00   2.256995e-15   1.593577e-03   1.363883e-16   344
  5.233513e+00   2.176513e-15   2.377692e-03   9.840442e-17   408
  5.241438e+00   2.135901e-15   1.827101e-03   1.300970e-16   264
  5.248460e+00   2.162812e-15   2.547069e-03   8.746553e-17   612
  5.255476e+00   2.087753e-15   1.310917e-03   1.114003e-16   408
  5.262692e+00   2.125463e-15   1.312801e-03   1.041336e-16   444
  5.267993e+00   1.771522e-15   7.342396e-04   1.667636e-16   120
  5.275096e+00   2.171764e-15   2.028570e-03   1.126382e-16   336
  5.280368e+00   2.027566e-15   7.049199e-04   1.189089e-16   288
  5.287493e+00   2.160041e-15   2.193723e-03   9.334786e-17   552
  5.297288e+00   2.244317e-15   0.000000e+00   2.572685e-16   72
  5.302324e+00   2.276021e-15   2.178926e-03   1.087624e-16   504
  5.308207e+00   2.619457e-15   7.011571e-04   1.841537e-16   216
  5.315829e+00   2.217237e-15   1.251868e-03   1.296296e-16   312
  5.322672e+00   2.144404e-15   1.425448e-03   1.270753e-16   336
  5.329194e+00   2.743675e-15   1.975831e-03   2.039148e-16   204
  5.335689e+00   2.150238e-15   2.296216e-03   1.030880e-16   504
  5.342577e+00   2.159611e-15   2.186657e-03   1.122540e-16   396
  5.349201e+00   2.046525e-15   2.005279e-03   1.247320e-16   312
  5.357232e+00   2.159775e-15   1.225440e-03   1.498981e-16   216
  5.362890e+00   1.931344e-15   6.650698e-04   1.364779e-16   168
  5.369766e+00   2.118846e-15   1.679338e-03   9.161547e-17   588
  5.377613e+00   2.286234e-15   2.279505e-03   1.727797e-16   240
  5.383710e+00   2.422794e-15   2.013185e-03   1.376640e-16   264
  5.390860e+00   2.286293e-15   2.489717e-03   1.240422e-16   288
  5.397204e+00   2.193673e-15   1.243261e-03   1.244760e-16   288
  5.405244e+00   2.621378e-15   1.167620e-03   1.477394e-16   288
  5.410658e+00   2.267586e-15   1.352591e-03   1.538997e-16   192
  5.417469e+00   2.149533e-15   1.439292e-03   1.444347e-16   264
  5.423957e+00   2.094255e-15   2.367436e-03   1.087262e-16   372
  5.430940e+00   2.029651e-15   2.556933e-03   1.000380e-16   360
  5.439463e+00   2.215790e-15   1.082118e-03   1.720785e-16   144
  5.443868e+00   2.154761e-15   1.503015e-03   1.226826e-16   296
  5.450821e+00   2.134691e-15   1.619421e-03   1.302955e-16   288
  5.458782e+00   2.353989e-15   2.420184e-03   1.095039e-16   480
  5.465649e+00   2.213633e-15   2.010942e-03   1.652923e-16   192
  5.472326e+00   2.291025e-15   2.157009e-03   1.703641e-16   192
  5.478395e+00   2.392632e-15   1.374687e-03   1.416479e-16   288
  5.486835e+00   2.816478e-15   1.196646e-03   2.459005e-16   108
  5.491087e+00   2.122494e-15   1.150429e-03   1.620890e-16   240
  5.498595e+00   2.645153e-15   2.146152e-03   1.333614e-16   384
  5.506307e+00   2.041298e-15   2.618062e-03   2.184001e-16   108
  5.513127e+00   2.351846e-15   1.535018e-03   1.210198e-16   348
  5.520298e+00   2.492571e-15   1.602006e-03   1.374817e-16   312
  5.526703e+00   2.091973e-15   1.556684e-03   2.026312e-16   96
  5.532593e+00   2.374612e-15   2.072444e-03   1.283709e-16   384
  5.539190e+00   2.086858e-15   1.425422e-03   1.541788e-16   144
  5.545642e+00   2.493330e-15   2.190224e-03   1.260186e-16   408
  5.553663e+00   2.676705e-15   9.769946e-04   2.044945e-16   144
  5.561240e+00   2.243240e-15   1.878283e-03   1.350445e-16   192
  5.565734e+00   2.430465e-15   2.114042e-03   2.182832e-16   144
  5.573059e+00   2.482419e-15   1.718794e-03   1.945166e-16   144
  5.579969e+00   2.391770e-15   2.100644e-03   1.243810e-16   336
  5.588433e+00   2.500497e-15   1.554210e-03   1.504073e-16   240
  5.593800e+00   2.502664e-15   7.057532e-04   2.443477e-16   96
  5.601284e+00   2.135959e-15   2.069634e-03   9.897815e-17   372
  5.608856e+00   2.180016e-15   2.461786e-03   1.828618e-16   132
  5.615507e+00   2.482160e-15   1.523323e-03   1.612620e-16   264
  5.621457e+00   2.107263e-15   1.169843e-03   1.725820e-16   168
  5.627807e+00   2.622889e-15   1.870354e-03   1.882902e-16   216
  5.633417e+00   2.162715e-15   1.144306e-03   1.477621e-16   216
  5.641586e+00   2.462671e-15   2.099325e-03   2.501562e-16   96
  5.648999e+00   2.256024e-15   1.369618e-03   1.818973e-16   120
  5.655797e+00   2.708887e-15   1.741170e-03   1.890107e-16   216
  5.661397e+00   2.538969e-15   7.608972e-04   1.865192e-16   200
  5.668812e+00   2.476037e-15   1.969636e-03   1.387305e-16   288
  5.678322e+00   2.563733e-15   5.182495e-04   1.886893e-16   144
  5.682326e+00   2.124929e-15   1.612761e-03   1.659110e-16   168
  5.690504e+00   2.376800e-15   1.815012e-03   1.979809e-16   159
  5.696887e+00   2.215587e-15   1.904384e-03   1.618629e-16   174
  5.703065e+00   2.797219e-15   1.726829e-03   2.694818e-16   144
  5.711154e+00   2.361001e-15   9.971188e-04   1.706196e-16   222
  5.716564e+00   2.017395e-15   1.006181e-03   1.631738e-16   168
  5.725909e+00   3.250488e-15   2.206942e-03   5.615605e-16   30
  5.729769e+00   2.061733e-15   1.948567e-03   2.304884e-16   72
  5.737039e+00   2.342428e-15   1.739073e-03   1.398989e-16   258
  5.745032e+00   2.569919e-15   1.089226e-03   1.616539e-16   264
  5.749029e+00   2.360663e-15   1.174622e-07   2.527731e-16   72
  5.757357e+00   2.103461e-15   2.158892e-03   1.432505e-16   174
  5.764898e+00   2.706573e-15   2.298822e-03   1.583661e-16   168
  5.770961e+00   3.130783e-15   7.193062e-08   3.868082e-16   48
  5.777470e+00   2.210618e-15   1.298199e-03   1.680334e-16   150
  5.785016e+00   2.372532e-15   2.388130e-03   1.823578e-16   168
  5.792583e+00   2.444857e-15   1.454738e-03   1.972774e-16   144
  5.799541e+00   2.876456e-15   1.359056e-03   2.772771e-16   102
  5.804724e+00   2.028198e-15   2.011636e-03   2.254293e-16   96
  5.812948e+00   2.000923e-15   1.996414e-03   1.499633e-16   120
  5.819038e+00   2.605740e-15   2.141206e-03   1.735469e-16   168
  5.825625e+00   2.722611e-15   1.581111e-03   2.682869e-16   126
  5.831237e+00   2.553758e-15   1.192474e-03   1.555413e-16   168
  5.838969e+00   3.362867e-15   1.912134e-03   3.098703e-16   72
  5.845726e+00   2.656555e-15   2.394418e-03   1.938785e-16   168
  5.851646e+00   2.414895e-15   6.564276e-04   2.271285e-16   78
  5.859757e+00   2.388456e-15   1.077805e-03   2.728026e-16   60
  5.866288e+00   2.109292e-15   1.748374e-03   1.871352e-16   96
  5.873062e+00   2.458340e-15   2.121507e-03   1.853014e-16   168
  5.879428e+00   2.507729e-15   1.342407e-03   2.160086e-16   86
  5.886107e+00   2.803483e-15   1.199794e-03   2.409176e-16   120
  5.895681e+00   2.703727e-15   8.556122e-04   1.918697e-16   168
  5.900844e+00   2.631327e-15   0.000000e+00   3.990831e-16   48
  5.907798e+00   2.961331e-15   1.558833e-03   2.585481e-16   120
  5.911793e+00   2.638428e-15   1.137231e-03   2.262412e-16   126
  5.921548e+00   2.474324e-15   2.000073e-03   2.691262e-16   96
  5.927878e+00   2.870714e-15   5.767223e-04   2.518944e-16   96
  5.932871e+00   3.173366e-15   6.781684e-08   2.648631e-16   72
  5.943508e+00   2.766410e-15   7.193062e-08   5.473764e-16   24
  5.950147e+00   2.714429e-15   1.186881e-03   2.648050e-16   120
  5.955326e+00   2.634129e-15   1.731294e-03   2.183663e-16   126
  5.961084e+00   2.065061e-15   1.443268e-03   1.537229e-16   96
  5.967813e+00   2.544102e-15   2.494389e-03   2.411547e-16   72
  5.975306e+00   3.088779e-15   1.078907e-03   2.047925e-16   144
  5.981469e+00   2.691663e-15   6.222882e-04   2.385399e-16   72
  5.987626e+00   3.064827e-15   1.242932e-03   4.063344e-16   54
  5.993045e+00   2.767551e-15   1.095319e-03   2.592386e-16   108
  6.004306e+00   2.629056e-15   1.073696e-03   2.549832e-16   72
  6.007812e+00   3.718200e-15   6.195595e-04   4.267280e-16   72
  6.016129e+00   2.282220e-15   1.245875e-07   4.212769e-16   24
  6.023999e+00   2.811501e-15   1.310705e-03   4.380607e-16   48
  6.028777e+00   2.231956e-15   9.984188e-04   1.826052e-16   102
  6.035970e+00   2.793492e-15   2.258008e-03   1.959986e-16   168
  6.045369e+00   2.332357e-15   1.231465e-03   2.339476e-16   72
  6.048851e+00   2.450268e-15   0.000000e+00   3.306441e-16   48
  6.056156e+00   3.428974e-15   2.118194e-03   2.787705e-16   120
  6.065796e+00   2.846855e-15   1.301673e-03   2.431174e-16   96
  6.074901e+00   2.509441e-15   1.150890e-07   3.735974e-16   30
  6.085723e+00   3.219733e-15   6.115837e-04   4.098000e-16   72
  6.090478e+00   3.172889e-15   7.193062e-08   5.235954e-16   24
  6.096586e+00   2.530327e-15   9.065181e-04   2.998658e-16   56
  6.103428e+00   2.466735e-15   1.293647e-03   2.161343e-16   96
  6.111616e+00   2.305047e-15   1.428503e-03   2.189401e-16   144
  6.117928e+00   2.768316e-15   8.110480e-04   3.056082e-16   54
  6.127099e+00   2.660178e-15   1.215036e-03   2.004916e-16   108
  6.136327e+00   3.571371e-15   6.433558e-04   4.592266e-16   48
  6.145113e+00   2.943411e-15   2.422440e-03   3.451398e-16   72
  6.166195e+00   2.940924e-15   1.600514e-03   2.769120e-16   78
  6.172037e+00   2.080075e-15   1.206188e-03   1.652931e-16   72
  6.178856e+00   1.923846e-15   1.204690e-03   2.360201e-16   72
  6.185986e+00   2.021298e-15   2.907051e-03   2.318644e-16   96
  6.191621e+00   2.549303e-15   1.202207e-03   2.651433e-16   72
  6.198419e+00   2.804524e-15   0.000000e+00   4.144719e-16   24
  6.205208e+00   2.315605e-15   2.398986e-03   2.209119e-16   72
  6.220544e+00   3.114422e-15   1.523430e-03   6.938967e-16   30
  6.223843e+00   1.580498e-15   0.000000e+00   3.034112e-16   24
  6.241578e+00   2.805206e-15   1.265014e-03   3.597353e-16   48
  6.247142e+00   2.332334e-15   2.722309e-03   2.088575e-16   120
  6.254637e+00   2.194956e-15   1.190257e-03   2.015859e-16   72
  6.262206e+00   2.875866e-15   1.188818e-03   4.493452e-16   36
  6.267409e+00   2.595422e-15   2.349657e-03   2.295547e-16   78
  6.281928e+00   2.272879e-15   1.256888e-03   2.647773e-16   48
  6.300754e+00   1.720818e-15   1.017253e-07   3.085517e-16   24
  6.314166e+00   1.963849e-15   8.752715e-04   2.262723e-16   56
  6.320919e+00   2.385828e-15   1.346877e-03   2.125338e-16   102
  6.329510e+00   2.356853e-15   9.590750e-08   2.403994e-16   72
  6.334498e+00   2.212521e-15   7.193062e-08   3.627490e-16   24
  6.343217e+00   2.549197e-15   1.244744e-03   2.649589e-16   48
  6.359378e+00   2.427027e-15   0.000000e+00   4.944411e-16   24
  6.379213e+00   1.355228e-15   0.000000e+00   2.324166e-16   6
  6.385398e+00   1.875028e-15   0.000000e+00   3.297114e-16   24
  6.389518e+00   2.301581e-15   1.165127e-03   1.409136e-16   72
  6.397046e+00   2.206853e-15   2.173655e-03   2.099552e-16   84
  6.405152e+00   2.589350e-15   0.000000e+00   4.308710e-16   24
  6.407617e+00   2.138944e-15   1.017253e-07   3.754895e-16   24
  6.419927e+00   3.237450e-15   1.245875e-07   6.035138e-16   24
  6.437123e+00   1.467271e-15   0.000000e+00   5.281873e-16   6
  6.459163e+00   1.710741e-15   1.222400e-03   2.196218e-16   48
  6.464458e+00   3.140831e-15   2.302802e-03   2.632346e-16   72
  6.471376e+00   2.750271e-15   1.220094e-03   3.086800e-16   48
  6.482347e+00   2.073471e-15   0.000000e+00   3.247941e-16   24
  6.496947e+00   3.210128e-15   0.000000e+00   2.973325e-16   6
  6.529678e+00   2.726532e-15   0.000000e+00   5.402042e-16   8
  6.532096e+00   2.230368e-15   7.193062e-08   2.956260e-16   48
  6.537895e+00   2.500640e-15   1.183236e-03   2.438029e-16   60
  6.546585e+00   2.124185e-15   0.000000e+00   2.530356e-16   24
  6.558634e+00   2.130890e-15   0.000000e+00   4.179452e-16   6
  6.603027e+00   2.235920e-15   0.000000e+00   1.895580e-16   24
  6.606613e+00   2.294295e-15   1.195118e-03   2.162538e-16   48
  6.612586e+00   2.830989e-15   0.000000e+00   4.559859e-16   24
  6.622132e+00   3.627843e-15   0.000000e+00   1.164418e-15   6
  6.676359e+00   2.274523e-15   1.114931e-03   2.854239e-16   36
  6.680300e+00   2.072999e-15   0.000000e+00   4.265376e-16   24
  6.687387e+00   1.998083e-15   0.000000e+00   4.378746e-16   6
  6.749089e+00   2.540287e-15   1.013241e-03   4.010306e-16   32
  6.754351e+00   2.228306e-15   0.000000e+00   3.955409e-16   6
  6.820657e+00   3.015105e-15   0.000000e+00   6.168524e-16   12
  6.822972e+00   1.796207e-15   0.000000e+00   5.152311e-16   6
  6.893201e+00   7.386998e-16   0.000000e+00   2.223172e-16   6
