# power spectrum of zeta (dimensionless)
# redshift z=0.485768
# k              Pk             sigma(k)       sigma(Pk)      count
  1.256637e-01   1.175377e-14   0.000000e+00   3.041162e-15   6
  1.777153e-01   6.365776e-15   0.000000e+00   2.033424e-15   12
  2.176559e-01   9.385948e-15   2.384186e-09   1.706848e-15   8
  2.513274e-01   6.683022e-14   0.000000e+00   2.032919e-14   6
  2.809926e-01   4.011541e-14   4.495664e-09   1.147055e-14   24
  3.078120e-01   4.413396e-14   4.495664e-09   8.325864e-15   24
  3.554306e-01   3.557786e-14   0.000000e+00   1.076281e-14   12
  3.769911e-01   4.585806e-14   5.086263e-09   8.144056e-15   30
  3.973835e-01   5.596601e-14   0.000000e+00   1.173241e-14   24
  4.167794e-01   3.116424e-14   7.786718e-09   7.500744e-15   24
  4.353118e-01   4.462843e-14   4.768372e-09   3.888520e-15   8
  4.530869e-01   4.360281e-14   6.357829e-09   8.030728e-15   24
  4.701905e-01   4.800364e-14   0.000000e+00   6.472197e-15   48
  5.026548e-01   2.456872e-14   0.000000e+00   7.918785e-15   6
  5.181247e-01   2.987490e-14   6.357829e-09   4.166865e-15   48
  5.331460e-01   3.571044e-14   5.994218e-09   5.692087e-15   36
  5.477554e-01   5.516208e-14   6.357829e-09   1.472583e-14   24
  5.619852e-01   4.258435e-14   8.991328e-09   8.741973e-15   24
  5.758634e-01   4.640422e-14   0.000000e+00   6.212852e-15   48
  5.894150e-01   3.124326e-14   8.991328e-09   5.514036e-15   24
  6.156239e-01   5.733911e-14   8.991328e-09   7.453779e-15   24
  6.283185e-01   2.791815e-14   0.000000e+00   5.308196e-15   30
  6.407617e-01   3.541092e-14   0.000000e+00   4.388560e-15   72
  6.529678e-01   4.060046e-14   9.536743e-09   8.743868e-15   32
  6.767198e-01   4.212132e-14   0.000000e+00   4.710320e-15   72
  6.882885e-01   3.235707e-14   0.000000e+00   6.509490e-15   48
  7.108613e-01   1.051990e-14   0.000000e+00   1.700607e-15   12
  7.218830e-01   3.015118e-14   0.000000e+00   4.534091e-15   48
  7.327390e-01   2.739923e-14   0.000000e+00   3.605519e-15   48
  7.434365e-01   1.947518e-14   8.991328e-09   2.671821e-15   48
  7.539822e-01   3.130017e-14   1.017253e-08   7.026078e-15   30
  7.643825e-01   3.699680e-14   0.000000e+00   3.920125e-15   24
  7.746431e-01   4.181454e-14   1.895538e-08   4.677138e-15   72
  7.947671e-01   3.537703e-14   0.000000e+00   6.805755e-15   24
  8.046403e-01   3.282986e-14   0.000000e+00   3.604279e-15   96
  8.143939e-01   2.586063e-14   0.000000e+00   3.600026e-15   48
  8.240320e-01   1.775068e-14   1.557344e-08   3.541168e-15   24
  8.335587e-01   2.167616e-14   1.557344e-08   3.308187e-15   24
  8.429778e-01   2.706653e-14   0.000000e+00   3.612312e-15   72
  8.522927e-01   2.924970e-14   0.000000e+00   3.400414e-15   48
  8.706237e-01   2.290485e-14   9.536743e-09   2.572630e-15   8
  8.796459e-01   3.015201e-14   1.130281e-08   3.703617e-15   54
  8.885766e-01   3.261076e-14   0.000000e+00   3.006240e-15   84
  8.974184e-01   3.457751e-14   0.000000e+00   4.609409e-15   48
  9.061739e-01   3.832590e-14   1.271566e-08   6.917401e-15   24
  9.148456e-01   2.595088e-14   1.695421e-08   2.057026e-15   72
  9.234359e-01   2.377572e-14   0.000000e+00   2.363376e-15   96
  9.403811e-01   3.598531e-14   0.000000e+00   5.844002e-15   48
  9.487402e-01   2.437019e-14   0.000000e+00   3.814824e-15   48
  9.570263e-01   2.361648e-14   0.000000e+00   3.579385e-15   24
  9.652412e-01   2.129130e-14   0.000000e+00   2.236459e-15   72
  9.814649e-01   2.669616e-14   0.000000e+00   2.891643e-15   72
  9.894770e-01   2.377833e-14   0.000000e+00   2.624373e-15   96
  1.005310e+00   1.124340e-14   0.000000e+00   2.605675e-15   6
  1.013133e+00   2.260142e-14   0.000000e+00   1.718360e-15   96
  1.020897e+00   2.540577e-14   1.271566e-08   2.520748e-15   96
  1.028602e+00   2.316011e-14   0.000000e+00   4.859368e-15   24
  1.036249e+00   2.106496e-14   1.271566e-08   2.348226e-15   48
  1.043841e+00   2.133426e-14   0.000000e+00   2.222843e-15   96
  1.051378e+00   2.667724e-14   0.000000e+00   4.012890e-15   48
  1.066292e+00   2.700699e-14   1.198844e-08   4.718539e-15   36
  1.073671e+00   2.351532e-14   2.202416e-08   2.958094e-15   48
  1.081000e+00   1.577112e-14   2.491750e-08   1.338915e-15   120
  1.088280e+00   1.772740e-14   0.000000e+00   2.349257e-15   56
  1.095511e+00   2.057648e-14   1.271566e-08   4.272563e-15   24
  1.102695e+00   2.513929e-14   0.000000e+00   2.335427e-15   96
  1.109832e+00   2.151992e-14   0.000000e+00   3.265984e-15   48
  1.123970e+00   1.669205e-14   1.798266e-08   4.286976e-15   24
  1.130973e+00   2.273425e-14   0.000000e+00   2.158711e-15   102
  1.137933e+00   2.317676e-14   1.271566e-08   4.265873e-15   48
  1.144851e+00   1.776475e-14   0.000000e+00   2.168404e-15   72
  1.151727e+00   2.618063e-14   0.000000e+00   3.776838e-15   48
  1.158562e+00   2.281448e-14   0.000000e+00   2.952994e-15   48
  1.165357e+00   2.346235e-14   2.877225e-08   2.209031e-15   120
  1.178830e+00   1.894555e-14   1.798266e-08   3.111434e-15   24
  1.185509e+00   1.913827e-14   1.695421e-08   1.355291e-15   144
  1.192151e+00   1.784958e-14   2.034505e-08   1.490730e-15   120
  1.198755e+00   2.372466e-14   1.798266e-08   2.676847e-15   48
  1.211857e+00   1.937025e-14   1.798266e-08   2.778605e-15   48
  1.218355e+00   2.075019e-14   1.798266e-08   1.847249e-15   96
  1.235512e+00   2.412215e-14   3.015167e-03   2.774834e-15   72
  1.244007e+00   1.820374e-14   1.598458e-08   1.688101e-15   108
  1.250338e+00   2.207786e-14   0.000000e+00   2.148105e-15   72
  1.256637e+00   1.996073e-14   0.000000e+00   3.018919e-15   30
  1.262905e+00   1.980939e-14   0.000000e+00   1.373694e-15   168
  1.269141e+00   1.263220e-14   0.000000e+00   1.546894e-15   48
  1.281523e+00   1.613623e-14   0.000000e+00   1.494571e-15   72
  1.287670e+00   2.117772e-14   0.000000e+00   3.013259e-15   96
  1.293787e+00   1.578894e-14   3.390842e-08   1.661499e-15   72
  1.299875e+00   1.807981e-14   0.000000e+00   2.878469e-15   72
  1.310112e+00   1.612048e-14   2.784031e-03   1.260526e-15   104
  1.317972e+00   1.664231e-14   2.397687e-08   1.370815e-15   144
  1.335824e+00   1.500313e-14   4.021044e-08   1.687629e-15   96
  1.341721e+00   1.267330e-14   0.000000e+00   1.127652e-15   96
  1.351101e+00   1.906722e-14   2.864148e-03   1.864738e-15   120
  1.359261e+00   1.693251e-14   0.000000e+00   1.416299e-15   120
  1.365057e+00   1.755944e-14   0.000000e+00   2.262632e-15   72
  1.376577e+00   1.459933e-14   0.000000e+00   1.760423e-15   48
  1.382301e+00   1.668179e-14   3.130008e-08   2.212326e-15   78
  1.389623e+00   1.723289e-14   2.564571e-03   1.164294e-15   168
  1.404963e+00   1.743449e-14   2.936555e-08   1.407496e-15   144
  1.410572e+00   1.721087e-14   2.397687e-08   1.735486e-15   144
  1.426839e+00   1.683756e-14   1.476986e-03   1.300053e-15   156
  1.432787e+00   1.379365e-14   3.114687e-08   2.297670e-15   48
  1.438287e+00   1.484058e-14   2.034505e-08   1.437959e-15   120
  1.443766e+00   1.094624e-14   0.000000e+00   1.368076e-15   48
  1.453454e+00   1.441348e-14   2.260797e-03   8.721293e-16   216
  1.465478e+00   1.133354e-14   0.000000e+00   1.693127e-15   48
  1.470856e+00   1.729011e-14   1.798266e-08   1.628774e-15   96
  1.478502e+00   1.634988e-14   2.642094e-03   1.177846e-15   168
  1.486873e+00   1.324829e-14   1.798266e-08   1.317359e-15   48
  1.492174e+00   1.440013e-14   0.000000e+00   1.732893e-15   96
  1.497456e+00   1.242842e-14   0.000000e+00   1.333126e-15   48
  1.507964e+00   1.095026e-14   2.034505e-08   1.490710e-15   30
  1.513191e+00   1.261793e-14   0.000000e+00   1.199520e-15   96
  1.519439e+00   1.269418e-14   2.076451e-03   7.364191e-16   240
  1.527472e+00   1.217831e-14   2.240191e-03   2.019131e-15   32
  1.533921e+00   1.403754e-14   0.000000e+00   1.045145e-15   168
  1.539060e+00   1.395240e-14   0.000000e+00   9.930955e-16   120
  1.549286e+00   1.390538e-14   3.791077e-08   1.561872e-15   72
  1.554374e+00   1.470550e-14   1.695421e-08   1.089391e-15   144
  1.559446e+00   1.468990e-14   0.000000e+00   1.887622e-15   96
  1.564501e+00   1.273679e-14   0.000000e+00   1.602848e-15   96
  1.574562e+00   7.673611e-15   0.000000e+00   8.900839e-16   72
  1.579568e+00   1.022742e-14   2.543132e-08   7.871569e-16   96
  1.589534e+00   1.877270e-14   0.000000e+00   2.845682e-15   24
  1.594494e+00   1.400685e-14   0.000000e+00   9.793961e-16   192
  1.600334e+00   1.203442e-14   1.901066e-03   1.015681e-15   132
  1.609281e+00   1.131528e-14   0.000000e+00   9.515681e-16   96
  1.614180e+00   9.630564e-15   0.000000e+00   9.527706e-16   96
  1.619064e+00   1.256394e-14   2.034505e-08   1.221185e-15   120
  1.628788e+00   8.472579e-15   0.000000e+00   9.661850e-16   48
  1.636759e+00   1.201601e-14   2.303939e-03   7.510474e-16   222
  1.643266e+00   1.095152e-14   0.000000e+00   1.057757e-15   120
  1.648064e+00   1.298207e-14   3.114687e-08   1.493060e-15   24
  1.655050e+00   1.202944e-14   2.378000e-03   7.037347e-16   312
  1.670270e+00   1.226444e-14   2.229470e-03   1.317500e-15   72
  1.676563e+00   1.501093e-14   3.114687e-08   1.318987e-15   96
  1.683024e+00   1.174269e-14   2.270407e-03   7.847510e-16   192
  1.690632e+00   9.358191e-15   2.877225e-08   8.677914e-16   120
  1.695296e+00   1.079816e-14   0.000000e+00   7.613250e-16   144
  1.704585e+00   1.333233e-14   0.000000e+00   2.337958e-15   48
  1.711188e+00   1.095963e-14   2.282974e-03   5.509575e-16   336
  1.718425e+00   9.655087e-15   0.000000e+00   1.478302e-15   48
  1.727590e+00   1.039287e-14   0.000000e+00   7.663346e-16   192
  1.732155e+00   8.982152e-15   0.000000e+00   1.478466e-15   48
  1.745129e+00   1.125927e-14   1.584683e-03   1.762679e-15   56
  1.751580e+00   1.064976e-14   2.035272e-03   6.069866e-16   336
  1.759292e+00   1.104935e-14   2.260561e-08   1.519336e-15   54
  1.766010e+00   8.914394e-15   2.235459e-03   6.911890e-16   240
  1.779956e+00   9.311044e-15   2.140470e-03   5.361025e-16   228
  1.786017e+00   8.467694e-15   2.397687e-08   9.621508e-16   72
  1.791900e+00   9.114164e-15   2.076308e-03   7.224736e-16   144
  1.799230e+00   8.720584e-15   0.000000e+00   9.418039e-16   96
  1.803613e+00   1.203296e-14   2.877225e-08   7.385587e-16   240
  1.812348e+00   6.416540e-15   2.543132e-08   1.353002e-15   24
  1.817939e+00   8.898517e-15   1.961057e-03   4.265412e-16   336
  1.825371e+00   7.230784e-15   0.000000e+00   8.914077e-16   72
  1.832154e+00   8.565456e-15   2.133012e-03   5.751045e-16   168
  1.838302e+00   1.224218e-14   0.000000e+00   1.033987e-15   72
  1.846872e+00   7.751382e-15   0.000000e+00   5.873505e-16   96
  1.853509e+00   8.594801e-15   2.117011e-03   6.058636e-16   216
  1.859653e+00   9.008771e-15   0.000000e+00   8.049133e-16   96
  1.868125e+00   8.502612e-15   2.543132e-08   5.718788e-16   192
  1.872347e+00   8.096926e-15   2.397687e-08   6.654605e-16   144
  1.880762e+00   3.489159e-15   0.000000e+00   3.950407e-16   48
  1.886588e+00   8.851105e-15   2.041047e-03   4.912547e-16   246
  1.894505e+00   7.906056e-15   1.881878e-03   5.587841e-16   168
  1.901637e+00   7.403679e-15   4.983500e-08   6.836324e-16   120
  1.905784e+00   9.439537e-15   0.000000e+00   5.552888e-16   240
  1.914053e+00   5.082309e-15   0.000000e+00   1.025710e-15   24
  1.920640e+00   7.383595e-15   2.014384e-03   3.464038e-16   360
  1.928845e+00   9.419737e-15   2.005812e-03   8.544358e-16   120
  1.934568e+00   6.648542e-15   0.000000e+00   4.861887e-16   144
  1.938645e+00   7.019537e-15   0.000000e+00   6.982313e-16   96
  1.950825e+00   7.795498e-15   0.000000e+00   5.733013e-16   144
  1.954868e+00   6.631660e-15   0.000000e+00   5.391910e-16   132
  1.960551e+00   6.962167e-15   1.979707e-03   4.746736e-16   176
  1.968799e+00   7.576173e-15   1.999105e-03   4.277664e-16   312
  1.978954e+00   7.095492e-15   0.000000e+00   7.077116e-16   96
  1.982940e+00   7.388907e-15   0.000000e+00   6.202043e-16   144
  1.989055e+00   6.895469e-15   1.979053e-03   3.860776e-16   312
  1.998804e+00   9.513047e-15   0.000000e+00   1.162064e-15   48
  2.002750e+00   6.251267e-15   2.543132e-08   4.294638e-16   192
  2.010619e+00   2.665781e-14   0.000000e+00   1.175230e-14   6
  2.015848e+00   7.350068e-15   1.845802e-03   4.212912e-16   288
  2.024316e+00   6.918323e-15   1.950210e-03   4.407467e-16   192
  2.030159e+00   7.347527e-15   5.980883e-08   4.801370e-16   216
  2.034045e+00   6.556299e-15   0.000000e+00   7.636811e-16   72
  2.043725e+00   6.220324e-15   1.931689e-03   4.318165e-16   192
  2.050154e+00   6.519851e-15   1.434383e-03   4.121546e-16   288
  2.057204e+00   1.048226e-14   0.000000e+00   1.648778e-15   24
  2.062650e+00   6.199196e-15   1.889681e-03   2.808491e-16   456
  2.072499e+00   8.330474e-15   0.000000e+00   1.239191e-15   48
  2.078585e+00   6.952206e-15   1.861260e-03   4.374438e-16   240
  2.085579e+00   6.074959e-15   1.881013e-03   3.600896e-16   216
  2.091461e+00   7.240002e-15   0.000000e+00   8.701293e-16   72
  2.095233e+00   7.693487e-15   6.498988e-08   5.106401e-16   168
  2.105882e+00   6.038900e-15   1.398129e-03   3.235320e-16   288
  2.111855e+00   5.589849e-15   1.849965e-03   5.508618e-16   168
  2.121448e+00   5.668308e-15   0.000000e+00   3.845715e-16   192
  2.125166e+00   6.511159e-15   2.397687e-08   4.171227e-16   144
  2.132584e+00   4.058343e-15   2.397687e-08   7.285940e-16   36
  2.138874e+00   6.005497e-15   1.689411e-03   3.010487e-16   342
  2.144889e+00   7.560258e-15   1.734820e-03   6.225428e-16   144
  2.152621e+00   6.014807e-15   1.819392e-03   3.025467e-16   384
  2.162000e+00   5.662400e-15   4.983500e-08   3.818525e-16   120
  2.166643e+00   6.084940e-15   1.622368e-03   3.709954e-16   264
  2.172929e+00   6.171550e-15   8.042088e-08   4.181817e-16   192
  2.178848e+00   5.689609e-15   1.748412e-03   5.080293e-16   152
  2.183802e+00   4.972240e-15   4.795375e-08   3.840578e-16   144
  2.194222e+00   5.866457e-15   1.131589e-03   3.995729e-16   216
  2.199045e+00   5.550264e-15   1.512105e-03   3.186721e-16   312
  2.207535e+00   5.710233e-15   1.752500e-03   3.265069e-16   240
  2.212538e+00   5.496737e-15   2.543132e-08   5.696667e-16   96
  2.222033e+00   4.533938e-15   1.675517e-03   2.872623e-16   144
  2.227885e+00   5.557379e-15   1.646885e-03   2.581410e-16   456
  2.237379e+00   4.676428e-15   0.000000e+00   3.890122e-16   120
  2.240905e+00   5.538706e-15   0.000000e+00   4.101897e-16   144
  2.247941e+00   5.729004e-15   3.596531e-08   9.268369e-16   24
  2.252452e+00   5.071681e-15   1.583038e-03   2.629441e-16   336
  2.260253e+00   4.750405e-15   1.745876e-03   3.422862e-16   198
  2.267563e+00   4.567885e-15   1.697764e-03   2.340108e-16   432
  2.275867e+00   5.753213e-15   5.086263e-08   8.291266e-16   48
  2.280199e+00   4.825892e-15   1.498832e-03   2.337040e-16   384
  2.287976e+00   4.462760e-15   1.725473e-03   3.290927e-16   144
  2.295024e+00   5.497775e-15   1.713168e-03   3.172803e-16   264
  2.303454e+00   5.483142e-15   0.000000e+00   4.619304e-16   48
  2.309110e+00   4.283931e-15   1.628943e-03   2.459291e-16   276
  2.314567e+00   5.050945e-15   1.476593e-03   3.892525e-16   192
  2.321860e+00   4.418053e-15   1.659366e-03   1.830178e-16   552
  2.330715e+00   4.562876e-15   4.069010e-08   3.846218e-16   120
  2.335978e+00   4.253287e-15   1.679687e-03   2.705452e-16   216
  2.340855e+00   4.905909e-15   4.069010e-08   4.217643e-16   120
  2.349569e+00   4.639513e-15   1.654080e-03   2.024469e-16   408
  2.357660e+00   4.470779e-15   3.596531e-08   9.551768e-16   24
  2.362678e+00   4.324541e-15   1.670919e-03   2.084181e-16   384
  2.369685e+00   4.241198e-15   1.632547e-03   2.391277e-16   240
  2.375770e+00   3.756809e-15   1.644502e-03   3.119994e-16   168
  2.384301e+00   3.497751e-15   0.000000e+00   2.551890e-16   120
  2.389801e+00   3.953321e-15   1.714308e-03   2.015064e-16   350
  2.398744e+00   4.169724e-15   2.822081e-03   1.982699e-16   384
  2.404088e+00   5.365615e-15   0.000000e+00   4.179399e-16   144
  2.413921e+00   4.561739e-15   3.390842e-08   3.113312e-16   288
  2.419055e+00   4.324233e-15   1.615394e-03   2.880618e-16   336
  2.426039e+00   4.608112e-15   1.470682e-03   3.317972e-16   168
  2.430220e+00   4.036870e-15   9.639558e-08   2.426356e-16   336
  2.438868e+00   4.716828e-15   1.526480e-03   2.780056e-16   288
  2.444062e+00   4.725016e-15   1.438335e-03   3.255325e-16   264
  2.452858e+00   4.661089e-15   0.000000e+00   3.458951e-16   240
  2.456075e+00   3.598120e-15   0.000000e+00   3.691336e-16   96
  2.467620e+00   4.533125e-15   1.956039e-03   2.191800e-16   360
  2.473008e+00   5.534187e-15   1.441936e-03   4.675722e-16   168
  2.479816e+00   4.094612e-15   1.571860e-03   1.836575e-16   456
  2.488014e+00   3.698676e-15   4.521123e-08   3.499867e-16   108
  2.492626e+00   3.740835e-15   1.577159e-03   2.085805e-16   264
  2.498378e+00   4.091838e-15   1.407083e-03   1.987979e-16   264
  2.506256e+00   3.807906e-15   1.327788e-03   2.147443e-16   312
  2.516065e+00   4.091764e-15   9.866910e-04   3.084635e-16   270
  2.520176e+00   4.294598e-15   1.252729e-03   2.729488e-16   240
  2.527567e+00   4.002271e-15   1.549783e-03   1.965766e-16   384
  2.532054e+00   3.990063e-15   5.086263e-08   2.752755e-16   192
  2.540769e+00   3.908904e-15   1.243495e-03   2.381631e-16   240
  2.545825e+00   3.932023e-15   1.534673e-03   1.892947e-16   336
  2.555333e+00   4.126489e-15   1.544942e-03   1.547098e-16   480
  2.563047e+00   3.972894e-15   3.390842e-08   4.362858e-16   72
  2.567356e+00   3.719046e-15   1.506459e-03   2.679244e-16   240
  2.573216e+00   3.713541e-15   1.415865e-03   1.956245e-16   312
  2.579934e+00   3.450106e-15   1.530210e-03   2.445450e-16   240
  2.590086e+00   3.703364e-15   1.162564e-03   1.656573e-16   408
  2.594104e+00   3.518778e-15   1.064628e-03   1.900830e-16   336
  2.601958e+00   4.135985e-15   1.351816e-03   2.651945e-16   264
  2.605818e+00   3.352204e-15   0.000000e+00   2.771719e-16   144
  2.616557e+00   3.299362e-15   1.873697e-03   1.569033e-16   464
  2.622215e+00   3.520387e-15   1.489973e-03   2.859094e-16   168
  2.627801e+00   3.717315e-15   1.357041e-03   1.994103e-16   336
  2.637897e+00   3.184473e-15   1.425837e-03   1.442957e-16   414
  2.643588e+00   3.465229e-15   1.484211e-03   2.496044e-16   216
  2.650879e+00   3.947742e-15   3.596531e-08   3.596309e-16   96
  2.653856e+00   3.359913e-15   8.809666e-08   1.933225e-16   384
  2.664284e+00   3.681967e-15   1.481344e-03   1.667268e-16   492
  2.669873e+00   3.704417e-15   1.448627e-03   2.367781e-16   240
  2.676189e+00   3.063378e-15   1.470864e-03   1.701072e-16   312
  2.684913e+00   4.308954e-15   1.470380e-03   2.811307e-16   192
  2.690439e+00   3.502526e-15   1.424976e-03   1.593373e-16   504
  2.697770e+00   3.247764e-15   9.433586e-04   1.577701e-16   408
  2.703542e+00   2.730112e-15   2.890096e-03   2.178349e-16   168
  2.710765e+00   3.796997e-15   1.372821e-03   2.115896e-16   288
  2.716826e+00   3.224747e-15   1.432656e-03   1.704247e-16   288
  2.723035e+00   3.169238e-15   1.440903e-03   1.565992e-16   432
  2.732042e+00   3.748513e-15   1.362614e-03   2.200724e-16   216
  2.736854e+00   3.726430e-15   1.359739e-03   2.000304e-16   360
  2.745421e+00   3.248580e-15   1.327092e-03   1.626171e-16   312
  2.753154e+00   3.016391e-15   0.000000e+00   4.614961e-16   48
  2.757611e+00   3.304306e-15   1.422834e-03   1.576836e-16   432
  2.765594e+00   3.187559e-15   2.373302e-03   1.522013e-16   414
  2.770308e+00   3.428016e-15   5.421333e-08   1.827432e-16   312
  2.779102e+00   3.275202e-15   2.082441e-03   1.474080e-16   528
  2.785037e+00   3.327195e-15   1.093105e-03   2.198818e-16   264
  2.792167e+00   3.498406e-15   1.296122e-03   1.526869e-16   480
  2.801483e+00   3.005620e-15   0.000000e+00   1.621246e-16   288
  2.805506e+00   3.392039e-15   1.392643e-03   2.868770e-16   168
  2.812867e+00   3.485877e-15   2.204550e-03   1.674988e-16   504
  2.821143e+00   3.365692e-15   3.390842e-08   3.020932e-16   144
  2.826350e+00   3.485422e-15   1.415850e-03   1.805000e-16   464
  2.834173e+00   3.170989e-15   2.077839e-03   1.579740e-16   432
  2.837886e+00   3.652494e-15   3.596531e-08   2.239287e-16   192
  2.847481e+00   3.074621e-15   1.540373e-03   1.596233e-16   396
  2.853147e+00   3.478283e-15   1.383680e-03   2.126902e-16   288
  2.858874e+00   2.910156e-15   1.366839e-03   1.771407e-16   336
  2.868021e+00   3.317933e-15   8.655099e-04   1.682598e-16   432
  2.873827e+00   3.143528e-15   2.243281e-03   1.524402e-16   360
  2.880345e+00   3.318137e-15   1.326934e-03   1.596256e-16   384
  2.889603e+00   3.272926e-15   1.171274e-03   2.142353e-16   198
  2.894063e+00   3.244298e-15   1.331357e-03   1.287472e-16   552
  2.902381e+00   3.563079e-15   1.863809e-03   1.686062e-16   432
  2.909325e+00   2.839061e-15   7.119285e-08   2.183160e-16   168
  2.915153e+00   3.148081e-15   2.310442e-03   1.464937e-16   480
  2.922863e+00   4.097558e-15   0.000000e+00   3.671253e-16   120
  2.926334e+00   3.273106e-15   1.887069e-03   1.493169e-16   336
  2.934802e+00   3.088974e-15   1.331298e-03   1.247544e-16   672
  2.943175e+00   2.904431e-15   1.936554e-03   1.315996e-16   528
  2.947075e+00   3.401864e-15   5.812872e-08   2.906554e-16   168
  2.956085e+00   3.062212e-15   2.160213e-03   1.571488e-16   456
  2.961583e+00   3.049011e-15   1.319260e-03   2.197308e-16   168
  2.967291e+00   3.022652e-15   1.316892e-03   1.541315e-16   504
  2.976778e+00   3.352459e-15   1.694638e-03   1.917963e-16   336
  2.982515e+00   3.313378e-15   1.221633e-03   1.879033e-16   312
  2.988879e+00   2.991787e-15   1.193619e-03   1.381288e-16   504
  2.997254e+00   3.057003e-15   8.281656e-04   1.548801e-16   432
  3.001192e+00   3.434396e-15   1.279790e-03   2.142660e-16   312
  3.009377e+00   3.179735e-15   1.311847e-03   1.533870e-16   384
  3.017923e+00   3.270824e-15   1.114566e-03   2.962382e-16   126
  3.023199e+00   3.358425e-15   1.956913e-03   1.512761e-16   492
  3.029938e+00   3.094234e-15   1.253405e-03   1.262921e-16   528
  3.038360e+00   2.913776e-15   1.273190e-03   1.398158e-16   480
  3.043581e+00   2.989233e-15   1.758905e-03   1.749593e-16   432
  3.051137e+00   3.274516e-15   1.383146e-03   1.805779e-16   440
  3.059913e+00   3.386719e-15   6.878330e-04   1.862135e-16   312
  3.063206e+00   3.283242e-15   1.030775e-03   1.618981e-16   480
  3.069960e+00   3.009746e-15   2.018238e-03   1.407297e-16   408
  3.079829e+00   3.012462e-15   1.208696e-03   1.426493e-16   360
  3.083998e+00   3.325733e-15   1.166348e-03   1.574380e-16   408
  3.091725e+00   3.022751e-15   1.186907e-03   1.379020e-16   456
  3.100425e+00   2.969217e-15   1.134390e-03   1.916757e-16   264
  3.105254e+00   3.000038e-15   1.231098e-03   1.622266e-16   384
  3.112283e+00   3.444900e-15   2.072640e-03   1.425182e-16   672
  3.120409e+00   3.152786e-15   1.239707e-03   2.124904e-16   240
  3.125099e+00   3.076245e-15   1.257992e-03   1.710635e-16   264
  3.131717e+00   3.476751e-15   1.551526e-03   1.476721e-16   624
  3.141593e+00   3.227023e-15   0.000000e+00   2.627918e-16   150
  3.145109e+00   3.093030e-15   1.738607e-03   1.305309e-16   600
  3.152524e+00   3.335524e-15   1.199942e-03   1.594697e-16   672
  3.160921e+00   3.226578e-15   1.128630e-03   1.749451e-16   336
  3.165599e+00   2.787358e-15   1.227621e-03   1.512319e-16   408
  3.173072e+00   3.125347e-15   1.224729e-03   1.611286e-16   408
  3.181385e+00   3.479029e-15   6.192886e-04   1.983543e-16   360
  3.186510e+00   3.159456e-15   2.273829e-03   1.873377e-16   456
  3.192699e+00   3.422868e-15   1.236522e-03   1.695909e-16   384
  3.200577e+00   3.182843e-15   1.141466e-03   1.729713e-16   348
  3.204835e+00   3.252685e-15   1.407202e-03   1.476165e-16   576
  3.212832e+00   3.190266e-15   1.158646e-03   1.458452e-16   504
  3.221013e+00   3.579413e-15   1.634203e-03   1.907324e-16   432
  3.228154e+00   2.811415e-15   2.223325e-03   1.263047e-16   576
  3.233247e+00   3.499712e-15   0.000000e+00   2.966142e-16   264
  3.241325e+00   3.153957e-15   1.769212e-03   1.250894e-16   768
  3.248351e+00   3.530707e-15   2.381921e-03   2.681907e-16   240
  3.253937e+00   2.876308e-15   2.100629e-03   2.460709e-16   192
  3.262073e+00   3.080702e-15   1.546319e-03   1.475382e-16   504
  3.268108e+00   2.829119e-15   2.083724e-03   1.370392e-16   590
  3.273894e+00   3.047599e-15   2.334698e-03   1.836269e-16   384
  3.281151e+00   3.300515e-15   1.951120e-03   1.585708e-16   504
  3.289911e+00   2.964268e-15   1.877651e-03   1.489844e-16   648
  3.298409e+00   3.437353e-15   5.099453e-04   1.659227e-16   504
  3.301835e+00   3.053255e-15   1.163281e-03   1.893249e-16   312
  3.307884e+00   2.789342e-15   1.676002e-03   1.267491e-16   576
  3.316189e+00   3.925077e-15   1.166339e-03   2.598649e-16   240
  3.321030e+00   3.180365e-15   1.178530e-03   1.515642e-16   552
  3.327882e+00   3.295745e-15   1.106612e-03   1.501433e-16   600
  3.337643e+00   3.188578e-15   1.351639e-03   1.440004e-16   600
  3.343511e+00   3.350402e-15   2.164544e-03   2.029996e-16   312
  3.349356e+00   3.055069e-15   1.885103e-03   1.501841e-16   480
  3.356656e+00   3.232126e-15   1.176123e-03   1.414086e-16   576
  3.363084e+00   3.384454e-15   1.893814e-03   1.808287e-16   408
  3.368787e+00   4.207331e-15   2.209222e-03   2.965538e-16   216
  3.376156e+00   3.043259e-15   1.692015e-03   1.514812e-16   516
  3.384050e+00   3.113744e-15   1.614354e-03   1.154089e-16   744
  3.392194e+00   3.111532e-15   1.078246e-03   1.458071e-16   462
  3.396796e+00   3.453589e-15   1.095881e-03   1.779744e-16   432
  3.403934e+00   3.083478e-15   1.016670e-03   1.219172e-16   648
  3.412327e+00   4.242425e-15   1.487578e-03   2.219633e-16   528
  3.419069e+00   3.389277e-15   1.791415e-03   1.502861e-16   600
  3.425805e+00   2.686292e-15   2.258506e-03   1.578462e-16   240
  3.432329e+00   3.259258e-15   1.729994e-03   1.286550e-16   720
  3.439912e+00   3.550390e-15   1.368738e-03   1.498926e-16   720
  3.448318e+00   4.107600e-15   0.000000e+00   3.863761e-16   144
  3.452742e+00   3.351352e-15   1.764713e-03   1.474495e-16   720
  3.459035e+00   3.825117e-15   1.058157e-03   2.675058e-16   384
  3.466913e+00   3.194615e-15   1.173023e-03   1.453572e-16   672
  3.474387e+00   3.105925e-15   2.053834e-03   1.978636e-16   336
  3.477957e+00   3.419807e-15   0.000000e+00   2.258517e-16   288
  3.486699e+00   3.624021e-15   1.625472e-03   1.518987e-16   776
  3.494792e+00   3.593538e-15   1.390838e-03   1.594092e-16   720
  3.501588e+00   3.646460e-15   1.120422e-03   1.943997e-16   432
  3.507024e+00   3.243246e-15   1.597303e-03   1.621506e-16   504
  3.513071e+00   3.210702e-15   1.119137e-03   1.529725e-16   528
  3.521533e+00   3.746691e-15   1.524759e-03   2.259012e-16   438
  3.528495e+00   3.480260e-15   1.774680e-03   1.742820e-16   624
  3.533741e+00   3.383204e-15   2.173744e-03   1.974692e-16   312
  3.540952e+00   3.234778e-15   1.171159e-03   1.405977e-16   696
  3.548410e+00   3.266561e-15   1.059686e-03   1.518318e-16   552
  3.556166e+00   2.890976e-15   8.198436e-04   1.397220e-16   516
  3.560964e+00   3.561167e-15   1.637576e-03   1.884724e-16   528
  3.566805e+00   3.939090e-15   1.064960e-03   1.973445e-16   528
  3.575102e+00   3.688110e-15   1.404467e-03   1.377488e-16   864
  3.580734e+00   3.245423e-15   1.923830e-03   1.692652e-16   408
  3.586372e+00   2.688725e-15   1.906039e-03   2.043552e-16   192
  3.594362e+00   3.477443e-15   1.577339e-03   1.539202e-16   720
  3.601108e+00   3.471890e-15   1.454384e-03   1.503775e-16   696
  3.609123e+00   3.758445e-15   1.570748e-03   1.872614e-16   720
  3.616456e+00   3.263443e-15   2.128961e-03   1.549977e-16   432
  3.620733e+00   3.912444e-15   1.253189e-03   3.068497e-16   264
  3.628427e+00   3.281091e-15   1.730599e-03   1.494156e-16   672
  3.635310e+00   3.429331e-15   1.771868e-03   1.569396e-16   600
  3.643477e+00   3.508123e-15   1.037427e-03   2.599585e-16   270
  3.647594e+00   3.957222e-15   1.561617e-03   2.329290e-16   528
  3.654138e+00   3.410680e-15   1.069340e-03   1.539829e-16   840
  3.663112e+00   3.565101e-15   2.044769e-03   1.427817e-16   888
  3.671403e+00   3.760657e-15   1.523504e-03   1.626731e-16   744
  3.678411e+00   3.202701e-15   7.828584e-04   1.764898e-16   456
  3.681896e+00   2.942079e-15   1.069824e-03   1.967569e-16   360
  3.687860e+00   4.558018e-15   9.269427e-04   2.617864e-16   384
  3.697011e+00   3.799511e-15   1.486807e-03   1.604477e-16   816
  3.703877e+00   3.755836e-15   2.157150e-03   1.582862e-16   824
  3.712223e+00   3.556036e-15   1.002746e-03   2.120901e-16   360
  3.716692e+00   3.429202e-15   1.479676e-03   1.767360e-16   624
  3.722842e+00   3.659365e-15   9.998850e-04   2.223620e-16   360
  3.731036e+00   3.832575e-15   1.360137e-03   1.564122e-16   876
  3.738436e+00   3.543299e-15   1.615436e-03   1.737445e-16   696
  3.745899e+00   3.704512e-15   1.043143e-03   2.416488e-16   336
  3.749811e+00   3.114126e-15   1.041971e-03   1.490621e-16   504
  3.756273e+00   3.904179e-15   1.051000e-03   1.681870e-16   672
  3.765859e+00   3.482744e-15   2.092296e-03   1.583097e-16   720
  3.772508e+00   3.632771e-15   1.580506e-03   1.609053e-16   774
  3.779846e+00   4.524083e-15   9.046409e-04   2.550901e-16   384
  3.783690e+00   3.383732e-15   1.740917e-03   1.537973e-16   528
  3.789655e+00   3.902403e-15   1.659191e-03   1.596627e-16   744
  3.799249e+00   3.502967e-15   1.368481e-03   1.691415e-16   768
  3.805620e+00   4.233233e-15   1.536223e-03   2.379010e-16   552
  3.813568e+00   3.675372e-15   1.674309e-03   1.749521e-16   696
  3.819481e+00   3.888071e-15   2.034577e-03   2.333262e-16   408
  3.824174e+00   3.672379e-15   8.789532e-04   2.063987e-16   504
  3.831615e+00   3.514801e-15   1.579007e-03   1.426859e-16   888
  3.838937e+00   3.555148e-15   1.641044e-03   1.734474e-16   648
  3.846547e+00   3.907299e-15   1.626978e-03   1.940020e-16   648
  3.853707e+00   4.024680e-15   1.754281e-03   1.647317e-16   792
  3.861291e+00   4.305079e-15   2.566633e-03   2.051162e-16   600
  3.866880e+00   3.789288e-15   1.739428e-03   2.413902e-16   456
  3.872762e+00   3.910468e-15   8.477229e-04   1.891633e-16   648
  3.880317e+00   3.995082e-15   1.653183e-03   1.639458e-16   936
  3.888474e+00   3.501729e-15   1.015268e-03   2.200399e-16   384
  3.895575e+00   4.381033e-15   0.000000e+00   3.039996e-16   198
  3.901055e+00   3.909228e-15   2.575821e-03   1.370933e-16   1224
  3.906966e+00   3.511071e-15   1.875990e-03   2.223802e-16   420
  3.913957e+00   4.014409e-15   1.815566e-03   1.867430e-16   792
  3.920793e+00   3.793572e-15   1.501318e-03   1.719547e-16   680
  3.928594e+00   4.169455e-15   1.378581e-03   2.123412e-16   600
  3.934870e+00   3.790441e-15   1.999321e-03   1.546275e-16   840
  3.943251e+00   3.612655e-15   9.439865e-04   2.325867e-16   432
  3.946454e+00   4.103015e-15   8.846397e-04   1.851032e-16   720
  3.953417e+00   3.955196e-15   1.771778e-03   1.602605e-16   960
  3.962077e+00   4.094653e-15   1.579411e-03   2.481054e-16   528
  3.968405e+00   4.178064e-15   1.614459e-03   2.225656e-16   624
  3.975938e+00   3.286515e-15   1.268954e-03   1.332143e-16   816
  3.983415e+00   3.647473e-15   2.086821e-03   1.598344e-16   696
  3.991678e+00   4.419990e-15   1.150890e-07   3.958547e-16   240
  3.994784e+00   4.170927e-15   1.230648e-03   1.869781e-16   672
  4.001719e+00   3.942618e-15   2.199344e-03   1.747836e-16   864
  4.009498e+00   4.262696e-15   1.687640e-03   1.902017e-16   816
  4.016509e+00   4.041556e-15   9.659469e-04   2.100056e-16   648
  4.024060e+00   3.540015e-15   9.873737e-04   1.461246e-16   843
  4.030471e+00   4.663162e-15   1.776528e-03   1.986672e-16   780
  4.038111e+00   5.339320e-15   9.532520e-04   3.837220e-16   216
  4.042823e+00   4.236387e-15   2.298663e-03   1.683098e-16   1056
  4.050071e+00   3.918228e-15   1.880564e-03   2.919413e-16   228
  4.056781e+00   4.090167e-15   2.341349e-03   1.627670e-16   924
  4.063670e+00   3.416664e-15   8.685094e-04   1.737331e-16   696
  4.070964e+00   4.965932e-15   1.545698e-03   1.917729e-16   996
  4.078428e+00   4.959015e-15   9.125493e-04   2.609355e-16   576
  4.086192e+00   4.765442e-15   1.408459e-03   2.540259e-16   552
  4.091852e+00   3.490144e-15   1.681651e-03   1.911442e-16   516
  4.097596e+00   4.290859e-15   2.445470e-03   1.998792e-16   744
  4.104159e+00   4.688018e-15   1.199649e-03   2.272990e-16   576
  4.109868e+00   4.206942e-15   1.234742e-03   1.712663e-16   792
  4.117982e+00   3.920000e-15   1.411539e-03   1.679169e-16   792
  4.123927e+00   4.581263e-15   1.522330e-03   2.021370e-16   720
  4.131968e+00   4.467634e-15   1.735107e-03   2.343058e-16   656
  4.139503e+00   4.098530e-15   1.894646e-03   1.706276e-16   816
  4.147227e+00   4.385914e-15   1.021561e-03   2.312891e-16   492
  4.151618e+00   4.154578e-15   1.469588e-03   2.199509e-16   552
  4.159858e+00   4.954092e-15   2.555435e-03   2.043282e-16   780
  4.165209e+00   4.050277e-15   1.569773e-03   2.067390e-16   528
  4.170975e+00   4.328921e-15   1.832403e-03   2.184808e-16   600
  4.179472e+00   4.093466e-15   1.522872e-03   1.732742e-16   900
  4.185329e+00   4.609175e-15   8.430879e-04   2.163090e-16   696
  4.193388e+00   4.655022e-15   2.131780e-03   2.317110e-16   696
  4.201183e+00   4.527708e-15   8.648430e-04   2.142618e-16   552
  4.207739e+00   4.824587e-15   1.005732e-03   2.311685e-16   708
  4.214606e+00   5.105790e-15   1.660522e-03   2.456562e-16   876
  4.221752e+00   5.428895e-15   8.817041e-04   4.888404e-16   216
  4.226547e+00   4.476537e-15   2.411580e-03   1.917404e-16   1032
  4.233729e+00   4.761806e-15   2.685028e-03   2.222226e-16   600
  4.241182e+00   5.292205e-15   1.281196e-03   2.700846e-16   600
  4.246868e+00   4.191265e-15   2.262472e-03   2.232821e-16   528
  4.253589e+00   5.238086e-15   1.241998e-03   2.385535e-16   732
  4.260669e+00   4.404753e-15   9.171027e-04   3.123269e-16   336
  4.268820e+00   4.707584e-15   1.307053e-03   1.900632e-16   912
  4.274911e+00   5.049358e-15   1.311885e-03   2.551903e-16   624
  4.281565e+00   4.794778e-15   1.105498e-03   2.097570e-16   768
  4.289333e+00   4.734579e-15   1.994537e-03   2.110659e-16   792
  4.296957e+00   5.530413e-15   9.888090e-04   2.463146e-16   660
  4.302382e+00   4.812732e-15   1.457169e-03   2.434246e-16   504
  4.307992e+00   5.319911e-15   2.380735e-03   3.133807e-16   480
  4.316401e+00   5.694081e-15   2.201870e-03   2.395820e-16   912
  4.322985e+00   5.419300e-15   2.452123e-03   3.043943e-16   432
  4.329203e+00   5.111206e-15   1.456013e-03   2.672222e-16   564
  4.334724e+00   4.489084e-15   1.393605e-03   2.257914e-16   600
  4.342496e+00   5.695587e-15   1.942553e-03   2.516401e-16   876
  4.348334e+00   5.425715e-15   8.734307e-04   3.872293e-16   264
  4.356382e+00   5.416710e-15   1.694799e-03   2.611729e-16   560
  4.362850e+00   5.062037e-15   1.151652e-03   2.099886e-16   840
  4.370702e+00   5.242822e-15   1.775516e-03   2.058313e-16   1008
  4.377963e+00   5.358460e-15   7.942467e-04   3.276901e-16   456
  4.384595e+00   5.060767e-15   1.028834e-03   2.493655e-16   576
  4.390725e+00   5.445172e-15   1.580913e-03   3.118949e-16   612
  4.398809e+00   6.186303e-15   1.412012e-03   2.933099e-16   780
  4.405404e+00   5.175307e-15   1.618102e-03   2.213002e-16   648
  4.412155e+00   5.264227e-15   7.540562e-04   3.363683e-16   312
  4.416470e+00   6.122964e-15   1.915933e-03   3.472842e-16   528
  4.423945e+00   5.989708e-15   2.502113e-03   2.607033e-16   720
  4.431093e+00   6.519547e-15   2.509948e-03   3.418552e-16   576
  4.439759e+00   5.100932e-15   2.165154e-03   2.963412e-16   444
  4.445151e+00   5.169521e-15   2.123318e-03   1.958879e-16   996
  4.451759e+00   6.400580e-15   1.773610e-03   3.787477e-16   432
  4.458005e+00   5.304099e-15   1.941754e-03   2.889487e-16   504
  4.463400e+00   5.945161e-15   8.754449e-04   3.161808e-16   504
  4.471082e+00   4.831109e-15   1.722886e-03   2.007946e-16   876
  4.478033e+00   5.503533e-15   1.982878e-03   2.663424e-16   504
  4.485271e+00   6.675994e-15   1.264576e-03   3.075481e-16   696
  4.491253e+00   5.155714e-15   1.081079e-03   2.878243e-16   492
  4.499392e+00   6.451220e-15   1.547618e-03   3.473294e-16   432
  4.505420e+00   6.063955e-15   1.449174e-03   2.634573e-16   768
  4.512567e+00   6.306364e-15   1.805141e-03   3.219075e-16   648
  4.519390e+00   5.577743e-15   1.177661e-03   3.365739e-16   456
  4.527231e+00   5.956818e-15   1.619475e-03   2.986620e-16   552
  4.532676e+00   6.637857e-15   1.109989e-03   3.261550e-16   648
  4.540170e+00   6.032814e-15   1.809220e-03   2.371436e-16   840
  4.547491e+00   5.946021e-15   8.627791e-04   2.894276e-16   432
  4.554820e+00   6.424405e-15   1.056757e-03   2.741388e-16   600
  4.559917e+00   5.594469e-15   1.125905e-03   3.548972e-16   432
  4.568479e+00   6.023640e-15   1.120948e-03   2.861071e-16   560
  4.574277e+00   6.072127e-15   1.774344e-03   2.607078e-16   840
  4.581537e+00   6.704397e-15   1.050970e-03   3.522477e-16   504
  4.587303e+00   6.616375e-15   2.144966e-03   3.528078e-16   696
  4.595432e+00   6.813669e-15   1.171504e-03   4.750905e-16   384
  4.601763e+00   7.018446e-15   1.716116e-03   3.392499e-16   576
  4.609420e+00   7.321764e-15   1.059101e-03   5.242651e-16   360
  4.615593e+00   6.637130e-15   1.577258e-03   2.847790e-16   828
  4.622251e+00   6.075665e-15   1.404841e-03   3.542013e-16   372
  4.628352e+00   6.758222e-15   2.145462e-03   3.699982e-16   576
  4.636434e+00   6.724511e-15   8.985170e-04   3.498429e-16   636
  4.642192e+00   6.725513e-15   1.732109e-03   3.218150e-16   648
  4.649981e+00   6.726894e-15   1.408015e-03   2.994835e-16   576
  4.655573e+00   6.328887e-15   2.271277e-03   2.911817e-16   528
  4.663010e+00   6.317030e-15   9.710647e-04   3.925668e-16   360
  4.669165e+00   6.963367e-15   2.233813e-03   3.112145e-16   672
  4.677203e+00   6.534097e-15   1.144196e-03   2.674018e-16   804
  4.683893e+00   5.638979e-15   1.262185e-03   3.067737e-16   408
  4.691293e+00   6.552312e-15   7.801673e-04   3.809452e-16   384
  4.696276e+00   7.197313e-15   1.785323e-03   3.700567e-16   480
  4.703304e+00   8.253108e-15   1.153580e-03   4.759245e-16   432
  4.710045e+00   6.081894e-15   2.125802e-03   3.083484e-16   648
  4.718024e+00   7.062429e-15   1.319050e-03   3.367299e-16   624
  4.723861e+00   7.048524e-15   1.199787e-03   3.786378e-16   456
  4.731831e+00   7.553379e-15   1.639016e-03   3.328176e-16   588
  4.737172e+00   6.746925e-15   1.045685e-03   2.977930e-16   600
  4.744970e+00   7.504488e-15   1.631013e-03   3.010572e-16   708
  4.751130e+00   7.210424e-15   1.027507e-03   4.324077e-16   360
  4.757936e+00   6.037850e-15   1.181146e-03   3.179256e-16   552
  4.764461e+00   7.696781e-15   8.286020e-04   5.503803e-16   288
  4.771085e+00   6.971153e-15   1.557998e-03   3.179652e-16   528
  4.777309e+00   6.389929e-15   1.051098e-03   3.459531e-16   456
  4.784262e+00   6.742383e-15   1.863824e-03   2.960160e-16   608
  4.791256e+00   8.591735e-15   9.017389e-04   4.307270e-16   504
  4.798898e+00   8.514610e-15   1.935982e-03   4.605275e-16   540
  4.804891e+00   7.913799e-15   2.078222e-03   5.282754e-16   360
  4.811350e+00   6.471949e-15   9.411255e-04   3.225251e-16   540
  4.817063e+00   7.425026e-15   8.080679e-04   3.737320e-16   576
  4.825371e+00   7.453855e-15   1.873635e-03   3.711672e-16   588
  4.833270e+00   7.383354e-15   2.585051e-03   3.350922e-16   672
  4.840056e+00   7.735065e-15   1.975777e-03   3.780866e-16   552
  4.845526e+00   5.999938e-15   1.976776e-03   5.105969e-16   144
  4.852507e+00   6.654619e-15   1.679474e-03   3.183676e-16   600
  4.859125e+00   8.493754e-15   2.104747e-03   4.818451e-16   504
  4.866470e+00   6.837215e-15   2.162000e-03   4.002362e-16   336
  4.874196e+00   7.675167e-15   2.430098e-03   3.454256e-16   600
  4.881116e+00   9.007564e-15   1.568306e-03   3.915238e-16   636
  4.888585e+00   6.966418e-15   1.260932e-03   4.492783e-16   384
  4.893821e+00   7.900628e-15   1.758851e-03   4.065514e-16   504
  4.901368e+00   8.028675e-15   7.381651e-04   6.561496e-16   240
  4.907324e+00   7.633460e-15   1.734055e-03   3.479331e-16   744
  4.914470e+00   7.372070e-15   1.184096e-03   3.259567e-16   648
  4.920821e+00   5.425061e-15   7.860381e-04   5.865238e-16   120
  4.928265e+00   8.175422e-15   1.234764e-03   3.734551e-16   564
  4.933890e+00   7.419300e-15   1.939271e-03   3.891648e-16   432
  4.941396e+00   7.749504e-15   1.505258e-03   3.517662e-16   480
  4.947049e+00   9.860090e-15   1.107908e-03   5.081351e-16   456
  4.953721e+00   8.076127e-15   1.833424e-03   4.429266e-16   444
  4.961293e+00   9.004609e-15   2.805235e-03   4.623604e-16   528
  4.967944e+00   7.294798e-15   2.083390e-03   6.038294e-16   264
  4.974399e+00   7.608909e-15   2.135165e-03   3.981294e-16   444
  4.983082e+00   7.791404e-15   2.338759e-03   3.150885e-16   696
  4.990289e+00   7.415232e-15   1.250847e-03   3.917553e-16   384
  4.995560e+00   8.743986e-15   1.580550e-03   4.949204e-16   432
  5.003759e+00   8.174691e-15   1.092086e-03   4.645177e-16   488
  5.009082e+00   7.617561e-15   1.645909e-03   4.208318e-16   480
  5.016800e+00   8.606847e-15   1.835529e-03   4.052420e-16   480
  5.022777e+00   7.354473e-15   7.701318e-04   5.329118e-16   240
  5.029563e+00   8.996956e-15   1.798967e-03   4.548809e-16   600
  5.035964e+00   8.130158e-15   1.567616e-03   4.694547e-16   288
  5.042780e+00   7.961960e-15   1.507931e-03   4.389110e-16   480
  5.049682e+00   9.180231e-15   2.682341e-03   5.336389e-16   504
  5.056479e+00   8.851357e-15   1.150891e-03   8.270269e-16   216
  5.065146e+00   8.943372e-15   1.884192e-03   4.710292e-16   504
  5.071897e+00   8.490877e-15   1.515464e-03   4.203505e-16   456
  5.079286e+00   6.568775e-15   8.691442e-04   3.854779e-16   384
  5.084180e+00   8.976842e-15   1.764049e-03   4.656614e-16   480
  5.091134e+00   9.723205e-15   1.549032e-03   5.006304e-16   504
  5.097578e+00   8.781920e-15   9.826093e-04   4.882446e-16   312
  5.104521e+00   8.648108e-15   1.583441e-03   4.178433e-16   492
  5.110667e+00   8.383578e-15   1.484108e-03   5.285006e-16   312
  5.118579e+00   9.548094e-15   2.410815e-03   3.951509e-16   576
  5.125543e+00   8.367706e-15   2.225378e-03   5.354806e-16   336
  5.131328e+00   9.379339e-15   1.713438e-03   6.374974e-16   240
  5.139346e+00   8.614559e-15   2.271584e-03   4.717497e-16   468
  5.146270e+00   9.060973e-15   1.422340e-03   6.988159e-16   192
  5.153517e+00   1.043245e-14   1.426580e-03   6.454708e-16   324
  5.158828e+00   1.077957e-14   1.035388e-03   4.870678e-16   600
  5.166066e+00   7.826456e-15   1.679811e-03   4.170584e-16   456
  5.171442e+00   9.612752e-15   7.555789e-04   6.041616e-16   336
  5.180350e+00   8.859440e-15   2.262417e-03   4.219453e-16   612
  5.186832e+00   9.964575e-15   1.898719e-03   7.821108e-16   144
  5.192961e+00   9.340440e-15   2.216292e-03   4.551567e-16   552
  5.201296e+00   1.004817e-14   8.728032e-04   7.532326e-16   264
  5.206006e+00   9.164214e-15   2.020762e-03   5.056036e-16   336
  5.213435e+00   9.166309e-15   1.335250e-03   4.696161e-16   384
  5.219878e+00   7.526175e-15   7.516140e-04   5.518918e-16   216
  5.227010e+00   1.110851e-14   1.593577e-03   6.270842e-16   344
  5.233513e+00   1.114912e-14   2.377692e-03   6.113252e-16   408
  5.241438e+00   1.050832e-14   1.827101e-03   6.777065e-16   264
  5.248460e+00   9.597848e-15   2.547069e-03   3.963991e-16   612
  5.255476e+00   7.845376e-15   1.310917e-03   4.367120e-16   408
  5.262692e+00   9.696169e-15   1.312801e-03   4.824448e-16   444
  5.267993e+00   7.020415e-15   7.342396e-04   6.268515e-16   120
  5.275096e+00   9.300322e-15   2.028570e-03   5.126522e-16   336
  5.280368e+00   9.876022e-15   7.049199e-04   5.952755e-16   288
  5.287493e+00   9.890280e-15   2.193723e-03   4.160874e-16   552
  5.297288e+00   1.139360e-14   0.000000e+00   1.260953e-15   72
  5.302324e+00   1.109037e-14   2.178926e-03   4.915400e-16   504
  5.308207e+00   1.326262e-14   7.011571e-04   9.710972e-16   216
  5.315829e+00   1.012080e-14   1.251868e-03   5.478935e-16   312
  5.322672e+00   1.097262e-14   1.425448e-03   6.449467e-16   336
  5.329194e+00   1.366274e-14   1.975831e-03   9.287345e-16   204
  5.335689e+00   1.073112e-14   2.296216e-03   5.508928e-16   504
  5.342577e+00   9.389375e-15   2.186657e-03   5.507666e-16   396
  5.349201e+00   9.893880e-15   2.005279e-03   6.716852e-16   312
  5.357232e+00   9.769002e-15   1.225440e-03   7.395689e-16   216
  5.362890e+00   8.612467e-15   6.650698e-04   6.456863e-16   168
  5.369766e+00   1.054037e-14   1.679338e-03   4.683388e-16   588
  5.377613e+00   1.177041e-14   2.279505e-03   9.700440e-16   240
  5.383710e+00   1.365634e-14   2.013185e-03   8.750493e-16   264
  5.390860e+00   1.183273e-14   2.489717e-03   7.007809e-16   288
  5.397204e+00   1.135219e-14   1.243261e-03   6.048982e-16   288
  5.405244e+00   1.302325e-14   1.167620e-03   8.974765e-16   288
  5.410658e+00   1.109644e-14   1.352591e-03   6.720796e-16   192
  5.417469e+00   1.102534e-14   1.439292e-03   6.222371e-16   264
  5.423957e+00   8.925847e-15   2.367436e-03   4.186783e-16   372
  5.430940e+00   8.757905e-15   2.556933e-03   4.223383e-16   360
  5.439463e+00   9.945684e-15   1.082118e-03   8.753509e-16   144
  5.443868e+00   1.155871e-14   1.503015e-03   5.781940e-16   296
  5.450821e+00   1.070130e-14   1.619421e-03   6.463473e-16   288
  5.458782e+00   1.217221e-14   2.420184e-03   5.143556e-16   480
  5.465649e+00   1.284842e-14   2.010942e-03   1.037930e-15   192
  5.472326e+00   1.159579e-14   2.157009e-03   8.951424e-16   192
  5.478395e+00   1.336379e-14   1.374687e-03   8.186685e-16   288
  5.486835e+00   1.514849e-14   1.196646e-03   1.339504e-15   108
  5.491087e+00   1.009084e-14   1.150429e-03   6.761439e-16   240
  5.498595e+00   1.287697e-14   2.146152e-03   6.345447e-16   384
  5.506307e+00   9.825363e-15   2.618062e-03   1.114352e-15   108
  5.513127e+00   9.119191e-15   1.535018e-03   4.876000e-16   348
  5.520298e+00   1.438688e-14   1.602006e-03   8.380855e-16   312
  5.526703e+00   1.410816e-14   1.556684e-03   1.435631e-15   96
  5.532593e+00   1.194456e-14   2.072444e-03   6.579561e-16   384
  5.539190e+00   1.196510e-14   1.425422e-03   1.120951e-15   144
  5.545642e+00   1.347850e-14   2.190224e-03   6.564938e-16   408
  5.553663e+00   1.498690e-14   9.769946e-04   1.127809e-15   144
  5.561240e+00   1.096190e-14   1.878283e-03   8.352862e-16   192
  5.565734e+00   1.120457e-14   2.114042e-03   1.044021e-15   144
  5.573059e+00   1.174503e-14   1.718794e-03   9.723189e-16   144
  5.579969e+00   1.158865e-14   2.100644e-03   6.295415e-16   336
  5.588433e+00   1.526566e-14   1.554210e-03   9.172387e-16   240
  5.593800e+00   1.421121e-14   7.057532e-04   1.262114e-15   96
  5.601284e+00   1.044305e-14   2.069634e-03   5.844705e-16   372
  5.608856e+00   1.199938e-14   2.461786e-03   1.133787e-15   132
  5.615507e+00   1.259080e-14   1.523323e-03   8.110651e-16   264
  5.621457e+00   1.135509e-14   1.169843e-03   8.441650e-16   168
  5.627807e+00   1.385324e-14   1.870354e-03   8.509517e-16   216
  5.633417e+00   1.257804e-14   1.144306e-03   8.377258e-16   216
  5.641586e+00   1.313955e-14   2.099325e-03   1.086560e-15   96
  5.648999e+00   9.216458e-15   1.369618e-03   7.043275e-16   120
  5.655797e+00   1.271168e-14   1.741170e-03   8.300418e-16   216
  5.661397e+00   1.373530e-14   7.608972e-04   8.273077e-16   200
  5.668812e+00   1.320162e-14   1.969636e-03   7.735172e-16   288
  5.678322e+00   1.709548e-14   5.182495e-04   1.351182e-15   144
  5.682326e+00   1.227891e-14   1.612761e-03   1.001704e-15   168
  5.690504e+00   1.145080e-14   1.815012e-03   9.058404e-16   159
  5.696887e+00   1.522468e-14   1.904384e-03   9.848928e-16   174
  5.703065e+00   1.789767e-14   1.726829e-03   1.765705e-15   144
  5.711154e+00   1.106007e-14   9.971188e-04   7.431915e-16   222
  5.716564e+00   1.511202e-14   1.006181e-03   9.560470e-16   168
  5.725909e+00   1.187909e-14   2.206942e-03   2.108940e-15   30
  5.729769e+00   1.364337e-14   1.948567e-03   1.066306e-15   72
  5.737039e+00   1.230734e-14   1.739073e-03   7.089398e-16   258
  5.745032e+00   1.471424e-14   1.089226e-03   8.760999e-16   264
  5.749029e+00   1.337292e-14   1.174622e-07   1.619724e-15   72
  5.757357e+00   1.456722e-14   2.158892e-03   1.130540e-15   174
  5.764898e+00   1.449389e-14   2.298822e-03   1.002042e-15   168
  5.770961e+00   1.863168e-14   7.193062e-08   2.497142e-15   48
  5.777470e+00   1.362317e-14   1.298199e-03   9.999720e-16   150
  5.785016e+00   1.332548e-14   2.388130e-03   9.181323e-16   168
  5.792583e+00   1.344464e-14   1.454738e-03   9.867973e-16   144
  5.799541e+00   1.578141e-14   1.359056e-03   1.245949e-15   102
  5.804724e+00   1.342381e-14   2.011636e-03   1.080268e-15   96
  5.812948e+00   1.268986e-14   1.996414e-03   1.031090e-15   120
  5.819038e+00   1.789635e-14   2.141206e-03   1.199335e-15   168
  5.825625e+00   1.464705e-14   1.581111e-03   1.199248e-15   126
  5.831237e+00   1.553023e-14   1.192474e-03   9.911574e-16   168
  5.838969e+00   1.699487e-14   1.912134e-03   1.625457e-15   72
  5.845726e+00   1.712691e-14   2.394418e-03   1.198080e-15   168
  5.851646e+00   1.373478e-14   6.564276e-04   1.109959e-15   78
  5.859757e+00   1.928199e-14   1.077805e-03   1.905356e-15   60
  5.866288e+00   1.227624e-14   1.748374e-03   1.165219e-15   96
  5.873062e+00   1.569825e-14   2.121507e-03   1.095154e-15   168
  5.879428e+00   1.338511e-14   1.342407e-03   1.206968e-15   86
  5.886107e+00   1.990779e-14   1.199794e-03   1.514471e-15   120
  5.895681e+00   1.702214e-14   8.556122e-04   1.242616e-15   168
  5.900844e+00   1.506511e-14   0.000000e+00   2.064167e-15   48
  5.907798e+00   1.402528e-14   1.558833e-03   9.799043e-16   120
  5.911793e+00   2.095003e-14   1.137231e-03   1.519511e-15   126
  5.921548e+00   1.489526e-14   2.000073e-03   1.347367e-15   96
  5.927878e+00   1.692714e-14   5.767223e-04   1.539436e-15   96
  5.932871e+00   1.998357e-14   6.781684e-08   1.953953e-15   72
  5.943508e+00   1.514578e-14   7.193062e-08   2.600667e-15   24
  5.950147e+00   1.406215e-14   1.186881e-03   1.198162e-15   120
  5.955326e+00   1.753736e-14   1.731294e-03   1.353436e-15   126
  5.961084e+00   1.615549e-14   1.443268e-03   1.214788e-15   96
  5.967813e+00   1.920289e-14   2.494389e-03   1.870215e-15   72
  5.975306e+00   2.044555e-14   1.078907e-03   1.265212e-15   144
  5.981469e+00   1.588886e-14   6.222882e-04   1.752113e-15   72
  5.987626e+00   2.027644e-14   1.242932e-03   2.445398e-15   54
  5.993045e+00   1.505539e-14   1.095319e-03   1.284532e-15   108
  6.004306e+00   1.848301e-14   1.073696e-03   1.609536e-15   72
  6.007812e+00   1.883418e-14   6.195595e-04   1.808035e-15   72
  6.016129e+00   1.447552e-14   1.245875e-07   1.857205e-15   24
  6.023999e+00   2.413944e-14   1.310705e-03   2.792826e-15   48
  6.028777e+00   1.728455e-14   9.984188e-04   1.394316e-15   102
  6.035970e+00   1.724858e-14   2.258008e-03   1.141435e-15   168
  6.045369e+00   2.123335e-14   1.231465e-03   1.858466e-15   72
  6.048851e+00   1.993061e-14   0.000000e+00   2.805400e-15   48
  6.056156e+00   2.448702e-14   2.118194e-03   1.962165e-15   120
  6.065796e+00   2.022061e-14   1.301673e-03   2.161776e-15   96
  6.074901e+00   2.043626e-14   1.150890e-07   2.758046e-15   30
  6.085723e+00   1.816880e-14   6.115837e-04   2.299254e-15   72
  6.090478e+00   1.563453e-14   7.193062e-08   3.415892e-15   24
  6.096586e+00   2.089744e-14   9.065181e-04   2.366796e-15   56
  6.103428e+00   1.956242e-14   1.293647e-03   1.759549e-15   96
  6.111616e+00   1.664119e-14   1.428503e-03   1.154546e-15   144
  6.117928e+00   2.007944e-14   8.110480e-04   3.007161e-15   54
  6.127099e+00   2.172084e-14   1.215036e-03   1.620827e-15   108
  6.136327e+00   2.370432e-14   6.433558e-04   2.374635e-15   48
  6.145113e+00   1.897643e-14   2.422440e-03   2.218172e-15   72
  6.166195e+00   2.060095e-14   1.600514e-03   1.746288e-15   78
  6.172037e+00   1.800840e-14   1.206188e-03   1.461653e-15   72
  6.178856e+00   1.725793e-14   1.204690e-03   1.593775e-15   72
  6.185986e+00   1.713410e-14   2.907051e-03   1.778293e-15   96
  6.191621e+00   1.466872e-14   1.202207e-03   1.473898e-15   72
  6.198419e+00   2.235584e-14   0.000000e+00   5.232479e-15   24
  6.205208e+00   1.882918e-14   2.398986e-03   1.525741e-15   72
  6.220544e+00   2.388728e-14   1.523430e-03   3.714101e-15   30
  6.223843e+00   1.390949e-14   0.000000e+00   1.610024e-15   24
  6.241578e+00   1.841582e-14   1.265014e-03   1.565942e-15   48
  6.247142e+00   1.863902e-14   2.722309e-03   1.376098e-15   120
  6.254637e+00   1.849624e-14   1.190257e-03   1.928223e-15   72
  6.262206e+00   2.117376e-14   1.188818e-03   3.932569e-15   36
  6.267409e+00   1.899889e-14   2.349657e-03   1.761830e-15   78
  6.281928e+00   1.589899e-14   1.256888e-03   2.042388e-15   48
  6.300754e+00   1.530132e-14   1.017253e-07   1.883458e-15   24
  6.314166e+00   1.960511e-14   8.752715e-04   2.180834e-15   56
  6.320919e+00   1.707303e-14   1.346877e-03   1.136259e-15   102
  6.329510e+00   1.941747e-14   9.590750e-08   1.780229e-15   72
  6.334498e+00   1.762659e-14   7.193062e-08   2.846494e-15   24
  6.343217e+00   1.659550e-14   1.244744e-03   1.756686e-15   48
  6.359378e+00   1.637032e-14   0.000000e+00   2.640328e-15   24
  6.379213e+00   1.342924e-14   0.000000e+00   5.495947e-15   6
  6.385398e+00   2.238612e-14   0.000000e+00   3.766548e-15   24
  6.389518e+00   1.834005e-14   1.165127e-03   1.455248e-15   72
  6.397046e+00   1.671347e-14   2.173655e-03   1.348816e-15   84
  6.405152e+00   2.774539e-14   0.000000e+00   3.811028e-15   24
  6.407617e+00   1.785626e-14   1.017253e-07   2.918205e-15   24
  6.419927e+00   2.579113e-14   1.245875e-07   3.409443e-15   24
  6.437123e+00   8.788712e-15   0.000000e+00   3.889252e-15   6
  6.459163e+00   1.736060e-14   1.222400e-03   1.564927e-15   48
  6.464458e+00   2.092614e-14   2.302802e-03   1.463206e-15   72
  6.471376e+00   2.544165e-14   1.220094e-03   2.765458e-15   48
  6.482347e+00   2.802177e-14   0.000000e+00   4.466390e-15   24
  6.496947e+00   2.273362e-14   0.000000e+00   2.615326e-15   6
  6.529678e+00   2.277455e-14   0.000000e+00   5.088467e-15   8
  6.532096e+00   1.843923e-14   7.193062e-08   1.858872e-15   48
  6.537895e+00   2.019732e-14   1.183236e-03   1.785793e-15   60
  6.546585e+00   2.937017e-14   0.000000e+00   2.451217e-15   24
  6.558634e+00   1.936291e-14   0.000000e+00   4.056935e-15   6
  6.603027e+00   1.861184e-14   0.000000e+00   3.167807e-15   24
  6.606613e+00   2.213827e-14   1.195118e-03   2.665621e-15   48
  6.612586e+00   2.591756e-14   0.000000e+00   3.756526e-15   24
  6.622132e+00   3.167824e-14   0.000000e+00   8.219265e-15   6
  6.676359e+00   1.885028e-14   1.114931e-03   2.288023e-15   36
  6.680300e+00   2.236042e-14   0.000000e+00   3.460827e-15   24
  6.687387e+00   2.331355e-14   0.000000e+00   4.471190e-15   6
  6.749089e+00   2.208538e-14   1.013241e-03   2.470211e-15   32
  6.754351e+00   2.156257e-14   0.000000e+00   2.830432e-15   6
  6.820657e+00   2.828958e-14   0.000000e+00   4.533546e-15   12
  6.822972e+00   9.279438e-15   0.000000e+00   3.648689e-15   6
  6.893201e+00   1.167206e-14   0.000000e+00   1.516649e-15   6
