# power spectrum of pi_k * H (dimensionless)
# redshift z=99.969705
# k              Pk             sigma(k)       sigma(Pk)      count
  4.487990e-03   3.204774e-03   0.000000e+00   6.899511e-04   6
  6.346976e-03   3.241715e-03   0.000000e+00   3.333193e-04   12
  7.773426e-03   8.634844e-03   8.514949e-11   3.763501e-03   8
  8.975979e-03   7.402347e-02   0.000000e+00   1.539762e-02   6
  1.003545e-02   1.476401e-02   1.605594e-10   3.466550e-03   24
  1.099328e-02   2.766497e-02   1.605594e-10   4.505659e-03   24
  1.269395e-02   2.241818e-02   0.000000e+00   4.244058e-03   12
  1.346397e-02   5.976527e-02   1.816523e-10   1.516892e-02   30
  1.419227e-02   2.128623e-02   0.000000e+00   3.693995e-03   24
  1.488498e-02   4.037345e-02   2.780971e-10   1.014420e-02   24
  1.554685e-02   1.176977e-02   1.702990e-10   3.767557e-03   8
  1.618168e-02   3.802247e-02   2.270653e-10   6.760414e-03   24
  1.679252e-02   5.102348e-02   0.000000e+00   6.160529e-03   48
  1.795196e-02   1.767295e+00   0.000000e+00   5.503628e-01   6
  1.850445e-02   2.265639e-02   2.270653e-10   3.587813e-03   48
  1.904093e-02   4.495323e-02   2.140792e-10   6.171828e-03   36
  1.956269e-02   7.150917e-02   2.270653e-10   1.362260e-02   24
  2.007090e-02   2.761342e-02   3.211188e-10   5.779745e-03   24
  2.056655e-02   4.168801e-02   0.000000e+00   4.198913e-03   48
  2.105054e-02   4.945270e-02   3.211188e-10   8.651138e-03   24
  2.198657e-02   3.649386e-02   3.211188e-10   6.437464e-03   24
  2.243995e-02   9.393894e-02   0.000000e+00   3.571013e-02   30
  2.288435e-02   6.951085e-02   0.000000e+00   7.301944e-03   72
  2.332028e-02   9.337380e-02   3.405980e-10   1.529209e-02   32
  2.416856e-02   5.946176e-02   0.000000e+00   5.813866e-03   72
  2.458173e-02   8.470012e-02   0.000000e+00   1.148324e-02   48
  2.538790e-02   3.376982e-02   0.000000e+00   8.024660e-03   12
  2.578154e-02   8.450458e-02   0.000000e+00   1.424543e-02   48
  2.616925e-02   4.948002e-02   0.000000e+00   7.448220e-03   48
  2.655130e-02   8.064446e-02   3.211188e-10   1.038670e-02   48
  2.692794e-02   3.262473e-01   3.633045e-10   1.445337e-01   30
  2.729937e-02   8.705742e-02   0.000000e+00   2.041054e-02   24
  2.766583e-02   5.851411e-02   6.769780e-10   5.721652e-03   72
  2.838454e-02   6.463552e-02   0.000000e+00   1.373072e-02   24
  2.873715e-02   1.010881e-01   0.000000e+00   9.622241e-03   96
  2.908550e-02   4.753281e-02   0.000000e+00   3.208470e-03   48
  2.942972e-02   8.121489e-02   5.561942e-10   1.779629e-02   24
  2.976995e-02   3.089974e-02   5.561942e-10   5.202364e-03   24
  3.010635e-02   5.382249e-02   0.000000e+00   5.505795e-03   72
  3.043903e-02   1.022067e-01   0.000000e+00   1.341128e-02   48
  3.109370e-02   3.931674e-02   3.405980e-10   5.649306e-03   8
  3.141593e-02   1.559054e-01   4.036717e-10   6.301845e-02   54
  3.173488e-02   6.240354e-02   0.000000e+00   6.481827e-03   84
  3.205066e-02   9.007061e-02   0.000000e+00   1.472217e-02   48
  3.236335e-02   4.986725e-02   4.541306e-10   7.833547e-03   24
  3.267306e-02   1.066596e-01   6.055075e-10   1.084439e-02   72
  3.297985e-02   7.463128e-02   0.000000e+00   8.790818e-03   96
  3.358504e-02   4.684936e-02   0.000000e+00   7.036033e-03   48
  3.388358e-02   6.708965e-02   0.000000e+00   6.821904e-03   48
  3.417951e-02   8.844033e-02   0.000000e+00   1.238607e-02   24
  3.447290e-02   8.006705e-02   0.000000e+00   1.074536e-02   72
  3.505232e-02   3.515892e-02   0.000000e+00   4.050555e-03   72
  3.533846e-02   5.134353e-02   0.000000e+00   5.203797e-03   96
  3.590392e-02   1.317860e+01   0.000000e+00   4.608446e+00   6
  3.618333e-02   6.782095e-02   0.000000e+00   5.096645e-03   96
  3.646060e-02   9.405810e-02   4.541306e-10   1.146631e-02   96
  3.673578e-02   9.831869e-02   0.000000e+00   2.544885e-02   24
  3.700891e-02   9.182027e-02   4.541306e-10   1.574834e-02   48
  3.728004e-02   1.205380e-01   0.000000e+00   1.335067e-02   96
  3.754921e-02   4.363574e-02   0.000000e+00   5.309929e-03   48
  3.808185e-02   5.663486e-02   4.281585e-10   6.891260e-03   36
  3.834540e-02   6.721088e-02   7.865773e-10   7.899445e-03   48
  3.860715e-02   7.472102e-02   8.899106e-10   7.203646e-03   120
  3.886713e-02   5.535353e-02   0.000000e+00   6.523377e-03   56
  3.912539e-02   6.186960e-02   4.541306e-10   7.459379e-03   24
  3.938195e-02   6.320514e-02   0.000000e+00   6.517425e-03   96
  3.963685e-02   4.392294e-02   0.000000e+00   7.329173e-03   48
  4.014180e-02   8.453908e-02   6.422377e-10   2.231346e-02   24
  4.039191e-02   1.811554e-01   0.000000e+00   6.009669e-02   102
  4.064047e-02   6.907654e-02   4.541306e-10   9.700683e-03   48
  4.088753e-02   1.016851e-01   0.000000e+00   2.333181e-02   72
  4.113310e-02   3.580450e-02   0.000000e+00   4.227146e-03   48
  4.137722e-02   1.279795e-01   0.000000e+00   2.338802e-02   48
  4.161990e-02   1.092561e-01   1.027580e-09   1.385390e-02   120
  4.210107e-02   6.090254e-02   6.422377e-10   8.398457e-03   24
  4.233961e-02   5.649298e-02   6.055075e-10   5.652589e-03   144
  4.257681e-02   5.695043e-02   7.266090e-10   5.646841e-03   120
  4.281269e-02   1.867644e-01   6.422377e-10   2.544454e-02   48
  4.328060e-02   6.617295e-02   6.422377e-10   9.063757e-03   48
  4.351267e-02   7.187210e-02   6.422377e-10   8.503050e-03   96
  4.412543e-02   5.396721e-02   1.076845e-04   6.523012e-03   72
  4.442883e-02   6.156231e-02   5.708779e-10   6.553731e-03   108
  4.465493e-02   6.760886e-02   0.000000e+00   1.261798e-02   72
  4.487990e-02   1.285196e+00   0.000000e+00   6.223012e-01   30
  4.510374e-02   8.473123e-02   0.000000e+00   1.332268e-02   168
  4.532647e-02   1.501817e-01   0.000000e+00   2.481197e-02   48
  4.576869e-02   1.142580e-01   0.000000e+00   1.812418e-02   72
  4.598821e-02   2.341281e-01   0.000000e+00   2.913927e-02   96
  4.620668e-02   7.709519e-02   1.211015e-09   9.246697e-03   72
  4.642412e-02   5.582108e-02   0.000000e+00   6.624623e-03   72
  4.678970e-02   8.720888e-02   9.942967e-05   1.383074e-02   104
  4.707043e-02   1.128258e-01   8.563169e-10   1.551828e-02   144
  4.770798e-02   7.629768e-02   1.436087e-09   7.730778e-03   96
  4.791862e-02   4.326720e-02   0.000000e+00   4.102640e-03   96
  4.825361e-02   6.006744e-02   1.022910e-04   6.073165e-03   120
  4.854503e-02   8.411647e-02   0.000000e+00   9.638147e-03   120
  4.875204e-02   6.055907e-02   0.000000e+00   8.828040e-03   72
  4.916346e-02   6.006950e-02   0.000000e+00   9.608833e-03   48
  4.936788e-02   2.639610e-01   1.117860e-09   1.279512e-01   78
  4.962939e-02   9.844690e-02   9.159181e-05   1.614070e-02   168
  5.017725e-02   9.200053e-02   1.048770e-09   1.326810e-02   144
  5.037756e-02   1.691646e-01   8.563169e-10   2.001751e-02   144
  5.095853e-02   6.354608e-02   5.274950e-05   6.756011e-03   156
  5.117095e-02   8.810743e-02   1.112388e-09   1.247964e-02   48
  5.136739e-02   1.135576e-01   7.266090e-10   1.562114e-02   120
  5.156307e-02   5.785261e-02   0.000000e+00   9.078281e-03   48
  5.190908e-02   6.245458e-02   8.074274e-05   6.156657e-03   216
  5.233850e-02   3.562898e-02   0.000000e+00   3.589987e-03   48
  5.253057e-02   7.530865e-02   6.422377e-10   7.724292e-03   96
  5.280366e-02   8.188265e-02   9.436050e-05   9.445605e-03   168
  5.310261e-02   4.757286e-02   6.422377e-10   5.989815e-03   48
  5.329192e-02   7.068367e-02   0.000000e+00   1.161279e-02   96
  5.348057e-02   2.897140e-02   0.000000e+00   3.917665e-03   48
  5.385587e-02   7.248522e+00   7.266090e-10   3.632991e+00   30
  5.404255e-02   9.366846e-02   0.000000e+00   1.370390e-02   96
  5.426566e-02   1.190127e-01   7.415896e-05   1.417518e-02   240
  5.455256e-02   2.070610e-01   8.000683e-05   6.029567e-02   32
  5.478289e-02   1.373866e-01   0.000000e+00   1.806137e-02   168
  5.496642e-02   4.553103e-02   0.000000e+00   4.247282e-03   120
  5.533165e-02   7.856451e-02   1.353956e-09   1.076450e-02   72
  5.551336e-02   7.025514e-02   6.055075e-10   8.561456e-03   144
  5.569449e-02   1.390628e-01   0.000000e+00   2.314292e-02   96
  5.587502e-02   3.852826e-02   0.000000e+00   5.135361e-03   96
  5.623435e-02   1.536752e-01   0.000000e+00   2.590458e-02   72
  5.641315e-02   3.619148e-02   9.082613e-10   4.204314e-03   96
  5.676908e-02   2.030777e-01   0.000000e+00   5.171921e-02   24
  5.694620e-02   7.000803e-02   0.000000e+00   8.632405e-03   192
  5.715479e-02   3.768062e-02   6.789523e-05   4.829319e-03   132
  5.747431e-02   4.888064e-02   0.000000e+00   5.752425e-03   96
  5.764927e-02   3.267838e-02   0.000000e+00   3.692665e-03   96
  5.782370e-02   2.938834e-02   7.266090e-10   3.156153e-03   120
  5.817099e-02   1.978528e-02   0.000000e+00   2.119859e-03   48
  5.845566e-02   2.122555e-01   8.228355e-05   6.720949e-02   222
  5.868808e-02   1.353898e-01   0.000000e+00   3.766553e-02   120
  5.885943e-02   3.471241e-02   1.112388e-09   5.059328e-03   24
  5.910891e-02   1.496681e-01   8.492858e-05   1.541553e-02   312
  5.965251e-02   1.075046e-01   7.962394e-05   1.457019e-02   72
  5.987725e-02   9.321108e-02   1.112388e-09   1.455570e-02   96
  6.010802e-02   1.014675e-01   8.108596e-05   1.630195e-02   192
  6.037972e-02   3.752449e-02   1.027580e-09   3.740271e-03   120
  6.054629e-02   8.170993e-02   0.000000e+00   1.289992e-02   144
  6.087805e-02   6.510144e-02   0.000000e+00   9.377158e-03   48
  6.111387e-02   5.622184e-02   8.153477e-05   4.344920e-03   336
  6.137233e-02   1.333073e-01   0.000000e+00   3.418064e-02   48
  6.169965e-02   5.515006e-02   0.000000e+00   7.814947e-03   192
  6.186267e-02   2.414976e-02   0.000000e+00   2.711347e-03   48
  6.232604e-02   4.031469e-02   5.659583e-05   7.217683e-03   56
  6.255643e-02   6.598424e-02   7.268827e-05   5.368445e-03   336
  6.283185e-02   1.522324e+00   8.073433e-10   7.301266e-01   54
  6.307177e-02   1.557444e-01   7.983781e-05   2.211115e-02   240
  6.356985e-02   2.312665e-01   7.644534e-05   2.840219e-02   228
  6.378632e-02   3.236898e-02   8.563169e-10   3.926491e-03   72
  6.399644e-02   5.356013e-02   7.415385e-05   5.868722e-03   144
  6.425823e-02   1.425091e-01   0.000000e+00   2.757031e-02   96
  6.441477e-02   1.226629e-01   1.027580e-09   1.972360e-02   240
  6.472671e-02   2.185309e-02   9.082613e-10   2.011746e-03   24
  6.492641e-02   5.426789e-02   7.003773e-05   5.045802e-03   336
  6.519181e-02   1.690685e-02   0.000000e+00   2.213547e-03   72
  6.543408e-02   1.245896e-01   7.617900e-05   1.420235e-02   168
  6.565363e-02   8.570332e-02   0.000000e+00   1.444079e-02   72
  6.595971e-02   6.582159e-02   0.000000e+00   8.736815e-03   96
  6.619675e-02   2.693140e-02   7.560752e-05   2.209193e-03   216
  6.641618e-02   3.340082e-02   0.000000e+00   3.612388e-03   96
  6.671876e-02   5.377270e-02   9.082613e-10   4.705956e-03   192
  6.686954e-02   6.889889e-02   8.563169e-10   9.032970e-03   144
  6.717008e-02   1.852814e-02   0.000000e+00   2.109400e-03   48
  6.737816e-02   2.027377e-01   7.289453e-05   8.316928e-02   246
  6.766089e-02   1.314326e-01   6.720992e-05   3.125052e-02   168
  6.791561e-02   1.414827e-01   1.779821e-09   3.194801e-02   120
  6.806373e-02   1.658150e-01   0.000000e+00   2.354329e-02   240
  6.835902e-02   6.446269e-02   0.000000e+00   1.101361e-02   24
  6.859430e-02   6.841146e-02   7.194229e-05   6.240576e-03   360
  6.888731e-02   1.982911e-01   7.163615e-05   2.867332e-02   120
  6.909172e-02   3.275800e-02   0.000000e+00   3.659366e-03   144
  6.923733e-02   1.108685e-01   0.000000e+00   1.920252e-02   96
  6.967233e-02   7.185028e-02   0.000000e+00   9.608477e-03   144
  6.981673e-02   8.826451e-02   0.000000e+00   1.213356e-02   132
  7.001966e-02   6.838328e-02   7.070381e-05   1.502734e-02   176
  7.031425e-02   5.216436e-02   7.139661e-05   6.141893e-03   312
  7.067693e-02   3.525038e-02   0.000000e+00   4.460901e-03   96
  7.081928e-02   2.909995e-02   0.000000e+00   2.311393e-03   144
  7.103769e-02   7.090829e-02   7.068048e-05   6.413520e-03   312
  7.138584e-02   2.483449e-02   0.000000e+00   2.726596e-03   48
  7.152678e-02   4.159557e-02   9.082613e-10   4.013390e-03   192
  7.180783e-02   6.106866e+01   0.000000e+00   2.102713e+01   6
  7.199456e-02   1.441257e-01   6.592151e-05   2.024829e-02   288
  7.229701e-02   8.515954e-02   6.965036e-05   1.597329e-02   192
  7.250569e-02   1.834177e-01   2.136030e-09   2.445869e-02   216
  7.264446e-02   4.985302e-02   0.000000e+00   8.863713e-03   72
  7.299019e-02   8.656129e-02   6.898890e-05   1.002298e-02   192
  7.321980e-02   9.374209e-02   5.122797e-05   1.493342e-02   288
  7.347155e-02   3.901063e-02   0.000000e+00   6.035352e-03   24
  7.366606e-02   5.061127e-02   6.748859e-05   6.262592e-03   456
  7.401782e-02   1.430715e-01   0.000000e+00   4.035016e-02   48
  7.423517e-02   9.467378e-02   6.647357e-05   1.291086e-02   240
  7.448497e-02   5.511822e-02   6.717903e-05   5.403060e-03   216
  7.469503e-02   5.997296e-02   0.000000e+00   8.967289e-03   72
  7.482974e-02   3.153051e-02   2.321067e-09   3.976383e-03   168
  7.521008e-02   5.355501e-02   4.993319e-05   5.875116e-03   288
  7.542338e-02   7.002420e-02   6.607016e-05   8.295222e-03   168
  7.576598e-02   5.040028e-02   0.000000e+00   6.537122e-03   192
  7.589879e-02   3.018994e-02   8.563169e-10   2.572512e-03   144
  7.616371e-02   9.827566e-02   8.563169e-10   1.397557e-02   36
  7.638837e-02   1.666785e-01   6.033611e-05   6.875744e-02   342
  7.660318e-02   1.467026e-01   6.195787e-05   4.442015e-02   144
  7.687931e-02   1.595383e-01   6.497828e-05   1.896193e-02   384
  7.721429e-02   5.153571e-02   1.779821e-09   5.945993e-03   120
  7.738009e-02   8.815490e-02   5.794173e-05   9.799361e-03   264
  7.760459e-02   1.384742e-01   2.872174e-09   2.469769e-02   192
  7.781602e-02   2.929438e-02   6.244329e-05   3.388566e-03   152
  7.799294e-02   9.922630e-02   1.712634e-09   1.754726e-02   144
  7.836508e-02   4.002960e-02   4.041391e-05   5.035820e-03   216
  7.853733e-02   8.226378e-02   5.400376e-05   9.090078e-03   312
  7.884055e-02   7.261354e-02   6.258929e-05   1.013663e-02   240
  7.901921e-02   2.241762e-02   9.082613e-10   2.543535e-03   96
  7.935833e-02   1.765336e-02   5.983988e-05   1.480482e-03   144
  7.956734e-02   6.530459e-02   5.881734e-05   5.751889e-03   456
  7.990638e-02   2.687172e-02   0.000000e+00   2.534009e-03   120
  8.003232e-02   4.917643e-02   0.000000e+00   5.941374e-03   144
  8.028360e-02   1.661465e-02   1.284475e-09   2.862031e-03   24
  8.044470e-02   3.830070e-02   5.653709e-05   3.454065e-03   336
  8.072332e-02   6.207335e-01   6.235271e-05   2.964167e-01   198
  8.098439e-02   1.120357e-01   6.063443e-05   1.782766e-02   432
  8.128095e-02   3.264834e-01   1.816523e-09   7.218295e-02   48
  8.143566e-02   1.596440e-01   5.352971e-05   2.234073e-02   384
  8.171344e-02   4.032175e-02   6.162404e-05   6.927059e-03   144
  8.196515e-02   1.949545e-01   6.118458e-05   2.819993e-02   264
  8.226621e-02   1.798534e-02   0.000000e+00   2.439332e-03   48
  8.246820e-02   6.437503e-02   5.817654e-05   9.309958e-03   276
  8.266310e-02   5.801550e-02   5.273546e-05   7.014315e-03   192
  8.292356e-02   6.519590e-02   5.926306e-05   6.561634e-03   552
  8.323980e-02   6.616587e-02   1.453218e-09   1.006845e-02   120
  8.342777e-02   1.737864e-02   5.998883e-05   1.356079e-03   216
  8.360198e-02   2.492557e-02   1.453218e-09   2.887245e-03   120
  8.391317e-02   5.601990e-02   5.907428e-05   4.847203e-03   408
  8.420215e-02   1.144013e-02   1.284475e-09   2.618318e-03   24
  8.438134e-02   3.825451e-02   5.967566e-05   3.631611e-03   384
  8.463161e-02   3.224728e-02   5.830526e-05   4.366417e-03   240
  8.484893e-02   4.674475e-02   5.873223e-05   5.647484e-03   168
  8.515361e-02   3.015219e-02   0.000000e+00   4.136905e-03   120
  8.535003e-02   1.928968e-01   6.122527e-05   7.528969e-02   350
  8.566942e-02   1.340935e-01   1.007886e-04   2.230219e-02   384
  8.586029e-02   2.955755e-01   0.000000e+00   4.799955e-02   144
  8.621146e-02   6.578415e-02   1.211015e-09   9.064712e-03   288
  8.639482e-02   1.083979e-01   5.769264e-05   1.563075e-02   336
  8.664426e-02   2.690260e-02   5.252436e-05   2.630700e-03   168
  8.679359e-02   6.823484e-02   3.442699e-09   8.901066e-03   336
  8.710244e-02   4.203297e-02   5.451716e-05   4.719153e-03   288
  8.728795e-02   9.979152e-02   5.136910e-05   1.516097e-02   264
  8.760206e-02   5.805957e-02   0.000000e+00   1.019432e-02   240
  8.771695e-02   2.462995e-02   0.000000e+00   2.639248e-03   96
  8.812928e-02   5.471248e-02   6.985852e-05   6.639724e-03   360
  8.832172e-02   6.902826e-02   5.149772e-05   9.337744e-03   168
  8.856486e-02   3.379506e-02   5.613787e-05   2.642314e-03   456
  8.885766e-02   2.352154e-02   1.614687e-09   2.647698e-03   108
  8.902234e-02   3.082285e-02   5.632711e-05   4.711527e-03   264
  8.922780e-02   3.317567e-02   5.025296e-05   4.584729e-03   264
  8.950914e-02   3.406400e-02   4.742099e-05   2.966413e-03   312
  8.985946e-02   1.713358e+00   3.523897e-05   8.795816e-01   270
  9.000628e-02   1.394920e-01   4.474031e-05   2.787265e-02   240
  9.027023e-02   1.485598e-01   5.534940e-05   1.971863e-02   384
  9.043048e-02   3.281968e-02   1.816523e-09   3.221540e-03   192
  9.074177e-02   7.822288e-02   4.441052e-05   1.154243e-02   240
  9.092233e-02   9.927929e-02   5.480976e-05   1.478219e-02   336
  9.126190e-02   6.214693e-02   5.517650e-05   8.030516e-03   480
  9.153738e-02   1.220826e-01   1.211015e-09   3.538204e-02   72
  9.169127e-02   9.800915e-02   5.380211e-05   1.617717e-02   240
  9.190057e-02   3.479646e-02   5.056661e-05   4.771618e-03   312
  9.214050e-02   1.973691e-02   5.465037e-05   1.528648e-03   240
  9.250305e-02   5.038109e-02   4.152014e-05   5.168000e-03   408
  9.264658e-02   5.177618e-02   3.802244e-05   5.383842e-03   336
  9.292709e-02   4.566003e-02   4.827913e-05   5.596183e-03   264
  9.306493e-02   1.074815e-02   0.000000e+00   9.805468e-04   144
  9.344847e-02   3.065484e-02   6.691774e-05   2.491120e-03   464
  9.365053e-02   2.379069e-02   5.321333e-05   2.796616e-03   168
  9.385003e-02   2.704160e-02   4.846574e-05   2.645679e-03   336
  9.421059e-02   1.359017e-01   5.092274e-05   6.168295e-02   414
  9.441384e-02   1.522172e-01   5.300755e-05   3.456862e-02   216
  9.467424e-02   2.261312e-01   1.284475e-09   4.206196e-02   96
  9.478056e-02   1.178314e-01   3.146309e-09   1.924940e-02   384
  9.515300e-02   5.734480e-02   5.290514e-05   6.576208e-03   492
  9.535260e-02   1.360462e-01   5.173669e-05   2.202051e-02   240
  9.557820e-02   6.918845e-02   5.253086e-05   1.056453e-02   312
  9.588974e-02   3.482420e-02   5.251357e-05   7.222409e-03   192
  9.608709e-02   5.169074e-02   5.089201e-05   6.257098e-03   504
  9.634892e-02   4.098420e-02   3.369138e-05   6.170448e-03   408
  9.655507e-02   1.209751e-02   1.032177e-04   1.021432e-03   168
  9.681304e-02   7.118067e-02   4.902931e-05   7.632364e-03   288
  9.702952e-02   4.844423e-02   5.116628e-05   6.295831e-03   288
  9.725127e-02   2.616765e-02   5.146081e-05   2.610487e-03   432
  9.757291e-02   3.911514e-02   4.866478e-05   4.679364e-03   216
  9.774479e-02   2.516526e-02   4.856211e-05   2.752938e-03   360
  9.805077e-02   2.706763e-02   4.739615e-05   2.560924e-03   312
  9.832692e-02   2.063818e-02   0.000000e+00   3.013467e-03   48
  9.848611e-02   2.924038e-02   5.081550e-05   2.600553e-03   432
  9.877120e-02   3.537242e-01   8.476078e-05   1.477880e-01   414
  9.893956e-02   8.184192e-02   1.936190e-09   1.428917e-02   312
  9.925365e-02   1.396451e-01   7.437288e-05   1.901133e-02   528
  9.946561e-02   3.342648e-02   3.903945e-05   3.667822e-03   264
  9.972025e-02   1.180442e-01   4.629008e-05   1.712082e-02   480
  1.000530e-01   5.323091e-02   0.000000e+00   8.378199e-03   288
  1.001967e-01   1.998364e-02   4.973726e-05   2.312459e-03   168
  1.004595e-01   7.339896e-02   7.873394e-05   7.808477e-03   504
  1.007551e-01   5.835288e-02   1.211015e-09   8.094695e-03   144
  1.009411e-01   1.894482e-02   5.056606e-05   1.086281e-03   464
  1.012205e-01   3.354402e-02   7.420855e-05   3.023984e-03   432
  1.013531e-01   5.542826e-02   1.284475e-09   8.509913e-03   192
  1.016957e-01   3.388613e-02   5.501332e-05   3.719883e-03   396
  1.018981e-01   2.453430e-02   4.941713e-05   3.465886e-03   288
  1.021026e-01   2.511817e-02   4.881567e-05   2.845149e-03   336
  1.024293e-01   3.124083e-02   3.091107e-05   3.249679e-03   432
  1.026367e-01   2.359948e-02   8.011717e-05   1.970784e-03   360
  1.028695e-01   1.990584e-02   4.739049e-05   1.480276e-03   384
  1.032001e-01   2.400081e-01   4.183121e-05   1.239383e-01   198
  1.033594e-01   6.814762e-02   4.754848e-05   1.251653e-02   552
  1.036565e-01   1.572797e-01   6.656461e-05   2.051431e-02   432
  1.039045e-01   2.646792e-02   2.542602e-09   3.159976e-03   168
  1.041126e-01   9.481972e-02   8.251578e-05   1.119216e-02   480
  1.043880e-01   1.615681e-02   0.000000e+00   1.325085e-03   120
  1.045119e-01   5.184766e-02   6.739531e-05   7.843822e-03   336
  1.048143e-01   3.713692e-02   4.754634e-05   4.256912e-03   672
  1.051134e-01   5.559733e-02   6.916265e-05   7.452474e-03   528
  1.052527e-01   1.082972e-02   2.076026e-09   9.718505e-04   168
  1.055745e-01   3.902621e-02   7.715047e-05   4.877945e-03   456
  1.057708e-01   6.253721e-02   4.711644e-05   7.362588e-03   168
  1.059747e-01   2.344805e-02   4.703185e-05   2.052191e-03   504
  1.063135e-01   2.103213e-02   6.052278e-05   3.674451e-03   336
  1.065184e-01   2.710889e-02   4.362976e-05   3.746979e-03   312
  1.067457e-01   2.312560e-02   4.262923e-05   2.122580e-03   504
  1.070448e-01   1.876742e-02   2.957734e-05   1.396892e-03   432
  1.071854e-01   1.544600e-02   4.570679e-05   1.670860e-03   312
  1.074777e-01   2.003478e-02   4.685168e-05   1.657624e-03   384
  1.077830e-01   2.970420e+00   3.980594e-05   1.527475e+00   126
  1.079714e-01   9.021490e-02   6.988975e-05   1.362763e-02   492
  1.082121e-01   8.801322e-02   4.476446e-05   1.139622e-02   528
  1.085129e-01   3.687991e-02   4.547108e-05   5.327364e-03   480
  1.086993e-01   6.072396e-02   6.281804e-05   1.001006e-02   432
  1.089692e-01   4.296819e-02   4.939807e-05   6.964798e-03   440
  1.092826e-01   8.279234e-02   2.456546e-05   1.327157e-02   312
  1.094002e-01   2.335141e-02   3.681340e-05   2.337988e-03   480
  1.096414e-01   2.749638e-02   7.207992e-05   3.644068e-03   408
  1.099939e-01   4.260330e-02   4.316772e-05   5.240594e-03   360
  1.101428e-01   3.483176e-02   4.165528e-05   4.188675e-03   408
  1.104187e-01   2.445107e-02   4.238952e-05   3.133471e-03   456
  1.107295e-01   2.666301e-02   4.051394e-05   3.435166e-03   264
  1.109019e-01   2.305800e-02   4.396779e-05   1.985185e-03   384
  1.111530e-01   2.018756e-02   7.402287e-05   1.515809e-03   672
  1.114432e-01   3.883866e-02   4.427524e-05   4.356466e-03   240
  1.116107e-01   1.491012e-02   4.492830e-05   1.234370e-03   264
  1.118470e-01   1.209620e-02   5.541164e-05   9.352346e-04   624
  1.121997e-01   2.172281e-01   0.000000e+00   1.265192e-01   150
  1.123253e-01   5.593709e-02   6.209312e-05   9.725066e-03   600
  1.125901e-01   7.820657e-02   4.285507e-05   9.707045e-03   672
  1.128900e-01   2.565421e-02   4.030821e-05   3.520990e-03   336
  1.130571e-01   8.418179e-02   4.384359e-05   1.214350e-02   408
  1.133240e-01   4.222189e-02   4.374031e-05   7.005784e-03   408
  1.136209e-01   2.966334e-02   2.211745e-05   3.348260e-03   360
  1.138039e-01   3.935441e-02   8.120816e-05   4.448001e-03   456
  1.140250e-01   3.156076e-02   4.416149e-05   5.565040e-03   384
  1.143063e-01   1.135041e-02   4.076666e-05   9.674346e-04   348
  1.144584e-01   4.010445e-02   5.025723e-05   4.066365e-03   576
  1.147440e-01   2.034443e-02   4.138022e-05   1.971842e-03   504
  1.150362e-01   1.750052e-02   5.836440e-05   1.834126e-03   432
  1.152912e-01   1.970317e-02   7.940448e-05   1.520774e-03   576
  1.154731e-01   1.434663e-02   0.000000e+00   1.472623e-03   264
  1.157616e-01   1.743368e-02   6.318613e-05   1.311667e-03   768
  1.160125e-01   7.810505e-03   8.506861e-05   5.063197e-04   240
  1.162120e-01   2.130035e-02   7.502246e-05   3.006091e-03   192
  1.165026e-01   1.196806e-02   5.522570e-05   7.842168e-04   504
  1.167181e-01   1.678817e-01   7.441870e-05   6.353204e-02   590
  1.169248e-01   8.182085e-02   8.338208e-05   1.182162e-02   384
  1.171839e-01   7.953565e-02   6.968286e-05   1.322965e-02   504
  1.174968e-01   6.381104e-02   6.705897e-05   9.892152e-03   648
  1.178003e-01   2.368087e-02   1.821233e-05   3.183820e-03   504
  1.179227e-01   1.534034e-02   4.154576e-05   1.264772e-03   312
  1.181387e-01   4.684703e-02   5.985722e-05   4.864525e-03   576
  1.184353e-01   3.111072e-02   4.165498e-05   4.165633e-03   240
  1.186082e-01   1.139872e-02   4.209035e-05   6.402197e-04   552
  1.188529e-01   2.911182e-02   3.952187e-05   2.644537e-03   600
  1.192015e-01   1.922692e-02   4.827284e-05   1.986740e-03   600
  1.194111e-01   1.748128e-02   7.730513e-05   2.168692e-03   312
  1.196198e-01   2.240358e-02   6.732512e-05   1.940065e-03   480
  1.198806e-01   1.647644e-02   4.200441e-05   1.907786e-03   576
  1.201101e-01   2.007173e-02   6.763622e-05   1.699149e-03   408
  1.203138e-01   6.959658e-03   7.890077e-05   5.359573e-04   216
  1.205770e-01   1.527227e-02   6.042911e-05   1.785138e-03   516
  1.208589e-01   1.296762e-02   5.765552e-05   9.836385e-04   744
  1.211498e-01   6.454917e-02   3.850879e-05   2.712675e-02   462
  1.213141e-01   5.450475e-02   3.913862e-05   9.789157e-03   432
  1.215691e-01   6.889113e-02   3.630965e-05   9.205810e-03   648
  1.218688e-01   2.968016e-02   5.312777e-05   4.281141e-03   528
  1.221096e-01   3.368371e-02   6.397910e-05   4.360624e-03   600
  1.223502e-01   4.541515e-02   8.066092e-05   6.062755e-03   240
  1.225832e-01   3.006474e-02   6.178548e-05   3.702345e-03   720
  1.228540e-01   1.987542e-02   4.888350e-05   2.308362e-03   720
  1.231542e-01   6.357970e-03   0.000000e+00   6.586103e-04   144
  1.233122e-01   2.536549e-02   6.302546e-05   2.199094e-03   720
  1.235369e-01   1.955695e-02   3.779131e-05   2.246887e-03   384
  1.238183e-01   1.352399e-02   4.189367e-05   1.345037e-03   672
  1.240853e-01   1.895125e-02   7.335120e-05   2.251089e-03   336
  1.242128e-01   2.056801e-02   0.000000e+00   2.817865e-03   288
  1.245250e-01   1.071612e-02   5.805257e-05   7.324783e-04   776
  1.248140e-01   1.019544e-02   4.967278e-05   6.402391e-04   720
  1.250567e-01   8.988854e-03   4.001507e-05   6.073536e-04   432
  1.252509e-01   1.389903e-02   5.704653e-05   1.093220e-03   504
  1.254668e-01   1.780982e-02   3.996919e-05   2.069790e-03   528
  1.257690e-01   3.883526e-01   5.445569e-05   1.826038e-01   438
  1.260177e-01   4.708389e-02   6.338144e-05   5.999751e-03   624
  1.262050e-01   2.007404e-02   7.763371e-05   3.754478e-03   312
  1.264626e-01   3.435900e-02   4.182709e-05   3.725295e-03   696
  1.267289e-01   2.395249e-02   3.784594e-05   3.339095e-03   552
  1.270059e-01   2.864829e-02   2.928013e-05   4.518991e-03   516
  1.271773e-01   2.162650e-02   5.848486e-05   2.402979e-03   528
  1.273859e-01   6.386572e-03   3.803430e-05   4.340056e-04   528
  1.276822e-01   2.079239e-02   5.015953e-05   1.900233e-03   864
  1.278834e-01   2.088634e-02   6.870823e-05   2.319861e-03   408
  1.280847e-01   2.309577e-02   6.807282e-05   3.921864e-03   192
  1.283701e-01   1.086776e-02   5.633353e-05   9.129888e-04   720
  1.286110e-01   1.293793e-02   5.194228e-05   1.067368e-03   696
  1.288973e-01   1.296010e-02   5.609815e-05   1.004788e-03   720
  1.291592e-01   1.267219e-02   7.603431e-05   1.265710e-03   432
  1.293119e-01   8.450713e-03   4.475677e-05   7.016650e-04   264
  1.295867e-01   1.131004e-02   6.180712e-05   7.073484e-04   672
  1.298325e-01   1.232169e-02   6.328100e-05   1.098178e-03   600
  1.301242e-01   3.614040e-02   3.705096e-05   1.983360e-02   270
  1.302712e-01   2.853285e-02   5.577202e-05   4.871618e-03   528
  1.305049e-01   3.418434e-02   3.819070e-05   4.367446e-03   840
  1.308254e-01   2.760076e-02   7.302747e-05   2.946625e-03   888
  1.311216e-01   1.491006e-02   5.441084e-05   1.722386e-03   744
  1.313718e-01   1.415379e-02   2.795923e-05   1.662012e-03   456
  1.314963e-01   2.454718e-02   3.820801e-05   2.389641e-03   360
  1.317093e-01   1.867510e-02   3.310510e-05   3.236270e-03   384
  1.320361e-01   1.304457e-02   5.310026e-05   1.167935e-03   816
  1.322813e-01   1.667528e-02   7.704106e-05   1.601672e-03   824
  1.325794e-01   1.014708e-02   3.581235e-05   1.008174e-03   360
  1.327390e-01   1.129735e-02   5.284558e-05   7.607829e-04   624
  1.329587e-01   1.236498e-02   3.571018e-05   1.073784e-03   360
  1.332513e-01   1.091850e-02   4.857633e-05   8.786013e-04   876
  1.335156e-01   8.314141e-03   5.769416e-05   5.373143e-04   696
  1.337821e-01   7.593400e-03   3.725510e-05   6.626667e-04   336
  1.339218e-01   9.803537e-03   3.721324e-05   7.093094e-04   504
  1.341526e-01   1.051793e-02   3.753571e-05   8.623961e-04   672
  1.344950e-01   8.281621e-03   7.472486e-05   5.364696e-04   720
  1.347324e-01   4.479423e-02   5.644666e-05   9.760147e-03   774
  1.349945e-01   5.990208e-02   3.230860e-05   8.794248e-03   384
  1.351318e-01   1.270231e-02   6.217562e-05   1.062869e-03   528
  1.353448e-01   2.473349e-02   5.925683e-05   3.955783e-03   744
  1.356875e-01   1.262959e-02   4.887432e-05   1.005809e-03   768
  1.359150e-01   1.883748e-02   5.486510e-05   2.045624e-03   552
  1.361989e-01   9.792250e-03   5.979675e-05   7.843584e-04   696
  1.364100e-01   1.739379e-02   7.266345e-05   1.742446e-03   408
  1.365777e-01   1.194445e-02   3.139119e-05   1.099108e-03   504
  1.368434e-01   1.025209e-02   5.639309e-05   8.865935e-04   888
  1.371049e-01   1.030025e-02   5.860872e-05   9.597739e-04   648
  1.373767e-01   1.332699e-02   5.810635e-05   1.374365e-03   648
  1.376324e-01   9.894968e-03   6.265289e-05   7.166280e-04   792
  1.379033e-01   8.368917e-03   9.166547e-05   9.097750e-04   600
  1.381028e-01   5.677374e-03   6.212242e-05   3.733170e-04   456
  1.383129e-01   9.124571e-03   3.027582e-05   7.956320e-04   648
  1.385828e-01   8.114882e-03   5.904226e-05   5.267416e-04   936
  1.388741e-01   1.002356e-02   3.625955e-05   1.053661e-03   384
  1.391277e-01   1.775447e-02   0.000000e+00   4.870601e-03   198
  1.393234e-01   1.932855e-02   9.199360e-05   2.159608e-03   1224
  1.395345e-01   3.360547e-02   6.699966e-05   6.234760e-03   420
  1.397842e-01   1.900039e-02   6.484166e-05   1.991573e-03   792
  1.400283e-01   1.088885e-02   5.361851e-05   1.046741e-03   680
  1.403069e-01   1.391544e-02   4.923504e-05   1.635774e-03   600
  1.405311e-01   1.322292e-02   7.140431e-05   1.334820e-03   840
  1.408304e-01   8.285952e-03   3.371380e-05   7.321235e-04   432
  1.409448e-01   1.298682e-02   3.159427e-05   1.210592e-03   720
  1.411934e-01   9.825863e-03   6.327780e-05   9.032252e-04   960
  1.415027e-01   9.443477e-03   5.640753e-05   8.980547e-04   528
  1.417288e-01   9.710856e-03   5.765925e-05   9.045165e-04   624
  1.419978e-01   8.620514e-03   4.531978e-05   6.653286e-04   816
  1.422648e-01   8.115803e-03   7.452934e-05   4.905448e-04   696
  1.425599e-01   5.128706e-03   4.110321e-09   3.683179e-04   240
  1.426709e-01   7.431880e-03   4.395173e-05   5.274920e-04   672
  1.429185e-01   1.001535e-02   7.854802e-05   1.045245e-03   864
  1.431964e-01   5.988545e-03   6.027286e-05   4.126613e-04   816
  1.434467e-01   5.792624e-03   3.449810e-05   3.471741e-04   648
  1.437164e-01   1.359953e-02   3.526335e-05   1.396630e-03   843
  1.439454e-01   1.273543e-02   6.344743e-05   1.776499e-03   780
  1.442182e-01   1.338429e-02   3.404471e-05   3.492323e-03   216
  1.443865e-01   1.093200e-02   8.209510e-05   1.179137e-03   1056
  1.446454e-01   5.180457e-03   6.716301e-05   6.930746e-04   228
  1.448850e-01   1.095124e-02   8.361962e-05   1.013025e-03   924
  1.451311e-01   6.601886e-03   3.101819e-05   3.804639e-04   696
  1.453916e-01   8.798279e-03   5.520350e-05   8.583140e-04   996
  1.456581e-01   6.818354e-03   3.259105e-05   9.532668e-04   576
  1.459354e-01   8.887792e-03   5.030212e-05   1.445894e-03   552
  1.461376e-01   9.936206e-03   6.005898e-05   9.955632e-04   516
  1.463427e-01   6.796020e-03   8.733821e-05   5.552415e-04   744
  1.465771e-01   4.348427e-03   4.284460e-05   3.348128e-04   576
  1.467810e-01   5.995069e-03   4.409794e-05   4.863183e-04   792
  1.470708e-01   6.830449e-03   5.041212e-05   4.490732e-04   792
  1.472831e-01   7.005349e-03   5.436894e-05   6.395688e-04   720
  1.475703e-01   5.006231e-03   6.196809e-05   3.621093e-04   656
  1.478394e-01   4.529648e-03   6.766594e-05   2.818331e-04   816
  1.481153e-01   5.609622e-03   3.648433e-05   6.412685e-04   492
  1.482721e-01   6.208502e-03   5.248529e-05   5.309892e-04   552
  1.485663e-01   4.257916e-03   9.126553e-05   2.527227e-04   780
  1.487575e-01   4.184908e-03   5.606333e-05   2.766845e-04   528
  1.489634e-01   3.942696e-03   6.544296e-05   2.970413e-04   600
  1.492669e-01   5.560276e-03   5.438828e-05   3.160439e-04   900
  1.494760e-01   4.983923e-03   3.011028e-05   3.635836e-04   696
  1.497638e-01   4.417584e-03   7.613501e-05   3.513530e-04   696
  1.500423e-01   3.686330e-03   3.088725e-05   2.114180e-04   552
  1.502764e-01   3.956438e-03   3.591902e-05   2.110453e-04   708
  1.505217e-01   3.931561e-03   5.930435e-05   2.207061e-04   876
  1.507769e-01   5.442691e-03   3.148943e-05   8.770156e-04   216
  1.509481e-01   4.815337e-03   8.612787e-05   2.384534e-04   1032
  1.512046e-01   3.760743e-03   9.589387e-05   2.928427e-04   600
  1.514708e-01   3.047603e-03   4.575699e-05   1.892014e-04   600
  1.516739e-01   3.850135e-03   8.080257e-05   2.779956e-04   528
  1.519139e-01   4.083634e-03   4.435707e-05   2.158131e-04   732
  1.521668e-01   4.535145e-03   3.275367e-05   4.621069e-04   336
  1.524578e-01   3.206523e-03   4.668048e-05   1.689049e-04   912
  1.526754e-01   2.395702e-03   4.685305e-05   1.114609e-04   624
  1.529130e-01   3.217122e-03   3.948208e-05   1.617364e-04   768
  1.531905e-01   3.033741e-03   7.123345e-05   1.350001e-04   792
  1.534628e-01   3.558793e-03   3.531461e-05   2.830372e-04   660
  1.536565e-01   3.412538e-03   5.204174e-05   1.997180e-04   504
  1.538569e-01   2.792170e-03   8.502625e-05   1.795577e-04   480
  1.541572e-01   2.608818e-03   7.863820e-05   1.033062e-04   912
  1.543923e-01   2.995386e-03   8.757583e-05   1.765530e-04   432
  1.546144e-01   3.054803e-03   5.200047e-05   1.703311e-04   564
  1.548116e-01   2.841244e-03   4.977161e-05   1.272515e-04   600
  1.550891e-01   3.711286e-03   6.937691e-05   1.792110e-04   876
  1.552976e-01   2.874809e-03   3.119395e-05   2.009332e-04   264
  1.555851e-01   2.650622e-03   6.052853e-05   1.691567e-04   560
  1.558161e-01   2.691732e-03   4.113044e-05   1.303370e-04   840
  1.560965e-01   2.321408e-03   6.341128e-05   9.535494e-05   1008
  1.563558e-01   1.854240e-03   2.836595e-05   9.217525e-05   456
  1.565927e-01   2.951371e-03   3.674408e-05   1.733300e-04   576
  1.568116e-01   2.811724e-03   5.646120e-05   1.372364e-04   612
  1.571003e-01   2.880568e-03   5.042901e-05   1.621045e-04   780
  1.573359e-01   2.430935e-03   5.778934e-05   1.218980e-04   648
  1.575770e-01   2.544062e-03   2.693058e-05   1.591089e-04   312
  1.577311e-01   2.423752e-03   6.842617e-05   1.566507e-04   528
  1.579980e-01   2.120611e-03   8.936117e-05   9.061748e-05   720
  1.582533e-01   2.580326e-03   8.964102e-05   1.656805e-04   576
  1.585628e-01   2.305638e-03   7.732694e-05   1.378864e-04   444
  1.587554e-01   2.599494e-03   7.583279e-05   1.063365e-04   996
  1.589914e-01   2.063769e-03   6.334320e-05   1.563334e-04   432
  1.592145e-01   2.486530e-03   6.934834e-05   1.363233e-04   504
  1.594071e-01   2.096287e-03   3.126589e-05   1.022781e-04   504
  1.596815e-01   2.264745e-03   6.153164e-05   9.892396e-05   876
  1.599297e-01   2.014006e-03   7.081706e-05   1.187270e-04   504
  1.601882e-01   1.907801e-03   4.516342e-05   9.607875e-05   696
  1.604019e-01   1.994327e-03   3.860998e-05   1.063865e-04   492
  1.606926e-01   1.854366e-03   5.527206e-05   1.113627e-04   432
  1.609079e-01   2.047087e-03   5.175622e-05   8.300099e-05   768
  1.611631e-01   1.941517e-03   6.446933e-05   8.541968e-05   648
  1.614068e-01   1.568725e-03   4.205932e-05   8.569523e-05   456
  1.616868e-01   1.947798e-03   5.783839e-05   1.017143e-04   552
  1.618813e-01   1.730148e-03   3.964248e-05   6.880962e-05   648
  1.621489e-01   1.802886e-03   6.461501e-05   8.899829e-05   840
  1.624104e-01   1.854612e-03   3.081354e-05   1.147079e-04   432
  1.626721e-01   1.927250e-03   3.774132e-05   9.242834e-05   600
  1.628542e-01   2.026614e-03   4.021090e-05   1.191354e-04   432
  1.631600e-01   1.930283e-03   4.003387e-05   9.130597e-05   560
  1.633670e-01   1.768676e-03   6.336941e-05   1.080839e-04   840
  1.636263e-01   1.917680e-03   3.753463e-05   1.259555e-04   504
  1.638323e-01   1.560182e-03   7.660593e-05   6.839942e-05   696
  1.641226e-01   2.159003e-03   4.183943e-05   1.468314e-04   384
  1.643487e-01   1.413132e-03   6.128984e-05   7.016363e-05   576
  1.646222e-01   1.147343e-03   3.782503e-05   6.261595e-05   360
  1.648426e-01   1.677601e-03   5.633064e-05   7.382795e-05   828
  1.650804e-01   1.598486e-03   5.017290e-05   1.018048e-04   372
  1.652983e-01   1.371218e-03   7.662364e-05   7.802328e-05   576
  1.655869e-01   1.780370e-03   3.208989e-05   9.013848e-05   636
  1.657926e-01   1.492070e-03   6.186102e-05   6.342310e-05   648
  1.660708e-01   1.314529e-03   5.028625e-05   8.143570e-05   576
  1.662705e-01   1.326566e-03   8.111703e-05   6.630251e-05   528
  1.665361e-01   1.463073e-03   3.468088e-05   9.079462e-05   360
  1.667559e-01   1.435499e-03   7.977902e-05   7.352030e-05   672
  1.670430e-01   1.466058e-03   4.086413e-05   6.102984e-05   804
  1.672819e-01   1.384639e-03   4.507802e-05   9.580347e-05   408
  1.675462e-01   1.639488e-03   2.786312e-05   1.168568e-04   384
  1.677241e-01   1.165102e-03   6.376152e-05   6.754032e-05   480
  1.679752e-01   1.298060e-03   4.119929e-05   7.167847e-05   432
  1.682159e-01   1.516508e-03   7.592150e-05   7.837758e-05   648
  1.685009e-01   1.301526e-03   4.710893e-05   6.154982e-05   624
  1.687093e-01   1.351953e-03   4.284955e-05   9.225747e-05   456
  1.689940e-01   1.076309e-03   5.853629e-05   5.010158e-05   588
  1.691847e-01   1.115280e-03   3.734591e-05   5.760714e-05   600
  1.694632e-01   1.112900e-03   5.825046e-05   7.989425e-05   708
  1.696832e-01   1.355715e-03   3.669667e-05   7.826681e-05   360
  1.699263e-01   1.381855e-03   4.218379e-05   7.764350e-05   552
  1.701593e-01   1.190334e-03   2.959293e-05   9.684324e-05   288
  1.703959e-01   1.043163e-03   5.564280e-05   4.849250e-05   528
  1.706182e-01   1.363413e-03   3.753920e-05   8.162660e-05   456
  1.708665e-01   1.230457e-03   6.656515e-05   6.070279e-05   608
  1.711163e-01   1.009703e-03   3.220496e-05   6.158557e-05   504
  1.713892e-01   7.894614e-04   6.914223e-05   4.192243e-05   540
  1.716032e-01   1.136019e-03   7.422222e-05   6.892221e-05   360
  1.718339e-01   1.224065e-03   3.361162e-05   7.462929e-05   540
  1.720380e-01   8.800844e-04   2.885957e-05   4.345174e-05   576
  1.723347e-01   1.071084e-03   6.691555e-05   5.584010e-05   588
  1.726168e-01   1.024159e-03   9.232326e-05   4.970803e-05   672
  1.728592e-01   1.222132e-03   7.056345e-05   6.887764e-05   552
  1.730545e-01   9.772215e-04   7.059913e-05   7.688103e-05   144
  1.733038e-01   1.277441e-03   5.998121e-05   6.988327e-05   600
  1.735402e-01   8.653771e-04   7.516955e-05   3.733774e-05   504
  1.738025e-01   9.402199e-04   7.721430e-05   6.491143e-05   336
  1.740784e-01   1.025294e-03   8.678922e-05   5.032398e-05   600
  1.743256e-01   8.667553e-04   5.601092e-05   4.682621e-05   636
  1.745923e-01   8.596092e-04   4.503329e-05   5.328147e-05   384
  1.747793e-01   9.646078e-04   6.281612e-05   5.339038e-05   504
  1.750488e-01   8.089240e-04   2.636304e-05   5.437279e-05   240
  1.752616e-01   9.043989e-04   6.193054e-05   3.878440e-05   744
  1.755168e-01   7.397845e-04   4.228914e-05   3.368722e-05   648
  1.757436e-01   1.100438e-03   2.807279e-05   1.303049e-04   120
  1.760095e-01   8.289626e-04   4.409871e-05   4.303778e-05   564
  1.762103e-01   7.367164e-04   6.925969e-05   3.947620e-05   432
  1.764784e-01   8.968041e-04   5.375921e-05   5.586503e-05   480
  1.766803e-01   5.882046e-04   3.956814e-05   3.390986e-05   456
  1.769186e-01   7.459498e-04   6.547942e-05   4.709878e-05   444
  1.771890e-01   6.941106e-04   1.001870e-04   3.347633e-05   528
  1.774266e-01   7.840619e-04   7.440679e-05   7.870160e-05   264
  1.776571e-01   8.585985e-04   7.625589e-05   6.259037e-05   444
  1.779672e-01   6.801861e-04   8.352712e-05   2.586008e-05   696
  1.782246e-01   7.440731e-04   4.467309e-05   4.283488e-05   384
  1.784129e-01   6.147788e-04   5.644820e-05   3.232124e-05   432
  1.787057e-01   7.338431e-04   3.900306e-05   4.591695e-05   488
  1.788958e-01   7.537245e-04   5.878247e-05   4.340946e-05   480
  1.791714e-01   5.414623e-04   6.555462e-05   2.817351e-05   480
  1.793849e-01   9.072170e-04   2.750471e-05   9.101531e-05   240
  1.796272e-01   7.093865e-04   6.424882e-05   3.549662e-05   600
  1.798559e-01   6.495459e-04   5.598627e-05   4.872205e-05   288
  1.800993e-01   6.604676e-04   5.385469e-05   3.369707e-05   480
  1.803458e-01   5.515930e-04   9.579788e-05   3.310543e-05   504
  1.805885e-01   7.503058e-04   4.110325e-05   5.071997e-05   216
  1.808981e-01   5.459291e-04   6.729256e-05   2.894398e-05   504
  1.811392e-01   5.098608e-04   5.412370e-05   2.886425e-05   456
  1.814031e-01   6.410828e-04   3.104087e-05   4.229310e-05   384
  1.815779e-01   6.006218e-04   6.300174e-05   3.730986e-05   480
  1.818262e-01   5.151441e-04   5.532259e-05   2.789430e-05   504
  1.820564e-01   5.909975e-04   3.509319e-05   5.246005e-05   312
  1.823043e-01   5.669150e-04   5.655148e-05   2.892346e-05   492
  1.825238e-01   5.366826e-04   5.300385e-05   3.636102e-05   312
  1.828064e-01   4.571892e-04   8.610055e-05   2.407150e-05   576
  1.830551e-01   4.651254e-04   7.947777e-05   3.300290e-05   336
  1.832617e-01   3.158259e-04   6.119421e-05   2.069437e-05   240
  1.835481e-01   4.841097e-04   8.112802e-05   3.193342e-05   468
  1.837954e-01   5.293585e-04   5.079787e-05   5.593560e-05   192
  1.840542e-01   5.135770e-04   5.094927e-05   3.862777e-05   324
  1.842439e-01   4.469529e-04   3.697814e-05   2.026137e-05   600
  1.845024e-01   4.550545e-04   5.999324e-05   2.526802e-05   456
  1.846943e-01   4.017877e-04   2.698496e-05   2.421753e-05   336
  1.850125e-01   4.603397e-04   8.080061e-05   2.468726e-05   612
  1.852440e-01   5.273438e-04   6.781139e-05   8.033035e-05   144
  1.854629e-01   4.478931e-04   7.915330e-05   2.099401e-05   552
  1.857606e-01   3.146056e-04   3.117154e-05   2.156681e-05   264
  1.859288e-01   4.315846e-04   7.217008e-05   2.895240e-05   336
  1.861941e-01   4.802280e-04   4.768752e-05   3.942018e-05   384
  1.864242e-01   5.021767e-04   2.684336e-05   5.078827e-05   216
  1.866789e-01   2.754637e-04   5.691346e-05   2.193500e-05   344
  1.869112e-01   3.277617e-04   8.491756e-05   2.100854e-05   408
  1.871942e-01   3.232936e-04   6.525361e-05   2.102653e-05   264
  1.874450e-01   3.954518e-04   9.096676e-05   1.866314e-05   612
  1.876956e-01   4.242044e-04   4.681845e-05   2.371613e-05   408
  1.879533e-01   3.251170e-04   4.688574e-05   1.982486e-05   444
  1.881426e-01   5.681193e-04   2.622284e-05   5.731764e-05   120
  1.883963e-01   3.727370e-04   7.244892e-05   2.410500e-05   336
  1.885846e-01   2.630793e-04   2.517571e-05   1.598140e-05   288
  1.888390e-01   3.269273e-04   7.834725e-05   1.793070e-05   552
  1.891889e-01   2.653208e-04   0.000000e+00   3.768662e-05   72
  1.893687e-01   2.838652e-04   7.781878e-05   1.579379e-05   504
  1.895788e-01   2.626570e-04   2.504133e-05   2.439098e-05   216
  1.898511e-01   3.065752e-04   4.470956e-05   3.289471e-05   312
  1.900954e-01   2.008334e-04   5.090887e-05   1.378544e-05   336
  1.903283e-01   2.463102e-04   7.056539e-05   2.002462e-05   204
  1.905603e-01   2.639162e-04   8.200772e-05   1.389866e-05   504
  1.908063e-01   3.089329e-04   7.809491e-05   1.910225e-05   396
  1.910429e-01   2.959288e-04   7.161711e-05   1.827500e-05   312
  1.913297e-01   4.189042e-04   4.376572e-05   3.374863e-05   216
  1.915318e-01   2.010806e-04   2.375249e-05   1.560172e-05   168
  1.917774e-01   2.481013e-04   5.997637e-05   1.236534e-05   588
  1.920576e-01   2.420237e-04   8.141090e-05   2.720538e-05   240
  1.922754e-01   2.330027e-04   7.189946e-05   2.014676e-05   264
  1.925307e-01   2.139197e-04   8.891848e-05   1.832470e-05   288
  1.927573e-01   1.931077e-04   4.440219e-05   2.018130e-05   288
  1.930444e-01   2.243816e-04   4.170072e-05   1.465754e-05   288
  1.932378e-01   1.633164e-04   4.830681e-05   1.394146e-05   192
  1.934810e-01   1.741585e-04   5.140329e-05   1.969053e-05   264
  1.937128e-01   2.677652e-04   8.455129e-05   1.606338e-05   372
  1.939621e-01   2.742259e-04   9.131904e-05   1.658088e-05   360
  1.942665e-01   2.971738e-04   3.864708e-05   3.193882e-05   144
  1.944239e-01   1.764207e-04   5.367910e-05   1.316460e-05   296
  1.946722e-01   1.577227e-04   5.783646e-05   1.071967e-05   288
  1.949565e-01   1.669197e-04   8.643513e-05   9.625811e-06   480
  1.952017e-01   1.711194e-04   7.181934e-05   1.585424e-05   192
  1.954402e-01   2.665385e-04   7.703604e-05   2.121834e-05   192
  1.956569e-01   1.551621e-04   4.909597e-05   1.095420e-05   288
  1.959584e-01   1.434537e-04   4.273737e-05   1.476503e-05   108
  1.961102e-01   1.609999e-04   4.108675e-05   1.392434e-05   240
  1.963784e-01   1.222148e-04   7.664829e-05   8.044546e-06   384
  1.966538e-01   2.013269e-04   9.350223e-05   2.477446e-05   108
  1.968974e-01   2.281011e-04   5.482209e-05   1.443396e-05   348
  1.971535e-01   1.207223e-04   5.721449e-05   9.677732e-06   312
  1.973823e-01   1.297394e-04   5.559587e-05   1.875704e-05   96
  1.975926e-01   1.231424e-04   7.401586e-05   6.552699e-06   384
  1.978282e-01   1.488892e-04   5.090793e-05   1.259852e-05   144
  1.980586e-01   1.585905e-04   7.822228e-05   9.011292e-06   408
  1.983451e-01   1.234210e-04   3.489266e-05   1.150440e-05   144
  1.986157e-01   1.580217e-04   6.708152e-05   1.654910e-05   192
  1.987762e-01   1.672424e-04   7.550148e-05   1.316443e-05   144
  1.990378e-01   1.173750e-04   6.138549e-05   1.364815e-05   144
  1.992846e-01   1.312056e-04   7.502301e-05   8.451431e-06   336
  1.995869e-01   8.085860e-05   5.550751e-05   4.900583e-06   240
  1.997786e-01   1.127291e-04   2.520547e-05   1.698555e-05   96
  2.000459e-01   1.429668e-04   7.391551e-05   1.239595e-05   372
  2.003163e-01   1.483288e-04   8.792091e-05   1.531041e-05   132
  2.005538e-01   8.302342e-05   5.440441e-05   5.128028e-06   264
  2.007663e-01   1.498859e-04   4.178011e-05   1.238553e-05   168
  2.009931e-01   1.058663e-04   6.679837e-05   7.742791e-06   216
  2.011935e-01   1.080841e-04   4.086808e-05   8.435269e-06   216
  2.014852e-01   1.054504e-04   7.497591e-05   1.379057e-05   96
  2.017500e-01   1.215388e-04   4.891494e-05   1.268725e-05   120
  2.019928e-01   1.163203e-04   6.218465e-05   1.018495e-05   216
  2.021928e-01   6.607162e-05   2.717490e-05   4.747662e-06   200
  2.024576e-01   9.216910e-05   7.034415e-05   7.304172e-06   288
  2.027972e-01   7.006915e-05   1.850891e-05   6.755742e-06   144
  2.029402e-01   8.280120e-05   5.759860e-05   7.981314e-06   168
  2.032323e-01   1.062608e-04   6.482186e-05   1.118680e-05   159
  2.034603e-01   9.901768e-05   6.801371e-05   1.154078e-05   174
  2.036809e-01   7.387788e-05   6.167246e-05   5.610517e-06   144
  2.039698e-01   1.007018e-04   3.561139e-05   8.344583e-06   222
  2.041630e-01   7.814560e-05   3.593504e-05   6.996820e-06   168
  2.044967e-01   7.767150e-05   7.881934e-05   1.329373e-05   30
  2.046346e-01   3.660250e-05   6.959169e-05   3.966409e-06   72
  2.048942e-01   7.235877e-05   6.210975e-05   6.457740e-06   258
  2.051797e-01   6.695246e-05   3.890094e-05   4.040501e-06   264
  2.053225e-01   6.530200e-05   4.195079e-09   1.045131e-05   72
  2.056199e-01   4.975699e-05   7.710330e-05   3.564970e-06   174
  2.058892e-01   7.698843e-05   8.210077e-05   6.376193e-06   168
  2.061058e-01   5.752507e-05   2.568951e-09   8.765085e-06   48
  2.063382e-01   5.830384e-05   4.636424e-05   4.223970e-06   150
  2.066077e-01   8.487509e-05   8.529035e-05   6.288415e-06   168
  2.068780e-01   5.252455e-05   5.195492e-05   4.568126e-06   144
  2.071265e-01   5.989965e-05   4.853772e-05   5.868050e-06   102
  2.073116e-01   6.630547e-05   7.184416e-05   6.509539e-06   96
  2.076053e-01   5.114141e-05   7.130050e-05   5.271043e-06   120
  2.078228e-01   6.619314e-05   7.647166e-05   4.928624e-06   168
  2.080580e-01   9.263373e-05   5.646827e-05   9.574437e-06   126
  2.082585e-01   5.892206e-05   4.258836e-05   5.690035e-06   168
  2.085346e-01   4.742791e-05   6.829049e-05   4.335559e-06   72
  2.087759e-01   5.294522e-05   8.551492e-05   3.881011e-06   168
  2.089873e-01   4.335557e-05   2.344384e-05   4.607080e-06   78
  2.092770e-01   6.556986e-05   3.849304e-05   1.059335e-05   60
  2.095103e-01   9.967318e-05   6.244194e-05   1.149169e-05   96
  2.097522e-01   7.326288e-05   7.576810e-05   5.453691e-06   168
  2.099796e-01   5.301832e-05   4.794311e-05   6.274945e-06   86
  2.102181e-01   5.014176e-05   4.284977e-05   4.003764e-06   120
  2.105600e-01   3.886652e-05   3.055758e-05   3.274181e-06   168
  2.107444e-01   3.346716e-05   0.000000e+00   3.410276e-06   48
  2.109928e-01   5.719242e-05   5.567259e-05   6.285748e-06   120
  2.111355e-01   3.540654e-05   4.061540e-05   2.926264e-06   126
  2.114838e-01   5.525559e-05   7.143116e-05   5.160138e-06   96
  2.117099e-01   5.903702e-05   2.059722e-05   6.053073e-06   96
  2.118882e-01   4.371757e-05   2.422030e-09   4.729724e-06   72
  2.122681e-01   3.702709e-05   2.568951e-09   7.444900e-06   24
  2.125052e-01   6.188241e-05   4.238860e-05   5.510300e-06   120
  2.126902e-01   5.233471e-05   6.183193e-05   4.694052e-06   126
  2.128959e-01   3.106074e-05   5.154529e-05   3.677094e-06   96
  2.131362e-01   3.933978e-05   8.908530e-05   3.622529e-06   72
  2.134038e-01   4.186700e-05   3.853239e-05   3.204483e-06   144
  2.136239e-01   5.614760e-05   2.222458e-05   5.270812e-06   72
  2.138438e-01   2.546020e-05   4.439042e-05   3.146954e-06   54
  2.140373e-01   3.863507e-05   3.911854e-05   4.657246e-06   108
  2.144395e-01   4.557217e-05   3.834628e-05   5.972522e-06   72
  2.145647e-01   3.226791e-05   2.212712e-05   2.734600e-06   72
  2.148618e-01   3.975984e-05   4.449553e-09   5.924048e-06   24
  2.151428e-01   2.794356e-05   4.681088e-05   4.151663e-06   48
  2.153135e-01   5.559145e-05   3.565781e-05   6.326890e-06   102
  2.155704e-01   3.688402e-05   8.064314e-05   3.250864e-06   168
  2.159060e-01   3.937503e-05   4.398088e-05   4.232531e-06   72
  2.160304e-01   3.652269e-05   0.000000e+00   5.087839e-06   48
  2.162913e-01   3.238775e-05   7.564979e-05   2.891275e-06   120
  2.166356e-01   3.655220e-05   4.648832e-05   3.948375e-06   96
  2.169608e-01   4.562479e-05   4.110321e-09   9.683731e-06   30
  2.173472e-01   4.705649e-05   2.184227e-05   6.451118e-06   72
  2.175171e-01   4.730722e-05   2.568951e-09   7.493592e-06   24
  2.177352e-01   3.919811e-05   3.237565e-05   6.008161e-06   56
  2.179796e-01   2.966145e-05   4.620169e-05   2.761848e-06   96
  2.182720e-01   3.593241e-05   5.101796e-05   2.266757e-06   144
  2.184974e-01   3.409851e-05   2.896600e-05   5.962864e-06   54
  2.188250e-01   3.717480e-05   4.339413e-05   3.800703e-06   108
  2.191546e-01   3.541826e-05   2.297699e-05   4.535011e-06   48
  2.194683e-01   4.081438e-05   8.651572e-05   5.032084e-06   72
  2.202213e-01   3.949541e-05   5.716121e-05   4.572832e-06   78
  2.204299e-01   2.355128e-05   4.307814e-05   3.247480e-06   72
  2.206734e-01   2.690701e-05   4.302466e-05   2.550289e-06   72
  2.209281e-01   3.491281e-05   1.038232e-04   3.669595e-06   96
  2.211293e-01   3.855235e-05   4.293597e-05   4.438360e-06   72
  2.213721e-01   2.422404e-05   0.000000e+00   3.573155e-06   24
  2.216146e-01   2.759514e-05   8.567808e-05   2.811517e-06   72
  2.221623e-01   3.064886e-05   5.440820e-05   4.442756e-06   30
  2.222801e-01   4.339206e-05   0.000000e+00   7.561336e-06   24
  2.229135e-01   2.209010e-05   4.517907e-05   2.676038e-06   48
  2.231122e-01   3.445744e-05   9.722532e-05   2.990216e-06   120
  2.233799e-01   2.511749e-05   4.250917e-05   2.791733e-06   72
  2.236502e-01   3.325149e-05   4.245777e-05   4.545566e-06   36
  2.238360e-01   3.553466e-05   8.391632e-05   3.742634e-06   78
  2.243546e-01   3.311295e-05   4.488887e-05   5.640588e-06   48
  2.250269e-01   2.409636e-05   3.633045e-09   4.263020e-06   24
  2.255059e-01   2.094029e-05   3.125970e-05   2.417589e-06   56
  2.257471e-01   2.874200e-05   4.810277e-05   3.470895e-06   102
  2.260539e-01   2.425409e-05   3.425268e-09   3.235455e-06   72
  2.262321e-01   2.772153e-05   2.568951e-09   2.990654e-06   24
  2.265435e-01   3.887014e-05   4.445516e-05   6.049979e-06   48
  2.271206e-01   2.867439e-05   0.000000e+00   3.473819e-06   24
  2.278290e-01   5.264909e-05   0.000000e+00   2.978820e-05   6
  2.280499e-01   2.527303e-05   0.000000e+00   4.883087e-06   24
  2.281971e-01   2.016236e-05   4.161169e-05   2.129970e-06   72
  2.284659e-01   2.199658e-05   7.763053e-05   2.891941e-06   84
  2.287554e-01   2.551521e-05   0.000000e+00   3.532162e-06   24
  2.288435e-01   2.262296e-05   3.633045e-09   4.356033e-06   24
  2.292831e-01   2.785169e-05   4.449553e-09   4.261538e-06   24
  2.298972e-01   5.662467e-06   0.000000e+00   1.610543e-06   6
  2.306844e-01   1.611676e-05   4.365716e-05   1.762792e-06   48
  2.308735e-01   2.412982e-05   8.224294e-05   2.507154e-06   72
  2.311206e-01   2.788257e-05   4.357477e-05   2.994762e-06   48
  2.315124e-01   2.058254e-05   0.000000e+00   3.480231e-06   24
  2.320338e-01   1.030654e-04   0.000000e+00   4.172198e-05   6
  2.332028e-01   2.864244e-05   0.000000e+00   8.303782e-06   8
  2.332891e-01   2.180820e-05   2.568951e-09   2.556719e-06   48
  2.334962e-01   1.797014e-05   4.225843e-05   2.255590e-06   60
  2.338066e-01   2.738257e-05   0.000000e+00   4.670072e-06   24
  2.342369e-01   3.296705e-05   0.000000e+00   6.202527e-06   6
  2.358224e-01   2.268262e-05   0.000000e+00   2.849630e-06   24
  2.359505e-01   2.449615e-05   4.268279e-05   2.723826e-06   48
  2.361638e-01   2.518566e-05   0.000000e+00   4.255769e-06   24
  2.365047e-01   3.821792e-05   0.000000e+00   9.010792e-06   6
  2.384414e-01   2.524704e-05   3.981898e-05   4.308392e-06   36
  2.385821e-01   2.041047e-05   0.000000e+00   5.332373e-06   24
  2.388353e-01   1.248578e-05   0.000000e+00   1.692402e-06   6
  2.410389e-01   1.725550e-05   3.618719e-05   2.788234e-06   32
  2.412268e-01   3.811326e-05   0.000000e+00   7.081521e-06   6
  2.435949e-01   1.971904e-05   0.000000e+00   3.314830e-06   12
  2.436776e-01   4.617975e-05   0.000000e+00   1.867180e-05   6
  2.461858e-01   4.527989e-05   0.000000e+00   4.722912e-06   6
