### The result of the verage over time 
### d tau = 0.015036
### number of kessence update = 10
### initial time = 0.642703
### 1- tau	2- pi_k(x)	3-zeta(x)	 4-x
 0.642703	        0	        0	 (32 , 32 , 32) 
 0.657739	1.93056e-07	-4.94821e-10	 (32 , 32 , 32) 
 0.673084	3.89067e-07	-4.29076e-10	 (32 , 32 , 32) 
 0.688745	5.77937e-07	-3.53148e-10	 (32 , 32 , 32) 
 0.704726	7.62481e-07	-2.5988e-10	 (32 , 32 , 32) 
 0.721036	9.43145e-07	-1.43292e-10	 (32 , 32 , 32) 
  0.73768	1.12023e-06	1.59167e-12	 (32 , 32 , 32) 
 0.754664	1.29402e-06	1.78894e-10	 (32 , 32 , 32) 
 0.771996	1.46476e-06	3.92017e-10	 (32 , 32 , 32) 
 0.789681	1.6327e-06	6.43755e-10	 (32 , 32 , 32) 
 0.807728	1.79806e-06	9.36393e-10	 (32 , 32 , 32) 
 0.826143	1.96106e-06	1.2718e-09	 (32 , 32 , 32) 
 0.844933	2.12191e-06	1.65148e-09	 (32 , 32 , 32) 
 0.864106	2.2808e-06	2.07669e-09	 (32 , 32 , 32) 
 0.883669	2.43793e-06	2.54842e-09	 (32 , 32 , 32) 
 0.903631	2.59347e-06	3.06751e-09	 (32 , 32 , 32) 
 0.923998	2.74759e-06	3.63467e-09	 (32 , 32 , 32) 
 0.944778	2.90045e-06	4.25051e-09	 (32 , 32 , 32) 
 0.965981	3.05221e-06	4.91555e-09	 (32 , 32 , 32) 
 0.987614	3.20303e-06	5.63031e-09	 (32 , 32 , 32) 
  1.00969	3.35304e-06	6.39528e-09	 (32 , 32 , 32) 
   1.0322	3.5024e-06	7.21096e-09	 (32 , 32 , 32) 
  1.05518	3.65122e-06	8.07788e-09	 (32 , 32 , 32) 
  1.07862	3.79965e-06	8.99659e-09	 (32 , 32 , 32) 
  1.10253	3.94781e-06	9.96773e-09	 (32 , 32 , 32) 
  1.12693	4.09582e-06	1.0992e-08	 (32 , 32 , 32) 
  1.15182	4.2438e-06	1.20701e-08	 (32 , 32 , 32) 
  1.17722	4.39188e-06	1.32029e-08	 (32 , 32 , 32) 
  1.20313	4.54016e-06	1.43914e-08	 (32 , 32 , 32) 
  1.22956	4.68875e-06	1.56365e-08	 (32 , 32 , 32) 
  1.25652	4.83777e-06	1.69395e-08	 (32 , 32 , 32) 
  1.28403	4.98733e-06	1.83015e-08	 (32 , 32 , 32) 
   1.3121	5.13752e-06	1.9724e-08	 (32 , 32 , 32) 
  1.34073	5.28845e-06	2.12084e-08	 (32 , 32 , 32) 
  1.36993	5.44023e-06	2.27563e-08	 (32 , 32 , 32) 
  1.39973	5.59296e-06	2.43694e-08	 (32 , 32 , 32) 
  1.43012	5.74673e-06	2.60496e-08	 (32 , 32 , 32) 
  1.46113	5.90165e-06	2.77989e-08	 (32 , 32 , 32) 
  1.49276	6.05781e-06	2.96194e-08	 (32 , 32 , 32) 
  1.52503	6.21531e-06	3.15133e-08	 (32 , 32 , 32) 
  1.55795	6.37425e-06	3.34831e-08	 (32 , 32 , 32) 
  1.59153	6.53471e-06	3.55314e-08	 (32 , 32 , 32) 
  1.62578	6.69681e-06	3.76607e-08	 (32 , 32 , 32) 
  1.66072	6.86062e-06	3.98741e-08	 (32 , 32 , 32) 
  1.69637	7.02625e-06	4.21744e-08	 (32 , 32 , 32) 
  1.73273	7.19379e-06	4.45648e-08	 (32 , 32 , 32) 
  1.76982	7.36333e-06	4.70488e-08	 (32 , 32 , 32) 
  1.80765	7.53497e-06	4.96297e-08	 (32 , 32 , 32) 
  1.84625	7.70879e-06	5.23114e-08	 (32 , 32 , 32) 
  1.88561	7.8849e-06	5.50975e-08	 (32 , 32 , 32) 
  1.92577	8.06337e-06	5.79923e-08	 (32 , 32 , 32) 
  1.96673	8.24432e-06	6.09998e-08	 (32 , 32 , 32) 
  2.00851	8.42782e-06	6.41246e-08	 (32 , 32 , 32) 
  2.05113	8.61397e-06	6.73712e-08	 (32 , 32 , 32) 
   2.0946	8.80286e-06	7.07444e-08	 (32 , 32 , 32) 
  2.13894	8.99459e-06	7.42494e-08	 (32 , 32 , 32) 
  2.18417	9.18925e-06	7.78913e-08	 (32 , 32 , 32) 
   2.2303	9.38692e-06	8.16756e-08	 (32 , 32 , 32) 
  2.27735	9.58771e-06	8.5608e-08	 (32 , 32 , 32) 
  2.32534	9.7917e-06	8.96944e-08	 (32 , 32 , 32) 
  2.37428	9.99898e-06	9.3941e-08	 (32 , 32 , 32) 
   2.4242	1.02097e-05	9.83541e-08	 (32 , 32 , 32) 
  2.47512	1.04238e-05	1.0294e-07	 (32 , 32 , 32) 
  2.52704	1.06415e-05	1.07707e-07	 (32 , 32 , 32) 
  2.57999	1.08629e-05	1.12661e-07	 (32 , 32 , 32) 
  2.63399	1.1088e-05	1.17809e-07	 (32 , 32 , 32) 
  2.68906	1.13169e-05	1.23159e-07	 (32 , 32 , 32) 
  2.74522	1.15497e-05	1.2872e-07	 (32 , 32 , 32) 
  2.80248	1.17865e-05	1.34499e-07	 (32 , 32 , 32) 
  2.86087	1.20274e-05	1.40505e-07	 (32 , 32 , 32) 
   2.9204	1.22724e-05	1.46746e-07	 (32 , 32 , 32) 
   2.9811	1.25216e-05	1.53231e-07	 (32 , 32 , 32) 
  3.04298	1.2775e-05	1.59969e-07	 (32 , 32 , 32) 
  3.10606	1.30328e-05	1.6697e-07	 (32 , 32 , 32) 
  3.17036	1.32949e-05	1.74243e-07	 (32 , 32 , 32) 
  3.23589	1.35614e-05	1.81798e-07	 (32 , 32 , 32) 
  3.30269	1.38323e-05	1.89643e-07	 (32 , 32 , 32) 
  3.37075	1.41077e-05	1.9779e-07	 (32 , 32 , 32) 
   3.4401	1.43875e-05	2.06248e-07	 (32 , 32 , 32) 
  3.51076	1.46717e-05	2.15027e-07	 (32 , 32 , 32) 
  3.58272	1.49603e-05	2.24135e-07	 (32 , 32 , 32) 
  3.65602	1.52531e-05	2.33584e-07	 (32 , 32 , 32) 
  3.73065	1.55502e-05	2.43381e-07	 (32 , 32 , 32) 
  3.80663	1.58514e-05	2.53535e-07	 (32 , 32 , 32) 
  3.88396	1.61565e-05	2.64055e-07	 (32 , 32 , 32) 
  3.96265	1.64653e-05	2.74947e-07	 (32 , 32 , 32) 
  4.04269	1.67776e-05	2.86218e-07	 (32 , 32 , 32) 
  4.12408	1.70931e-05	2.97873e-07	 (32 , 32 , 32) 
  4.20681	1.74115e-05	3.09916e-07	 (32 , 32 , 32) 
  4.29088	1.77323e-05	3.22348e-07	 (32 , 32 , 32) 
  4.37626	1.80551e-05	3.3517e-07	 (32 , 32 , 32) 
  4.46293	1.83793e-05	3.48378e-07	 (32 , 32 , 32) 
  4.55086	1.87042e-05	3.61967e-07	 (32 , 32 , 32) 
  4.64001	1.90292e-05	3.75929e-07	 (32 , 32 , 32) 
  4.73035	1.93534e-05	3.90251e-07	 (32 , 32 , 32) 
  4.82181	1.9676e-05	4.04915e-07	 (32 , 32 , 32) 
  4.91434	1.99957e-05	4.199e-07	 (32 , 32 , 32) 
  5.00787	2.03116e-05	4.3518e-07	 (32 , 32 , 32) 
  5.10231	2.06224e-05	4.50721e-07	 (32 , 32 , 32) 
  5.19758	2.09266e-05	4.66484e-07	 (32 , 32 , 32) 
  5.29358	2.12229e-05	4.82422e-07	 (32 , 32 , 32) 
  5.39019	2.15096e-05	4.98482e-07	 (32 , 32 , 32) 
   5.4873	2.1785e-05	5.14603e-07	 (32 , 32 , 32) 
  5.58476	2.20478e-05	5.30714e-07	 (32 , 32 , 32) 
  5.68245	2.22963e-05	5.46741e-07	 (32 , 32 , 32) 
   5.7802	2.25286e-05	5.62599e-07	 (32 , 32 , 32) 
  5.87787	2.27432e-05	5.78197e-07	 (32 , 32 , 32) 
  5.97529	2.29381e-05	5.93437e-07	 (32 , 32 , 32) 
   6.0723	2.31116e-05	6.08216e-07	 (32 , 32 , 32) 
  6.16872	2.32619e-05	6.22427e-07	 (32 , 32 , 32) 
  6.26439	2.33876e-05	6.35964e-07	 (32 , 32 , 32) 
  6.35915	2.34874e-05	6.48717e-07	 (32 , 32 , 32) 
  6.45282	2.35599e-05	6.60577e-07	 (32 , 32 , 32) 
  6.54525	2.36048e-05	6.71436e-07	 (32 , 32 , 32) 
   6.6363	2.3622e-05	6.81195e-07	 (32 , 32 , 32) 
  6.72582	2.36125e-05	6.89759e-07	 (32 , 32 , 32) 
  6.81369	2.35765e-05	6.97033e-07	 (32 , 32 , 32) 
   6.8998	2.35146e-05	7.02931e-07	 (32 , 32 , 32) 
