# power spectrum of phi_prime/H (dimensionless)
# redshift z=85.206133
# k              Pk             sigma(k)       sigma(Pk)      count
  4.487990e-03   2.883535e-12   0.000000e+00   1.162531e-12   6
  6.346976e-03   9.563062e-13   0.000000e+00   1.910030e-13   12
  7.773426e-03   4.048232e-13   8.514949e-11   8.082680e-14   8
  8.975979e-03   9.693544e-13   0.000000e+00   1.046144e-13   6
  1.003545e-02   6.788953e-13   1.605594e-10   2.164617e-13   24
  1.099328e-02   1.090524e-12   1.605594e-10   1.823671e-13   24
  1.269395e-02   5.492074e-13   0.000000e+00   2.478744e-13   12
  1.346397e-02   6.631188e-13   1.816523e-10   1.302512e-13   30
  1.419227e-02   6.375697e-13   0.000000e+00   1.408792e-13   24
  1.488498e-02   6.425277e-13   2.780971e-10   1.578323e-13   24
  1.554685e-02   1.008569e-12   1.702990e-10   2.058310e-13   8
  1.618168e-02   7.026466e-13   2.270653e-10   8.582838e-14   24
  1.679252e-02   7.318535e-13   0.000000e+00   1.022825e-13   48
  1.795196e-02   4.429841e-13   0.000000e+00   1.939863e-13   6
  1.850445e-02   6.513853e-13   2.270653e-10   1.076205e-13   48
  1.904093e-02   5.389172e-13   2.140792e-10   5.453596e-14   36
  1.956269e-02   1.172073e-12   2.270653e-10   2.432039e-13   24
  2.007090e-02   4.948004e-13   3.211188e-10   8.736237e-14   24
  2.056655e-02   4.990336e-13   0.000000e+00   6.869093e-14   48
  2.105054e-02   1.206097e-12   3.211188e-10   1.715885e-13   24
  2.198657e-02   7.974761e-13   3.211188e-10   1.262551e-13   24
  2.243995e-02   5.270075e-13   0.000000e+00   8.739237e-14   30
  2.288435e-02   5.209458e-13   0.000000e+00   6.866553e-14   72
  2.332028e-02   3.003488e-13   3.405980e-10   5.579265e-14   32
  2.416856e-02   8.872162e-13   0.000000e+00   1.175841e-13   72
  2.458173e-02   3.146979e-13   0.000000e+00   4.564278e-14   48
  2.538790e-02   2.960418e-13   0.000000e+00   8.894803e-14   12
  2.578154e-02   5.580057e-13   0.000000e+00   8.651933e-14   48
  2.616925e-02   5.678138e-13   0.000000e+00   6.723615e-14   48
  2.655130e-02   6.042420e-13   3.211188e-10   7.573094e-14   48
  2.692794e-02   9.144770e-13   3.633045e-10   1.899575e-13   30
  2.729937e-02   1.537114e-13   0.000000e+00   3.488720e-14   24
  2.766583e-02   5.597799e-13   6.769780e-10   5.615758e-14   72
  2.838454e-02   1.778755e-13   0.000000e+00   3.363077e-14   24
  2.873715e-02   7.485157e-13   0.000000e+00   1.034997e-13   96
  2.908550e-02   6.293149e-13   0.000000e+00   8.234420e-14   48
  2.942972e-02   6.381558e-13   5.561942e-10   1.574937e-13   24
  2.976995e-02   2.187056e-13   5.561942e-10   4.478833e-14   24
  3.010635e-02   9.123796e-13   0.000000e+00   1.215364e-13   72
  3.043903e-02   4.475096e-13   0.000000e+00   6.875195e-14   48
  3.109370e-02   9.792635e-13   3.405980e-10   2.974868e-13   8
  3.141593e-02   6.401395e-13   4.036717e-10   8.024632e-14   54
  3.173488e-02   7.359533e-13   0.000000e+00   1.607209e-13   84
  3.205066e-02   4.727775e-13   0.000000e+00   9.393083e-14   48
  3.236335e-02   3.669920e-13   4.541306e-10   6.589064e-14   24
  3.267306e-02   3.961167e-13   6.055075e-10   6.086938e-14   72
  3.297985e-02   6.232505e-13   0.000000e+00   9.459425e-14   96
  3.358504e-02   1.169175e-12   0.000000e+00   1.271438e-13   48
  3.388358e-02   5.960744e-13   0.000000e+00   8.637923e-14   48
  3.417951e-02   2.216564e-13   0.000000e+00   4.298299e-14   24
  3.447290e-02   4.906027e-13   0.000000e+00   6.547719e-14   72
  3.505232e-02   7.886046e-13   0.000000e+00   9.887621e-14   72
  3.533846e-02   5.391115e-13   0.000000e+00   6.524970e-14   96
  3.590392e-02   1.727137e-14   0.000000e+00   8.292571e-15   6
  3.618333e-02   6.033547e-13   0.000000e+00   7.067671e-14   96
  3.646060e-02   5.908174e-13   4.541306e-10   7.123923e-14   96
  3.673578e-02   4.425158e-13   0.000000e+00   1.050346e-13   24
  3.700891e-02   5.151684e-13   4.541306e-10   1.210059e-13   48
  3.728004e-02   3.267631e-13   0.000000e+00   4.804972e-14   96
  3.754921e-02   1.005009e-12   0.000000e+00   1.344828e-13   48
  3.808185e-02   4.771653e-13   4.281585e-10   1.330094e-13   36
  3.834540e-02   4.726555e-13   7.865773e-10   9.015197e-14   48
  3.860715e-02   5.634157e-13   8.899106e-10   6.333623e-14   120
  3.886713e-02   7.069671e-13   0.000000e+00   1.115990e-13   56
  3.912539e-02   4.600618e-13   4.541306e-10   8.089938e-14   24
  3.938195e-02   5.453184e-13   0.000000e+00   6.573594e-14   96
  3.963685e-02   6.186860e-13   0.000000e+00   8.005177e-14   48
  4.014180e-02   3.384304e-13   6.422377e-10   6.193941e-14   24
  4.039191e-02   7.176503e-13   0.000000e+00   8.806658e-14   102
  4.064047e-02   2.729315e-13   4.541306e-10   6.528079e-14   48
  4.088753e-02   6.413846e-13   0.000000e+00   9.164738e-14   72
  4.113310e-02   4.542782e-13   0.000000e+00   4.633848e-14   48
  4.137722e-02   2.873746e-13   0.000000e+00   1.105463e-13   48
  4.161990e-02   4.831819e-13   1.027580e-09   5.816381e-14   120
  4.210107e-02   1.717895e-12   6.422377e-10   2.890479e-13   24
  4.233961e-02   5.193445e-13   6.055075e-10   5.485926e-14   144
  4.257681e-02   6.159850e-13   7.266090e-10   6.819186e-14   120
  4.281269e-02   8.757526e-14   6.422377e-10   1.227348e-14   48
  4.328060e-02   6.728866e-13   6.422377e-10   8.991895e-14   48
  4.351267e-02   5.433014e-13   6.422377e-10   8.762896e-14   96
  4.412543e-02   1.068472e-12   1.076845e-04   1.805220e-13   72
  4.442883e-02   4.966932e-13   5.708779e-10   5.096128e-14   108
  4.465493e-02   8.238931e-13   0.000000e+00   1.051964e-13   72
  4.487990e-02   2.878180e-13   0.000000e+00   5.632990e-14   30
  4.510374e-02   7.842679e-13   0.000000e+00   9.176637e-14   168
  4.532647e-02   3.920820e-13   0.000000e+00   7.715361e-14   48
  4.576869e-02   4.173540e-13   0.000000e+00   6.477056e-14   72
  4.598821e-02   4.337987e-13   0.000000e+00   8.052757e-14   96
  4.620668e-02   4.419789e-13   1.211015e-09   6.787877e-14   72
  4.642412e-02   6.984248e-13   0.000000e+00   7.954279e-14   72
  4.678970e-02   5.506271e-13   9.942967e-05   5.961196e-14   104
  4.707043e-02   6.300717e-13   8.563169e-10   6.167256e-14   144
  4.770798e-02   3.188331e-13   1.436087e-09   3.997564e-14   96
  4.791862e-02   7.617047e-13   0.000000e+00   8.056760e-14   96
  4.825361e-02   7.860781e-13   1.022910e-04   8.308855e-14   120
  4.854503e-02   5.463043e-13   0.000000e+00   6.485766e-14   120
  4.875204e-02   5.644914e-13   0.000000e+00   7.034338e-14   72
  4.916346e-02   2.763293e-13   0.000000e+00   3.631351e-14   48
  4.936788e-02   9.298281e-13   1.117860e-09   1.018976e-13   78
  4.962939e-02   9.339188e-13   9.159181e-05   1.039234e-13   168
  5.017725e-02   7.696182e-13   1.048770e-09   9.377214e-14   144
  5.037756e-02   4.682998e-13   8.563169e-10   5.517649e-14   144
  5.095853e-02   7.063196e-13   5.274950e-05   7.080416e-14   156
  5.117095e-02   2.412326e-13   1.112388e-09   6.270310e-14   48
  5.136739e-02   6.031933e-13   7.266090e-10   9.153141e-14   120
  5.156307e-02   5.575097e-13   0.000000e+00   7.259748e-14   48
  5.190908e-02   6.987639e-13   8.074274e-05   5.846388e-14   216
  5.233850e-02   1.099858e-12   0.000000e+00   1.778271e-13   48
  5.253057e-02   5.929459e-13   6.422377e-10   7.314879e-14   96
  5.280366e-02   7.865640e-13   9.436050e-05   9.937012e-14   168
  5.310261e-02   5.248792e-13   6.422377e-10   7.451778e-14   48
  5.329192e-02   4.656207e-13   0.000000e+00   6.183909e-14   96
  5.348057e-02   1.254082e-12   0.000000e+00   2.291992e-13   48
  5.385587e-02   1.231265e-12   7.266090e-10   1.844477e-13   30
  5.404255e-02   4.926358e-13   0.000000e+00   5.013497e-14   96
  5.426566e-02   5.409484e-13   7.415896e-05   4.599545e-14   240
  5.455256e-02   5.402545e-13   8.000683e-05   2.058056e-13   32
  5.478289e-02   6.883302e-13   0.000000e+00   7.508702e-14   168
  5.496642e-02   5.977630e-13   0.000000e+00   6.961689e-14   120
  5.533165e-02   3.911405e-13   1.353956e-09   6.147096e-14   72
  5.551336e-02   1.087467e-12   6.055075e-10   1.282479e-13   144
  5.569449e-02   6.539443e-13   0.000000e+00   1.067301e-13   96
  5.587502e-02   1.094608e-12   0.000000e+00   1.095358e-13   96
  5.623435e-02   1.289110e-13   0.000000e+00   2.098810e-14   72
  5.641315e-02   6.683622e-13   9.082613e-10   6.784495e-14   96
  5.676908e-02   6.218959e-14   0.000000e+00   1.160814e-14   24
  5.694620e-02   8.782354e-13   0.000000e+00   9.838470e-14   192
  5.715479e-02   8.607889e-13   6.789523e-05   8.498344e-14   132
  5.747431e-02   7.853855e-13   0.000000e+00   1.286286e-13   96
  5.764927e-02   8.439726e-13   0.000000e+00   8.402814e-14   96
  5.782370e-02   1.319335e-12   7.266090e-10   1.391899e-13   120
  5.817099e-02   1.175081e-12   0.000000e+00   1.614017e-13   48
  5.845566e-02   4.148838e-13   8.228355e-05   5.858801e-14   222
  5.868808e-02   6.880223e-13   0.000000e+00   7.679279e-14   120
  5.885943e-02   1.485377e-12   1.112388e-09   2.989250e-13   24
  5.910891e-02   7.871212e-13   8.492858e-05   5.783881e-14   312
  5.965251e-02   1.101156e-12   7.962394e-05   2.496737e-13   72
  5.987725e-02   6.651262e-13   1.112388e-09   1.545811e-13   96
  6.010802e-02   8.168050e-13   8.108596e-05   9.355296e-14   192
  6.037972e-02   9.820194e-13   1.027580e-09   1.123242e-13   120
  6.054629e-02   8.488847e-13   0.000000e+00   1.164943e-13   144
  6.087805e-02   4.467430e-13   0.000000e+00   6.420939e-14   48
  6.111387e-02   7.408309e-13   8.153477e-05   5.690197e-14   336
  6.137233e-02   1.058223e-12   0.000000e+00   2.425129e-13   48
  6.169965e-02   6.896015e-13   0.000000e+00   7.556490e-14   192
  6.186267e-02   1.356922e-12   0.000000e+00   1.659321e-13   48
  6.232604e-02   1.088161e-12   5.659583e-05   1.476572e-13   56
  6.255643e-02   9.067981e-13   7.268827e-05   7.320349e-14   336
  6.283185e-02   7.204071e-13   8.073433e-10   1.081092e-13   54
  6.307177e-02   8.693628e-13   7.983781e-05   7.594703e-14   240
  6.356985e-02   8.374486e-13   7.644534e-05   7.437116e-14   228
  6.378632e-02   1.035833e-12   8.563169e-10   1.252090e-13   72
  6.399644e-02   8.505502e-13   7.415385e-05   9.364815e-14   144
  6.425823e-02   5.315507e-13   0.000000e+00   7.683993e-14   96
  6.441477e-02   8.685110e-13   1.027580e-09   7.339200e-14   240
  6.472671e-02   7.525444e-13   9.082613e-10   1.476931e-13   24
  6.492641e-02   9.141771e-13   7.003773e-05   7.697839e-14   336
  6.519181e-02   1.469276e-12   0.000000e+00   1.790662e-13   72
  6.543408e-02   1.029888e-12   7.617900e-05   1.213147e-13   168
  6.565363e-02   2.278382e-13   0.000000e+00   2.739278e-14   72
  6.595971e-02   6.588755e-13   0.000000e+00   1.012759e-13   96
  6.619675e-02   1.358577e-12   7.560752e-05   1.022499e-13   216
  6.641618e-02   6.316304e-13   0.000000e+00   5.712526e-14   96
  6.671876e-02   8.579860e-13   9.082613e-10   9.287874e-14   192
  6.686954e-02   6.347771e-13   8.563169e-10   6.590920e-14   144
  6.717008e-02   1.256877e-12   0.000000e+00   1.636610e-13   48
  6.737816e-02   1.063990e-12   7.289453e-05   9.445123e-14   246
  6.766089e-02   1.479707e-12   6.720992e-05   1.686718e-13   168
  6.791561e-02   1.011354e-12   1.779821e-09   1.141458e-13   120
  6.806373e-02   8.861281e-13   0.000000e+00   9.514115e-14   240
  6.835902e-02   1.521446e-13   0.000000e+00   3.052933e-14   24
  6.859430e-02   9.617448e-13   7.194229e-05   8.860362e-14   360
  6.888731e-02   4.380833e-13   7.163615e-05   8.341663e-14   120
  6.909172e-02   1.016578e-12   0.000000e+00   8.912407e-14   144
  6.923733e-02   9.244176e-13   0.000000e+00   1.738753e-13   96
  6.967233e-02   8.490064e-13   0.000000e+00   1.045120e-13   144
  6.981673e-02   9.095167e-13   0.000000e+00   1.227892e-13   132
  7.001966e-02   1.173229e-12   7.070381e-05   1.041371e-13   176
  7.031425e-02   1.067415e-12   7.139661e-05   8.082497e-14   312
  7.067693e-02   1.622393e-12   0.000000e+00   3.037962e-13   96
  7.081928e-02   1.246223e-12   0.000000e+00   1.241547e-13   144
  7.103769e-02   1.001241e-12   7.068048e-05   8.164236e-14   312
  7.138584e-02   1.821066e-12   0.000000e+00   1.809556e-13   48
  7.152678e-02   8.214867e-13   9.082613e-10   8.346210e-14   192
  7.180783e-02   4.754427e-14   0.000000e+00   1.444352e-14   6
  7.199456e-02   1.094550e-12   6.592151e-05   8.146759e-14   288
  7.229701e-02   7.307150e-13   6.965036e-05   7.531260e-14   192
  7.250569e-02   7.356853e-13   2.136030e-09   6.713533e-14   216
  7.264446e-02   1.144945e-12   0.000000e+00   2.787653e-13   72
  7.299019e-02   6.548614e-13   6.898890e-05   7.768805e-14   192
  7.321980e-02   1.299795e-12   5.122797e-05   1.051854e-13   288
  7.347155e-02   9.777653e-13   0.000000e+00   1.870048e-13   24
  7.366606e-02   1.177998e-12   6.748859e-05   6.163304e-14   456
  7.401782e-02   7.749927e-13   0.000000e+00   1.922898e-13   48
  7.423517e-02   1.066981e-12   6.647357e-05   1.169154e-13   240
  7.448497e-02   7.989130e-13   6.717903e-05   6.835899e-14   216
  7.469503e-02   6.084549e-13   0.000000e+00   9.189815e-14   72
  7.482974e-02   1.017960e-12   2.321067e-09   8.590331e-14   168
  7.521008e-02   1.293094e-12   4.993319e-05   9.689245e-14   288
  7.542338e-02   1.071934e-12   6.607016e-05   1.184162e-13   168
  7.576598e-02   1.509961e-12   0.000000e+00   1.324736e-13   192
  7.589879e-02   1.127397e-12   8.563169e-10   9.016218e-14   144
  7.616371e-02   6.644567e-13   8.563169e-10   1.802357e-13   36
  7.638837e-02   9.093349e-13   6.033611e-05   7.001826e-14   342
  7.660318e-02   1.283328e-12   6.195787e-05   1.244435e-13   144
  7.687931e-02   1.059938e-12   6.497828e-05   7.884638e-14   384
  7.721429e-02   8.485674e-13   1.779821e-09   1.087820e-13   120
  7.738009e-02   1.056036e-12   5.794173e-05   9.001952e-14   264
  7.760459e-02   1.186145e-12   2.872174e-09   1.190873e-13   192
  7.781602e-02   1.411136e-12   6.244329e-05   1.494561e-13   152
  7.799294e-02   1.500265e-12   1.712634e-09   1.918406e-13   144
  7.836508e-02   1.020281e-12   4.041391e-05   9.775152e-14   216
  7.853733e-02   1.111353e-12   5.400376e-05   1.114152e-13   312
  7.884055e-02   9.631524e-13   6.258929e-05   9.639662e-14   240
  7.901921e-02   1.204006e-12   9.082613e-10   1.269463e-13   96
  7.935833e-02   1.734142e-12   5.983988e-05   1.379255e-13   144
  7.956734e-02   1.136563e-12   5.881734e-05   7.654578e-14   456
  7.990638e-02   9.686702e-13   0.000000e+00   8.276794e-14   120
  8.003232e-02   1.064016e-12   0.000000e+00   1.312767e-13   144
  8.028360e-02   3.656052e-13   1.284475e-09   6.032928e-14   24
  8.044470e-02   1.285587e-12   5.653709e-05   7.924379e-14   336
  8.072332e-02   1.267379e-12   6.235271e-05   1.554218e-13   198
  8.098439e-02   1.139330e-12   6.063443e-05   7.514948e-14   432
  8.128095e-02   5.155289e-13   1.816523e-09   7.969894e-14   48
  8.143566e-02   1.114502e-12   5.352971e-05   9.246831e-14   384
  8.171344e-02   1.612844e-12   6.162404e-05   1.549930e-13   144
  8.196515e-02   9.698805e-13   6.118458e-05   7.847935e-14   264
  8.226621e-02   7.438097e-13   0.000000e+00   7.130617e-14   48
  8.246820e-02   1.156532e-12   5.817654e-05   9.074932e-14   276
  8.266310e-02   8.682066e-13   5.273546e-05   1.031927e-13   192
  8.292356e-02   1.077721e-12   5.926306e-05   6.491200e-14   552
  8.323980e-02   8.574083e-13   1.453218e-09   1.100141e-13   120
  8.342777e-02   1.743858e-12   5.998883e-05   1.353841e-13   216
  8.360198e-02   1.037450e-12   1.453218e-09   1.030877e-13   120
  8.391317e-02   1.297074e-12   5.907428e-05   1.062444e-13   408
  8.420215e-02   2.511040e-12   1.284475e-09   3.367239e-13   24
  8.438134e-02   9.265137e-13   5.967566e-05   6.661368e-14   384
  8.463161e-02   1.314501e-12   5.830526e-05   1.022939e-13   240
  8.484893e-02   7.451942e-13   5.873223e-05   7.924706e-14   168
  8.515361e-02   1.084673e-12   0.000000e+00   1.146215e-13   120
  8.535003e-02   1.107639e-12   6.122527e-05   7.224286e-14   350
  8.566942e-02   1.039722e-12   1.007886e-04   7.791017e-14   384
  8.586029e-02   1.450877e-12   0.000000e+00   1.690146e-13   144
  8.621146e-02   9.657002e-13   1.211015e-09   7.793286e-14   288
  8.639482e-02   1.137457e-12   5.769264e-05   7.437014e-14   336
  8.664426e-02   1.370211e-12   5.252436e-05   1.092074e-13   168
  8.679359e-02   9.045227e-13   3.442699e-09   7.714102e-14   336
  8.710244e-02   1.229849e-12   5.451716e-05   1.154492e-13   288
  8.728795e-02   8.386035e-13   5.136910e-05   7.035657e-14   264
  8.760206e-02   1.334792e-12   0.000000e+00   1.019834e-13   240
  8.771695e-02   1.101646e-12   0.000000e+00   1.407731e-13   96
  8.812928e-02   1.105693e-12   6.985852e-05   7.554586e-14   360
  8.832172e-02   1.299903e-12   5.149772e-05   1.354294e-13   168
  8.856486e-02   1.221060e-12   5.613787e-05   7.789674e-14   456
  8.885766e-02   1.045453e-12   1.614687e-09   1.323819e-13   108
  8.902234e-02   1.707068e-12   5.632711e-05   1.498184e-13   264
  8.922780e-02   1.171487e-12   5.025296e-05   9.335425e-14   264
  8.950914e-02   1.170364e-12   4.742099e-05   1.211033e-13   312
  8.985946e-02   1.377740e-12   3.523897e-05   1.117851e-13   270
  9.000628e-02   1.200656e-12   4.474031e-05   1.081135e-13   240
  9.027023e-02   1.245318e-12   5.534940e-05   7.992713e-14   384
  9.043048e-02   9.936857e-13   1.816523e-09   9.989874e-14   192
  9.074177e-02   1.155332e-12   4.441052e-05   1.060006e-13   240
  9.092233e-02   1.071176e-12   5.480976e-05   9.005053e-14   336
  9.126190e-02   1.223184e-12   5.517650e-05   8.752806e-14   480
  9.153738e-02   1.289035e-12   1.211015e-09   2.145768e-13   72
  9.169127e-02   1.540225e-12   5.380211e-05   1.187532e-13   240
  9.190057e-02   1.266660e-12   5.056661e-05   1.036478e-13   312
  9.214050e-02   1.222676e-12   5.465037e-05   1.166050e-13   240
  9.250305e-02   1.135436e-12   4.152014e-05   7.144246e-14   408
  9.264658e-02   1.096280e-12   3.802244e-05   8.461073e-14   336
  9.292709e-02   1.216454e-12   4.827913e-05   1.163012e-13   264
  9.306493e-02   2.080222e-12   0.000000e+00   1.898317e-13   144
  9.344847e-02   1.215446e-12   6.691774e-05   7.414123e-14   464
  9.365053e-02   8.944658e-13   5.321333e-05   9.327703e-14   168
  9.385003e-02   1.920816e-12   4.846574e-05   1.243022e-13   336
  9.421059e-02   1.083438e-12   5.092274e-05   7.136264e-14   414
  9.441384e-02   1.215145e-12   5.300755e-05   1.168883e-13   216
  9.467424e-02   2.471548e-13   1.284475e-09   4.035216e-14   96
  9.478056e-02   1.323349e-12   3.146309e-09   7.722481e-14   384
  9.515300e-02   1.195567e-12   5.290514e-05   7.944445e-14   492
  9.535260e-02   7.223227e-13   5.173669e-05   6.241520e-14   240
  9.557820e-02   9.591598e-13   5.253086e-05   7.661718e-14   312
  9.588974e-02   2.087863e-12   5.251357e-05   1.901331e-13   192
  9.608709e-02   1.290946e-12   5.089201e-05   7.723855e-14   504
  9.634892e-02   1.109123e-12   3.369138e-05   6.663667e-14   408
  9.655507e-02   1.440200e-12   1.032177e-04   1.266183e-13   168
  9.681304e-02   7.581831e-13   4.902931e-05   8.323462e-14   288
  9.702952e-02   1.084541e-12   5.116628e-05   9.493622e-14   288
  9.725127e-02   1.540660e-12   5.146081e-05   8.285984e-14   432
  9.757291e-02   1.213218e-12   4.866478e-05   1.144407e-13   216
  9.774479e-02   1.401469e-12   4.856211e-05   8.928193e-14   360
  9.805077e-02   1.286773e-12   4.739615e-05   9.679998e-14   312
  9.832692e-02   4.984517e-13   0.000000e+00   7.847484e-14   48
  9.848611e-02   1.292641e-12   5.081550e-05   8.965754e-14   432
  9.877120e-02   1.308715e-12   8.476078e-05   7.662593e-14   414
  9.893956e-02   1.257098e-12   1.936190e-09   9.200516e-14   312
  9.925365e-02   1.506779e-12   7.437288e-05   7.541533e-14   528
  9.946561e-02   1.230744e-12   3.903945e-05   1.054434e-13   264
  9.972025e-02   1.218923e-12   4.629008e-05   8.417363e-14   480
  1.000530e-01   1.274899e-12   0.000000e+00   8.643787e-14   288
  1.001967e-01   1.078927e-12   4.973726e-05   1.254556e-13   168
  1.004595e-01   1.233293e-12   7.873394e-05   8.107585e-14   504
  1.007551e-01   8.440254e-13   1.211015e-09   9.077718e-14   144
  1.009411e-01   1.217156e-12   5.056606e-05   7.315468e-14   464
  1.012205e-01   1.185474e-12   7.420855e-05   7.537558e-14   432
  1.013531e-01   1.620559e-12   1.284475e-09   1.502290e-13   192
  1.016957e-01   1.255084e-12   5.501332e-05   8.451528e-14   396
  1.018981e-01   1.404987e-12   4.941713e-05   1.054103e-13   288
  1.021026e-01   1.443762e-12   4.881567e-05   8.979196e-14   336
  1.024293e-01   1.322250e-12   3.091107e-05   7.508817e-14   432
  1.026367e-01   1.246517e-12   8.011717e-05   8.338787e-14   360
  1.028695e-01   1.248664e-12   4.739049e-05   9.403378e-14   384
  1.032001e-01   1.161286e-12   4.183121e-05   1.248102e-13   198
  1.033594e-01   1.367467e-12   4.754848e-05   6.293085e-14   552
  1.036565e-01   1.154199e-12   6.656461e-05   8.000853e-14   432
  1.039045e-01   1.338774e-12   2.542602e-09   1.544444e-13   168
  1.041126e-01   1.292146e-12   8.251578e-05   7.768317e-14   480
  1.043880e-01   7.656004e-13   0.000000e+00   7.959898e-14   120
  1.045119e-01   1.130532e-12   6.739531e-05   8.654676e-14   336
  1.048143e-01   1.419040e-12   4.754634e-05   6.337848e-14   672
  1.051134e-01   1.116928e-12   6.916265e-05   7.298042e-14   528
  1.052527e-01   1.562549e-12   2.076026e-09   1.208779e-13   168
  1.055745e-01   1.320553e-12   7.715047e-05   8.444662e-14   456
  1.057708e-01   1.293205e-12   4.711644e-05   1.394529e-13   168
  1.059747e-01   1.192954e-12   4.703185e-05   7.196254e-14   504
  1.063135e-01   1.549451e-12   6.052278e-05   9.174508e-14   336
  1.065184e-01   1.306681e-12   4.362976e-05   1.077732e-13   312
  1.067457e-01   1.338403e-12   4.262923e-05   8.124774e-14   504
  1.070448e-01   1.314073e-12   2.957734e-05   7.620087e-14   432
  1.071854e-01   1.262912e-12   4.570679e-05   9.318251e-14   312
  1.074777e-01   1.314183e-12   4.685168e-05   8.029021e-14   384
  1.077830e-01   1.752343e-12   3.980594e-05   1.886859e-13   126
  1.079714e-01   1.528280e-12   6.988975e-05   1.038630e-13   492
  1.082121e-01   1.341732e-12   4.476446e-05   7.126730e-14   528
  1.085129e-01   1.344851e-12   4.547108e-05   6.849860e-14   480
  1.086993e-01   1.147921e-12   6.281804e-05   6.861312e-14   432
  1.089692e-01   1.483491e-12   4.939807e-05   8.806923e-14   440
  1.092826e-01   1.204873e-12   2.456546e-05   1.043681e-13   312
  1.094002e-01   1.624127e-12   3.681340e-05   1.091912e-13   480
  1.096414e-01   1.258121e-12   7.207992e-05   7.765567e-14   408
  1.099939e-01   1.018832e-12   4.316772e-05   7.484367e-14   360
  1.101428e-01   1.353394e-12   4.165528e-05   1.038771e-13   408
  1.104187e-01   1.560525e-12   4.238952e-05   8.676970e-14   456
  1.107295e-01   1.142793e-12   4.051394e-05   1.019889e-13   264
  1.109019e-01   1.026120e-12   4.396779e-05   6.880531e-14   384
  1.111530e-01   1.352325e-12   7.402287e-05   6.697488e-14   672
  1.114432e-01   1.235850e-12   4.427524e-05   1.214847e-13   240
  1.116107e-01   1.367667e-12   4.492830e-05   1.115367e-13   264
  1.118470e-01   1.505436e-12   5.541164e-05   7.123388e-14   624
  1.121997e-01   2.094285e-12   0.000000e+00   1.964327e-13   150
  1.123253e-01   1.322431e-12   6.209312e-05   8.263476e-14   600
  1.125901e-01   1.166247e-12   4.285507e-05   6.070572e-14   672
  1.128900e-01   1.452225e-12   4.030821e-05   1.023917e-13   336
  1.130571e-01   1.267015e-12   4.384359e-05   8.314144e-14   408
  1.133240e-01   1.254542e-12   4.374031e-05   7.943097e-14   408
  1.136209e-01   1.052033e-12   2.211745e-05   7.875677e-14   360
  1.138039e-01   1.361627e-12   8.120816e-05   8.390839e-14   456
  1.140250e-01   1.276281e-12   4.416149e-05   6.846924e-14   384
  1.143063e-01   1.982326e-12   4.076666e-05   1.363710e-13   348
  1.144584e-01   1.318166e-12   5.025723e-05   7.588236e-14   576
  1.147440e-01   1.428876e-12   4.138022e-05   8.238536e-14   504
  1.150362e-01   1.318169e-12   5.836440e-05   8.591106e-14   432
  1.152912e-01   1.269223e-12   7.940448e-05   7.244535e-14   576
  1.154731e-01   1.559732e-12   0.000000e+00   1.158780e-13   264
  1.157616e-01   1.381343e-12   6.318613e-05   6.580495e-14   768
  1.160125e-01   2.149413e-12   8.506861e-05   1.471379e-13   240
  1.162120e-01   1.539477e-12   7.502246e-05   1.451382e-13   192
  1.165026e-01   1.305881e-12   5.522570e-05   6.890618e-14   504
  1.167181e-01   1.126801e-12   7.441870e-05   6.603180e-14   590
  1.169248e-01   1.326792e-12   8.338208e-05   8.951494e-14   384
  1.171839e-01   1.515381e-12   6.968286e-05   8.338282e-14   504
  1.174968e-01   1.552086e-12   6.705897e-05   7.246693e-14   648
  1.178003e-01   1.624778e-12   1.821233e-05   8.249158e-14   504
  1.179227e-01   1.529281e-12   4.154576e-05   1.110632e-13   312
  1.181387e-01   1.219158e-12   5.985722e-05   6.520383e-14   576
  1.184353e-01   1.287861e-12   4.165498e-05   1.045866e-13   240
  1.186082e-01   1.276581e-12   4.209035e-05   6.466452e-14   552
  1.188529e-01   1.488700e-12   3.952187e-05   7.610106e-14   600
  1.192015e-01   1.294856e-12   4.827284e-05   6.144817e-14   600
  1.194111e-01   1.549660e-12   7.730513e-05   1.195214e-13   312
  1.196198e-01   1.379636e-12   6.732512e-05   8.664729e-14   480
  1.198806e-01   1.688993e-12   4.200441e-05   8.053574e-14   576
  1.201101e-01   1.285604e-12   6.763622e-05   7.958135e-14   408
  1.203138e-01   2.233293e-12   7.890077e-05   1.523218e-13   216
  1.205770e-01   1.080276e-12   6.042911e-05   6.327279e-14   516
  1.208589e-01   1.543690e-12   5.765552e-05   8.304512e-14   744
  1.211498e-01   1.268579e-12   3.850879e-05   8.323697e-14   462
  1.213141e-01   1.992616e-12   3.913862e-05   1.139201e-13   432
  1.215691e-01   1.619476e-12   3.630965e-05   6.674051e-14   648
  1.218688e-01   1.746425e-12   5.312777e-05   8.578695e-14   528
  1.221096e-01   1.394984e-12   6.397910e-05   8.557076e-14   600
  1.223502e-01   9.196838e-13   8.066092e-05   9.248256e-14   240
  1.225832e-01   1.541047e-12   6.178548e-05   6.996720e-14   720
  1.228540e-01   1.626292e-12   4.888350e-05   7.926148e-14   720
  1.231542e-01   1.843609e-12   0.000000e+00   1.503605e-13   144
  1.233122e-01   1.297353e-12   6.302546e-05   6.243135e-14   720
  1.235369e-01   1.757535e-12   3.779131e-05   1.382199e-13   384
  1.238183e-01   1.410699e-12   4.189367e-05   6.787454e-14   672
  1.240853e-01   1.405425e-12   7.335120e-05   1.009309e-13   336
  1.242128e-01   1.782378e-12   0.000000e+00   1.416933e-13   288
  1.245250e-01   1.593358e-12   5.805257e-05   7.098740e-14   776
  1.248140e-01   1.740823e-12   4.967278e-05   8.564837e-14   720
  1.250567e-01   1.766949e-12   4.001507e-05   1.233205e-13   432
  1.252509e-01   1.320656e-12   5.704653e-05   8.289367e-14   504
  1.254668e-01   1.463636e-12   3.996919e-05   8.439056e-14   528
  1.257690e-01   1.823434e-12   5.445569e-05   9.791495e-14   438
  1.260177e-01   1.524677e-12   6.338144e-05   7.615526e-14   624
  1.262050e-01   1.804443e-12   7.763371e-05   1.336957e-13   312
  1.264626e-01   1.317679e-12   4.182709e-05   6.979131e-14   696
  1.267289e-01   1.453002e-12   3.784594e-05   7.324198e-14   552
  1.270059e-01   1.505003e-12   2.928013e-05   7.930797e-14   516
  1.271773e-01   1.347186e-12   5.848486e-05   6.996991e-14   528
  1.273859e-01   1.780472e-12   3.803430e-05   9.459441e-14   528
  1.276822e-01   1.600573e-12   5.015953e-05   6.818100e-14   864
  1.278834e-01   1.278801e-12   6.870823e-05   8.352904e-14   408
  1.280847e-01   1.077815e-12   6.807282e-05   1.505694e-13   192
  1.283701e-01   1.724441e-12   5.633353e-05   7.995278e-14   720
  1.286110e-01   1.366476e-12   5.194228e-05   5.693905e-14   696
  1.288973e-01   1.575119e-12   5.609815e-05   7.134345e-14   720
  1.291592e-01   1.418286e-12   7.603431e-05   9.306322e-14   432
  1.293119e-01   1.375059e-12   4.475677e-05   1.005974e-13   264
  1.295867e-01   1.576588e-12   6.180712e-05   7.491930e-14   672
  1.298325e-01   1.447449e-12   6.328100e-05   7.761780e-14   600
  1.301242e-01   1.940698e-12   3.705096e-05   1.401457e-13   270
  1.302712e-01   1.897816e-12   5.577202e-05   1.053376e-13   528
  1.305049e-01   1.696567e-12   3.819070e-05   7.729365e-14   840
  1.308254e-01   1.628284e-12   7.302747e-05   6.945253e-14   888
  1.311216e-01   1.789336e-12   5.441084e-05   8.893135e-14   744
  1.313718e-01   1.579555e-12   2.795923e-05   9.818718e-14   456
  1.314963e-01   1.007127e-12   3.820801e-05   7.618903e-14   360
  1.317093e-01   1.961628e-12   3.310510e-05   1.103125e-13   384
  1.320361e-01   1.760822e-12   5.310026e-05   8.316176e-14   816
  1.322813e-01   1.735018e-12   7.704106e-05   7.423883e-14   824
  1.325794e-01   1.717635e-12   3.581235e-05   1.230670e-13   360
  1.327390e-01   1.624098e-12   5.284558e-05   9.057437e-14   624
  1.329587e-01   1.248728e-12   3.571018e-05   8.534548e-14   360
  1.332513e-01   1.745804e-12   4.857633e-05   7.236789e-14   876
  1.335156e-01   1.521946e-12   5.769416e-05   7.971125e-14   696
  1.337821e-01   1.833261e-12   3.725510e-05   1.196155e-13   336
  1.339218e-01   1.695586e-12   3.721324e-05   1.003499e-13   504
  1.341526e-01   1.718313e-12   3.753571e-05   7.550319e-14   672
  1.344950e-01   1.523781e-12   7.472486e-05   7.302075e-14   720
  1.347324e-01   1.597544e-12   5.644666e-05   7.432989e-14   774
  1.349945e-01   1.941148e-12   3.230860e-05   1.071567e-13   384
  1.351318e-01   1.414727e-12   6.217562e-05   8.290491e-14   528
  1.353448e-01   1.646876e-12   5.925683e-05   7.426413e-14   744
  1.356875e-01   1.360035e-12   4.887432e-05   5.940226e-14   768
  1.359150e-01   2.006490e-12   5.486510e-05   8.807373e-14   552
  1.361989e-01   1.548815e-12   5.979675e-05   8.035296e-14   696
  1.364100e-01   1.654076e-12   7.266345e-05   1.063593e-13   408
  1.365777e-01   1.433223e-12   3.139119e-05   8.750020e-14   504
  1.368434e-01   1.422553e-12   5.639309e-05   6.347234e-14   888
  1.371049e-01   1.567040e-12   5.860872e-05   6.887770e-14   648
  1.373767e-01   1.663784e-12   5.810635e-05   8.713679e-14   648
  1.376324e-01   1.688589e-12   6.265289e-05   7.769427e-14   792
  1.379033e-01   1.644723e-12   9.166547e-05   8.617000e-14   600
  1.381028e-01   1.586335e-12   6.212242e-05   8.978880e-14   456
  1.383129e-01   1.673338e-12   3.027582e-05   7.750901e-14   648
  1.385828e-01   1.567817e-12   5.904226e-05   6.344654e-14   936
  1.388741e-01   1.097386e-12   3.625955e-05   8.030439e-14   384
  1.391277e-01   1.120308e-16   0.000000e+00   1.053663e-17   198
  1.393234e-01   9.409449e-17   9.199360e-05   3.543085e-18   1224
  1.395345e-01   1.256873e-16   6.699966e-05   8.522992e-18   420
  1.397842e-01   9.758194e-17   6.484166e-05   4.250749e-18   792
  1.400283e-01   8.396450e-17   5.361851e-05   4.069308e-18   680
  1.403069e-01   9.090434e-17   4.923504e-05   4.936130e-18   600
  1.405311e-01   9.328531e-17   7.140431e-05   4.032608e-18   840
  1.408304e-01   9.577628e-17   3.371380e-05   5.225850e-18   432
  1.409448e-01   9.805836e-17   3.159427e-05   4.364174e-18   720
  1.411934e-01   9.077447e-17   6.327780e-05   3.764706e-18   960
  1.415027e-01   9.291850e-17   5.640753e-05   5.382813e-18   528
  1.417288e-01   1.014756e-16   5.765925e-05   5.608668e-18   624
  1.419978e-01   1.013148e-16   4.531978e-05   4.514444e-18   816
  1.422648e-01   8.086585e-17   7.452934e-05   3.676189e-18   696
  1.425599e-01   9.598483e-17   4.110321e-09   8.831235e-18   240
  1.426709e-01   1.019598e-16   4.395173e-05   5.576486e-18   672
  1.429185e-01   9.395323e-17   7.854802e-05   4.360332e-18   864
  1.431964e-01   7.017845e-17   6.027286e-05   3.180902e-18   816
  1.434467e-01   8.133402e-17   3.449810e-05   4.950604e-18   648
  1.437164e-01   1.057756e-16   3.526335e-05   5.105151e-18   843
  1.439454e-01   8.163216e-17   6.344743e-05   4.082694e-18   780
  1.442182e-01   8.340714e-17   3.404471e-05   8.304475e-18   216
  1.443865e-01   8.589422e-17   8.209510e-05   3.217870e-18   1056
  1.446454e-01   8.752100e-17   6.716301e-05   5.940812e-18   228
  1.448850e-01   9.429356e-17   8.361962e-05   4.128152e-18   924
  1.451311e-01   8.957766e-17   3.101819e-05   3.816231e-18   696
  1.453916e-01   8.299833e-17   5.520350e-05   3.766571e-18   996
  1.456581e-01   8.007398e-17   3.259105e-05   5.929659e-18   576
  1.459354e-01   7.949950e-17   5.030212e-05   5.125126e-18   552
  1.461376e-01   1.036613e-16   6.005898e-05   5.992298e-18   516
  1.463427e-01   9.040167e-17   8.733821e-05   4.560598e-18   744
  1.465771e-01   6.832332e-17   4.284460e-05   3.896792e-18   576
  1.467810e-01   6.969624e-17   4.409794e-05   3.159685e-18   792
  1.470708e-01   8.251741e-17   5.041212e-05   3.869207e-18   792
  1.472831e-01   8.602265e-17   5.436894e-05   4.901966e-18   720
  1.475703e-01   7.172312e-17   6.196809e-05   3.446973e-18   656
  1.478394e-01   7.782535e-17   6.766594e-05   3.522179e-18   816
  1.481153e-01   7.301273e-17   3.648433e-05   4.291020e-18   492
  1.482721e-01   7.895534e-17   5.248529e-05   4.524910e-18   552
  1.485663e-01   6.544782e-17   9.126553e-05   3.829030e-18   780
  1.487575e-01   7.583600e-17   5.606333e-05   4.566891e-18   528
  1.489634e-01   6.698238e-17   6.544296e-05   3.134392e-18   600
  1.492669e-01   8.095912e-17   5.438828e-05   3.257363e-18   900
  1.494760e-01   7.211999e-17   3.011028e-05   3.789652e-18   696
  1.497638e-01   6.767630e-17   7.613501e-05   4.194406e-18   696
  1.500423e-01   6.107124e-17   3.088725e-05   2.677967e-18   552
  1.502764e-01   6.026025e-17   3.591902e-05   3.109551e-18   708
  1.505217e-01   6.285277e-17   5.930435e-05   2.825274e-18   876
  1.507769e-01   9.022085e-17   3.148943e-05   8.887623e-18   216
  1.509481e-01   6.890073e-17   8.612787e-05   2.855572e-18   1032
  1.512046e-01   6.283446e-17   9.589387e-05   3.892445e-18   600
  1.514708e-01   5.325045e-17   4.575699e-05   2.834952e-18   600
  1.516739e-01   7.144545e-17   8.080257e-05   4.035462e-18   528
  1.519139e-01   6.364469e-17   4.435707e-05   2.881309e-18   732
  1.521668e-01   6.679948e-17   3.275367e-05   4.384573e-18   336
  1.524578e-01   5.549002e-17   4.668048e-05   2.360235e-18   912
  1.526754e-01   4.978134e-17   4.685305e-05   2.598652e-18   624
  1.529130e-01   6.488679e-17   3.948208e-05   3.118896e-18   768
  1.531905e-01   6.550215e-17   7.123345e-05   2.737722e-18   792
  1.534628e-01   5.637780e-17   3.531461e-05   2.869999e-18   660
  1.536565e-01   6.173174e-17   5.204174e-05   3.869248e-18   504
  1.538569e-01   5.575536e-17   8.502625e-05   3.085206e-18   480
  1.541572e-01   3.931502e-17   7.863820e-05   1.491936e-18   912
  1.543923e-01   6.143921e-17   8.757583e-05   3.901430e-18   432
  1.546144e-01   5.463215e-17   5.200047e-05   3.021180e-18   564
  1.548116e-01   5.593524e-17   4.977161e-05   2.998399e-18   600
  1.550891e-01   6.539746e-17   6.937691e-05   3.181193e-18   876
  1.552976e-01   5.622736e-17   3.119395e-05   4.020440e-18   264
  1.555851e-01   5.348651e-17   6.052853e-05   2.684904e-18   560
  1.558161e-01   5.020546e-17   4.113044e-05   2.008544e-18   840
  1.560965e-01   4.631513e-17   6.341128e-05   1.949713e-18   1008
  1.563558e-01   4.466514e-17   2.836595e-05   2.612651e-18   456
  1.565927e-01   5.555538e-17   3.674408e-05   3.001799e-18   576
  1.568116e-01   5.555093e-17   5.646120e-05   2.727209e-18   612
  1.571003e-01   4.914885e-17   5.042901e-05   2.380148e-18   780
  1.573359e-01   5.082172e-17   5.778934e-05   2.470837e-18   648
  1.575770e-01   5.799388e-17   2.693058e-05   5.039856e-18   312
  1.577311e-01   4.099950e-17   6.842617e-05   1.824192e-18   528
  1.579980e-01   4.363250e-17   8.936117e-05   2.047624e-18   720
  1.582533e-01   4.973044e-17   8.964102e-05   3.407297e-18   576
  1.585628e-01   4.549050e-17   7.732694e-05   2.919195e-18   444
  1.587554e-01   4.773283e-17   7.583279e-05   1.937665e-18   996
  1.589914e-01   4.261730e-17   6.334320e-05   2.952035e-18   432
  1.592145e-01   5.615447e-17   6.934834e-05   3.235646e-18   504
  1.594071e-01   3.672031e-17   3.126589e-05   2.390182e-18   504
  1.596815e-01   5.112527e-17   6.153164e-05   2.397451e-18   876
  1.599297e-01   4.030310e-17   7.081706e-05   2.258736e-18   504
  1.601882e-01   3.703984e-17   4.516342e-05   2.036151e-18   696
  1.604019e-01   4.730101e-17   3.860998e-05   2.447485e-18   492
  1.606926e-01   3.649589e-17   5.527206e-05   2.061380e-18   432
  1.609079e-01   4.622063e-17   5.175622e-05   2.135079e-18   768
  1.611631e-01   3.729235e-17   6.446933e-05   2.144817e-18   648
  1.614068e-01   3.418825e-17   4.205932e-05   2.276499e-18   456
  1.616868e-01   3.792568e-17   5.783839e-05   2.111977e-18   552
  1.618813e-01   3.970365e-17   3.964248e-05   2.582463e-18   648
  1.621489e-01   3.645520e-17   6.461501e-05   1.402440e-18   840
  1.624104e-01   4.005457e-17   3.081354e-05   2.226726e-18   432
  1.626721e-01   3.734801e-17   3.774132e-05   2.318203e-18   600
  1.628542e-01   4.345961e-17   4.021090e-05   2.551453e-18   432
  1.631600e-01   3.916536e-17   4.003387e-05   2.013600e-18   560
  1.633670e-01   3.285403e-17   6.336941e-05   1.484408e-18   840
  1.636263e-01   3.890775e-17   3.753463e-05   2.503693e-18   504
  1.638323e-01   3.255862e-17   7.660593e-05   1.644986e-18   696
  1.641226e-01   4.299251e-17   4.183943e-05   2.673181e-18   384
  1.643487e-01   3.059075e-17   6.128984e-05   1.526255e-18   576
  1.646222e-01   3.255928e-17   3.782503e-05   2.364540e-18   360
  1.648426e-01   3.372834e-17   5.633064e-05   1.575697e-18   828
  1.650804e-01   3.131078e-17   5.017290e-05   1.859536e-18   372
  1.652983e-01   3.180342e-17   7.662364e-05   1.536130e-18   576
  1.655869e-01   3.638453e-17   3.208989e-05   1.861098e-18   636
  1.657926e-01   3.344673e-17   6.186102e-05   1.708104e-18   648
  1.660708e-01   3.186311e-17   5.028625e-05   1.742893e-18   576
  1.662705e-01   3.076721e-17   8.111703e-05   1.726931e-18   528
  1.665361e-01   3.213503e-17   3.468088e-05   2.222899e-18   360
  1.667559e-01   2.715150e-17   7.977902e-05   1.197581e-18   672
  1.670430e-01   3.384448e-17   4.086413e-05   1.662692e-18   804
  1.672819e-01   3.417507e-17   4.507802e-05   2.089661e-18   408
  1.675462e-01   3.114543e-17   2.786312e-05   1.849467e-18   384
  1.677241e-01   2.278821e-17   6.376152e-05   1.501196e-18   480
  1.679752e-01   2.593379e-17   4.119929e-05   1.710634e-18   432
  1.682159e-01   3.540826e-17   7.592150e-05   1.591608e-18   648
  1.685009e-01   2.984268e-17   4.710893e-05   1.564189e-18   624
  1.687093e-01   2.830997e-17   4.284955e-05   1.957160e-18   456
  1.689940e-01   2.864035e-17   5.853629e-05   1.752582e-18   588
  1.691847e-01   2.617062e-17   3.734591e-05   1.306536e-18   600
  1.694632e-01   2.467802e-17   5.825046e-05   1.117948e-18   708
  1.696832e-01   2.402570e-17   3.669667e-05   1.271184e-18   360
  1.699263e-01   2.868013e-17   4.218379e-05   1.626708e-18   552
  1.701593e-01   2.328068e-17   2.959293e-05   1.961392e-18   288
  1.703959e-01   2.462267e-17   5.564280e-05   1.406754e-18   528
  1.706182e-01   2.664482e-17   3.753920e-05   1.325285e-18   456
  1.708665e-01   2.720333e-17   6.656515e-05   1.476797e-18   608
  1.711163e-01   2.195725e-17   3.220496e-05   1.165681e-18   504
  1.713892e-01   1.662379e-17   6.914223e-05   9.144219e-19   540
  1.716032e-01   3.242925e-17   7.422222e-05   2.198319e-18   360
  1.718339e-01   3.200510e-17   3.361162e-05   1.796791e-18   540
  1.720380e-01   2.335473e-17   2.885957e-05   1.333713e-18   576
  1.723347e-01   2.438490e-17   6.691555e-05   1.386697e-18   588
  1.726168e-01   2.403493e-17   9.232326e-05   1.394728e-18   672
  1.728592e-01   2.856524e-17   7.056345e-05   1.426785e-18   552
  1.730545e-01   1.924342e-17   7.059913e-05   1.696028e-18   144
  1.733038e-01   2.706721e-17   5.998121e-05   1.495052e-18   600
  1.735402e-01   1.846920e-17   7.516955e-05   1.100486e-18   504
  1.738025e-01   2.181179e-17   7.721430e-05   1.704452e-18   336
  1.740784e-01   2.212726e-17   8.678922e-05   1.041548e-18   600
  1.743256e-01   2.061891e-17   5.601092e-05   1.168345e-18   636
  1.745923e-01   2.421964e-17   4.503329e-05   1.992971e-18   384
  1.747793e-01   2.548281e-17   6.281612e-05   1.546904e-18   504
  1.750488e-01   2.005863e-17   2.636304e-05   1.786697e-18   240
  1.752616e-01   2.202142e-17   6.193054e-05   9.878694e-19   744
  1.755168e-01   1.923575e-17   4.228914e-05   9.229346e-19   648
  1.757436e-01   3.906274e-17   2.807279e-05   3.197745e-18   120
  1.760095e-01   1.748133e-17   4.409871e-05   8.456904e-19   564
  1.762103e-01   2.651111e-17   6.925969e-05   1.554768e-18   432
  1.764784e-01   1.798934e-17   5.375921e-05   1.225993e-18   480
  1.766803e-01   1.437584e-17   3.956814e-05   9.889158e-19   456
  1.769186e-01   2.116040e-17   6.547942e-05   1.232909e-18   444
  1.771890e-01   1.673231e-17   1.001870e-04   1.237579e-18   528
  1.774266e-01   2.373041e-17   7.440679e-05   2.104070e-18   264
  1.776571e-01   1.793214e-17   7.625589e-05   1.162854e-18   444
  1.779672e-01   2.052789e-17   8.352712e-05   1.022598e-18   696
  1.782246e-01   2.240798e-17   4.467309e-05   1.802348e-18   384
  1.784129e-01   1.638779e-17   5.644820e-05   1.015564e-18   432
  1.787057e-01   2.256275e-17   3.900306e-05   1.383732e-18   488
  1.788958e-01   2.272351e-17   5.878247e-05   1.349555e-18   480
  1.791714e-01   1.862176e-17   6.555462e-05   1.413436e-18   480
  1.793849e-01   1.483494e-17   2.750471e-05   1.043782e-18   240
  1.796272e-01   1.972646e-17   6.424882e-05   1.223541e-18   600
  1.798559e-01   1.281042e-17   5.598627e-05   1.041301e-18   288
  1.800993e-01   1.765380e-17   5.385469e-05   1.112335e-18   480
  1.803458e-01   1.401537e-17   9.579788e-05   1.017571e-18   504
  1.805885e-01   1.921666e-17   4.110325e-05   1.509411e-18   216
  1.808981e-01   1.744987e-17   6.729256e-05   1.133052e-18   504
  1.811392e-01   1.399685e-17   5.412370e-05   9.556194e-19   456
  1.814031e-01   2.366823e-17   3.104087e-05   1.533406e-18   384
  1.815779e-01   2.442352e-17   6.300174e-05   1.731896e-18   480
  1.818262e-01   1.367893e-17   5.532259e-05   1.070402e-18   504
  1.820564e-01   1.802206e-17   3.509319e-05   1.274522e-18   312
  1.823043e-01   1.668307e-17   5.655148e-05   1.097961e-18   492
  1.825238e-01   2.109487e-17   5.300385e-05   1.603739e-18   312
  1.828064e-01   1.433889e-17   8.610055e-05   8.630866e-19   576
  1.830551e-01   2.040554e-17   7.947777e-05   1.714013e-18   336
  1.832617e-01   1.004458e-17   6.119421e-05   1.006059e-18   240
  1.835481e-01   1.595034e-17   8.112802e-05   1.072925e-18   468
  1.837954e-01   1.650374e-17   5.079787e-05   1.742650e-18   192
  1.840542e-01   1.263523e-17   5.094927e-05   1.162329e-18   324
  1.842439e-01   1.578237e-17   3.697814e-05   9.844008e-19   600
  1.845024e-01   1.835656e-17   5.999324e-05   1.246030e-18   456
  1.846943e-01   1.776656e-17   2.698496e-05   1.516013e-18   336
  1.850125e-01   1.848169e-17   8.080061e-05   1.350093e-18   612
  1.852440e-01   1.363572e-17   6.781139e-05   2.429036e-18   144
  1.854629e-01   1.773590e-17   7.915330e-05   1.056133e-18   552
  1.857606e-01   7.762676e-18   3.117154e-05   5.910856e-19   264
  1.859288e-01   1.383730e-17   7.217008e-05   1.322323e-18   336
  1.861941e-01   1.046913e-17   4.768752e-05   7.341139e-19   384
  1.864242e-01   1.502257e-17   2.684336e-05   1.434454e-18   216
  1.866789e-01   9.131557e-18   5.691346e-05   7.153208e-19   344
  1.869112e-01   9.723594e-18   8.491756e-05   7.425537e-19   408
  1.871942e-01   1.280433e-17   6.525361e-05   1.391841e-18   264
  1.874450e-01   1.481497e-17   9.096676e-05   1.028362e-18   612
  1.876956e-01   1.992001e-17   4.681845e-05   1.497765e-18   408
  1.879533e-01   1.342468e-17   4.688574e-05   1.187281e-18   444
  1.881426e-01   3.028833e-17   2.622284e-05   2.592055e-18   120
  1.883963e-01   1.459853e-17   7.244892e-05   1.406469e-18   336
  1.885846e-01   1.284751e-17   2.517571e-05   1.238301e-18   288
  1.888390e-01   1.208970e-17   7.834725e-05   8.454565e-19   552
  1.891889e-01   1.858770e-17   0.000000e+00   2.603336e-18   72
  1.893687e-01   1.139298e-17   7.781878e-05   8.331593e-19   504
  1.895788e-01   4.644356e-18   2.504133e-05   4.658299e-19   216
  1.898511e-01   8.418241e-18   4.470956e-05   7.739435e-19   312
  1.900954e-01   8.245579e-18   5.090887e-05   7.288678e-19   336
  1.903283e-01   5.662040e-18   7.056539e-05   6.426293e-19   204
  1.905603e-01   1.964329e-17   8.200772e-05   1.654779e-18   504
  1.908063e-01   1.587270e-17   7.809491e-05   1.340886e-18   396
  1.910429e-01   1.206838e-17   7.161711e-05   1.293538e-18   312
  1.913297e-01   1.991075e-17   4.376572e-05   2.084169e-18   216
  1.915318e-01   1.002184e-17   2.375249e-05   1.184484e-18   168
  1.917774e-01   1.135526e-17   5.997637e-05   9.360448e-19   588
  1.920576e-01   5.462441e-18   8.141090e-05   6.107321e-19   240
  1.922754e-01   7.052195e-18   7.189946e-05   6.947959e-19   264
  1.925307e-01   8.454001e-18   8.891848e-05   7.369919e-19   288
  1.927573e-01   9.585036e-18   4.440219e-05   1.146456e-18   288
  1.930444e-01   7.670820e-18   4.170072e-05   8.024788e-19   288
  1.932378e-01   6.629277e-18   4.830681e-05   7.410634e-19   192
  1.934810e-01   4.252270e-18   5.140329e-05   4.802782e-19   264
  1.937128e-01   1.870259e-17   8.455129e-05   1.416152e-18   372
  1.939621e-01   1.940117e-17   9.131904e-05   1.749046e-18   360
  1.942665e-01   1.826567e-17   3.864708e-05   2.756940e-18   144
  1.944239e-01   9.176134e-18   5.367910e-05   1.195599e-18   296
  1.946722e-01   9.240510e-18   5.783646e-05   9.670897e-19   288
  1.949565e-01   1.050596e-17   8.643513e-05   8.439135e-19   480
  1.952017e-01   6.142497e-18   7.181934e-05   1.002683e-18   192
  1.954402e-01   1.176567e-17   7.703604e-05   1.462144e-18   192
  1.956569e-01   8.649266e-18   4.909597e-05   1.166012e-18   288
  1.959584e-01   2.833769e-18   4.273737e-05   3.038978e-19   108
  1.961102e-01   8.032047e-18   4.108675e-05   8.285944e-19   240
  1.963784e-01   5.254392e-18   7.664829e-05   6.787307e-19   384
  1.966538e-01   7.864768e-18   9.350223e-05   1.079275e-18   108
  1.968974e-01   1.378647e-17   5.482209e-05   1.031738e-18   348
  1.971535e-01   9.885335e-18   5.721449e-05   1.303663e-18   312
  1.973823e-01   9.132126e-18   5.559587e-05   2.106766e-18   96
  1.975926e-01   6.984416e-18   7.401586e-05   6.629230e-19   384
  1.978282e-01   9.333740e-18   5.090793e-05   1.163272e-18   144
  1.980586e-01   8.401048e-18   7.822228e-05   7.654951e-19   408
  1.983451e-01   2.431027e-18   3.489266e-05   3.506279e-19   144
  1.986157e-01   8.076248e-18   6.708152e-05   1.140083e-18   192
  1.987762e-01   9.517715e-18   7.550148e-05   1.113037e-18   144
  1.990378e-01   3.082696e-18   6.138549e-05   3.642947e-19   144
  1.992846e-01   6.630617e-18   7.502301e-05   6.835173e-19   336
  1.995869e-01   2.883430e-18   5.550751e-05   3.347100e-19   240
  1.997786e-01   3.977634e-18   2.520547e-05   7.335915e-19   96
  2.000459e-01   1.130528e-17   7.391551e-05   1.180701e-18   372
  2.003163e-01   5.820543e-18   8.792091e-05   1.130929e-18   132
  2.005538e-01   2.998035e-18   5.440441e-05   2.556072e-19   264
  2.007663e-01   9.330912e-18   4.178011e-05   1.422762e-18   168
  2.009931e-01   6.949602e-18   6.679837e-05   7.568094e-19   216
  2.011935e-01   6.596080e-18   4.086808e-05   1.412166e-18   216
  2.014852e-01   1.295161e-18   7.497591e-05   1.452392e-19   96
  2.017500e-01   1.083228e-17   4.891494e-05   2.045476e-18   120
  2.019928e-01   3.898647e-18   6.218465e-05   4.548045e-19   216
  2.021928e-01   3.329957e-18   2.717490e-05   4.213474e-19   200
  2.024576e-01   4.404612e-18   7.034415e-05   5.750033e-19   288
  2.027972e-01   8.069546e-19   1.850891e-05   1.027356e-19   144
  2.029402e-01   6.553025e-18   5.759860e-05   1.043003e-18   168
  2.032323e-01   9.632660e-18   6.482186e-05   1.878432e-18   159
  2.034603e-01   2.889793e-18   6.801371e-05   4.139531e-19   174
  2.036809e-01   2.943452e-18   6.167246e-05   3.572803e-19   144
  2.039698e-01   5.582165e-18   3.561139e-05   7.594101e-19   222
  2.041630e-01   2.397475e-18   3.593504e-05   4.054003e-19   168
  2.044967e-01   8.313951e-18   7.881934e-05   2.018751e-18   30
  2.046346e-01   4.834241e-19   6.959169e-05   5.575037e-20   72
  2.048942e-01   2.672253e-18   6.210975e-05   4.189448e-19   258
  2.051797e-01   1.937662e-18   3.890094e-05   2.396005e-19   264
  2.053225e-01   3.908238e-18   4.195079e-09   7.799750e-19   72
  2.056199e-01   1.236435e-18   7.710330e-05   2.050211e-19   174
  2.058892e-01   2.866988e-18   8.210077e-05   4.741380e-19   168
  2.061058e-01   2.907509e-19   2.568951e-09   3.571355e-20   48
  2.063382e-01   1.529463e-18   4.636424e-05   4.240284e-19   150
  2.066077e-01   3.732266e-18   8.529035e-05   3.521432e-19   168
  2.068780e-01   1.187615e-18   5.195492e-05   1.250109e-19   144
  2.071265e-01   4.711127e-18   4.853772e-05   8.749705e-19   102
  2.073116e-01   4.611310e-19   7.184416e-05   8.148287e-20   96
  2.076053e-01   4.056656e-19   7.130050e-05   4.854497e-20   120
  2.078228e-01   3.101328e-19   7.647166e-05   2.411790e-20   168
  2.080580e-01   3.714324e-18   5.646827e-05   3.913564e-19   126
  2.082585e-01   2.363072e-18   4.258836e-05   3.773628e-19   168
  2.085346e-01   7.690234e-19   6.829049e-05   1.039467e-19   72
  2.087759e-01   5.065020e-19   8.551492e-05   5.669808e-20   168
  2.089873e-01   3.688700e-18   2.344384e-05   1.155205e-18   78
  2.092770e-01   4.061536e-19   3.849304e-05   4.536483e-20   60
  2.095103e-01   3.681723e-18   6.244194e-05   5.347518e-19   96
  2.097522e-01   8.811669e-19   7.576810e-05   8.777000e-20   168
  2.099796e-01   9.041020e-19   4.794311e-05   2.167995e-19   86
  2.102181e-01   2.417745e-19   4.284977e-05   3.669614e-20   120
  2.105600e-01   3.853606e-19   3.055758e-05   3.788730e-20   168
  2.107444e-01   2.203196e-19   0.000000e+00   3.609598e-20   48
  2.109928e-01   1.510311e-18   5.567259e-05   1.828483e-19   120
  2.111355e-01   9.744872e-19   4.061540e-05   2.043363e-19   126
  2.114838e-01   1.045015e-18   7.143116e-05   1.424108e-19   96
  2.117099e-01   6.943143e-19   2.059722e-05   9.218194e-20   96
  2.118882e-01   3.322494e-19   2.422030e-09   4.209331e-20   72
  2.122681e-01   5.371366e-19   2.568951e-09   6.936876e-20   24
  2.125052e-01   1.019177e-18   4.238860e-05   2.053415e-19   120
  2.126902e-01   1.126580e-18   6.183193e-05   2.186816e-19   126
  2.128959e-01   2.967836e-19   5.154529e-05   5.194567e-20   96
  2.131362e-01   1.362957e-19   8.908530e-05   1.555311e-20   72
  2.134038e-01   2.747505e-19   3.853239e-05   2.356562e-20   144
  2.136239e-01   3.581812e-19   2.222458e-05   5.901098e-20   72
  2.138438e-01   6.966135e-19   4.439042e-05   2.058186e-19   54
  2.140373e-01   8.427379e-19   3.911854e-05   1.841860e-19   108
  2.144395e-01   8.956242e-19   3.834628e-05   1.240951e-19   72
  2.145647e-01   5.635501e-19   2.212712e-05   9.140988e-20   72
  2.148618e-01   3.060932e-19   4.449553e-09   5.146228e-20   24
  2.151428e-01   8.182623e-20   4.681088e-05   9.061057e-21   48
  2.153135e-01   4.416228e-19   3.565781e-05   1.157153e-19   102
  2.155704e-01   3.675893e-19   8.064314e-05   5.746813e-20   168
  2.159060e-01   1.712761e-19   4.398088e-05   1.959619e-20   72
  2.160304e-01   1.415234e-19   0.000000e+00   1.924186e-20   48
  2.162913e-01   3.001794e-19   7.564979e-05   3.477036e-20   120
  2.166356e-01   2.422213e-19   4.648832e-05   2.607080e-20   96
  2.169608e-01   1.378513e-18   4.110321e-09   5.640153e-19   30
  2.173472e-01   5.355845e-19   2.184227e-05   7.696919e-20   72
  2.175171e-01   2.784096e-19   2.568951e-09   4.899377e-20   24
  2.177352e-01   8.129753e-20   3.237565e-05   1.098394e-20   56
  2.179796e-01   8.988473e-20   4.620169e-05   8.347089e-21   96
  2.182720e-01   1.826877e-19   5.101796e-05   2.138949e-20   144
  2.184974e-01   4.398468e-19   2.896600e-05   1.571730e-19   54
  2.188250e-01   1.878401e-19   4.339413e-05   1.782984e-20   108
  2.191546e-01   4.764053e-19   2.297699e-05   1.031145e-19   48
  2.194683e-01   2.282496e-19   8.651572e-05   2.859705e-20   72
  2.202213e-01   2.935570e-19   5.716121e-05   3.128475e-20   78
  2.204299e-01   9.645945e-20   4.307814e-05   9.810480e-21   72
  2.206734e-01   9.034787e-20   4.302466e-05   7.966891e-21   72
  2.209281e-01   1.918836e-19   1.038232e-04   3.012758e-20   96
  2.211293e-01   1.369962e-19   4.293597e-05   1.273184e-20   72
  2.213721e-01   1.188774e-19   0.000000e+00   2.009315e-20   24
  2.216146e-01   1.111625e-19   8.567808e-05   1.253076e-20   72
  2.221623e-01   2.285831e-19   5.440820e-05   3.267757e-20   30
  2.222801e-01   1.538451e-19   0.000000e+00   2.346438e-20   24
  2.229135e-01   6.780176e-20   4.517907e-05   8.495067e-21   48
  2.231122e-01   9.360676e-20   9.722532e-05   9.733315e-21   120
  2.233799e-01   9.603003e-20   4.250917e-05   1.060360e-20   72
  2.236502e-01   9.620546e-20   4.245777e-05   1.632719e-20   36
  2.238360e-01   1.335240e-19   8.391632e-05   1.980013e-20   78
  2.243546e-01   1.511580e-19   4.488887e-05   1.992104e-20   48
  2.250269e-01   2.579521e-19   3.633045e-09   3.846782e-20   24
  2.255059e-01   5.229206e-20   3.125970e-05   6.881898e-21   56
  2.257471e-01   7.834018e-20   4.810277e-05   9.322847e-21   102
  2.260539e-01   1.038742e-19   3.425268e-09   1.081651e-20   72
  2.262321e-01   1.022885e-19   2.568951e-09   3.320470e-20   24
  2.265435e-01   7.396561e-20   4.445516e-05   1.101607e-20   48
  2.271206e-01   1.018976e-19   0.000000e+00   2.037296e-20   24
  2.278290e-01   2.840933e-19   0.000000e+00   1.516337e-19   6
  2.280499e-01   6.460563e-20   0.000000e+00   1.126513e-20   24
  2.281971e-01   6.093367e-20   4.161169e-05   7.522017e-21   72
  2.284659e-01   5.949281e-20   7.763053e-05   8.100119e-21   84
  2.287554e-01   1.178479e-19   0.000000e+00   2.526847e-20   24
  2.288435e-01   9.015919e-20   3.633045e-09   1.719645e-20   24
  2.292831e-01   1.002011e-19   4.449553e-09   1.651470e-20   24
  2.298972e-01   9.917408e-20   0.000000e+00   2.877808e-20   6
  2.306844e-01   3.660984e-20   4.365716e-05   3.216339e-21   48
  2.308735e-01   5.800812e-20   8.224294e-05   7.224250e-21   72
  2.311206e-01   7.253653e-20   4.357477e-05   8.352878e-21   48
  2.315124e-01   1.522980e-19   0.000000e+00   2.864225e-20   24
  2.320338e-01   7.033832e-20   0.000000e+00   1.776166e-20   6
  2.332028e-01   4.851492e-20   0.000000e+00   7.523945e-21   8
  2.332891e-01   4.244928e-20   2.568951e-09   5.168715e-21   48
  2.334962e-01   7.912996e-20   4.225843e-05   9.342035e-21   60
  2.338066e-01   5.427493e-20   0.000000e+00   1.317301e-20   24
  2.342369e-01   1.444644e-19   0.000000e+00   5.332927e-20   6
  2.358224e-01   4.831279e-20   0.000000e+00   7.122607e-21   24
  2.359505e-01   4.924039e-20   4.268279e-05   4.635380e-21   48
  2.361638e-01   7.243125e-20   0.000000e+00   1.122845e-20   24
  2.365047e-01   2.131264e-20   0.000000e+00   5.737884e-21   6
  2.384414e-01   3.810645e-20   3.981898e-05   5.523053e-21   36
  2.385821e-01   4.736690e-20   0.000000e+00   1.553051e-20   24
  2.388353e-01   1.233221e-20   0.000000e+00   2.221026e-21   6
  2.410389e-01   2.640910e-20   3.618719e-05   4.051046e-21   32
  2.412268e-01   5.596511e-20   0.000000e+00   2.100735e-20   6
  2.435949e-01   2.336853e-20   0.000000e+00   6.955794e-21   12
  2.436776e-01   5.581302e-20   0.000000e+00   9.463043e-21   6
  2.461858e-01   7.271220e-21   0.000000e+00   3.710367e-21   6
