# power spectrum of zeta (dimensionless)
# redshift z=81.859429
# k              Pk             sigma(k)       sigma(Pk)      count
  4.487990e-03   5.905453e-06   0.000000e+00   1.271301e-06   6
  6.346976e-03   5.973648e-06   0.000000e+00   6.142360e-07   12
  7.773426e-03   1.591150e-05   8.514949e-11   6.935122e-06   8
  8.975979e-03   1.364012e-04   0.000000e+00   2.837239e-05   6
  1.003545e-02   2.720663e-05   1.605594e-10   6.387993e-06   24
  1.099328e-02   5.097963e-05   1.605594e-10   8.302868e-06   24
  1.269395e-02   4.131172e-05   0.000000e+00   7.820818e-06   12
  1.346397e-02   1.101320e-04   1.816523e-10   2.795089e-05   30
  1.419227e-02   3.922535e-05   0.000000e+00   6.807133e-06   24
  1.488498e-02   7.439759e-05   2.780971e-10   1.869308e-05   24
  1.554685e-02   2.168908e-05   1.702990e-10   6.942389e-06   8
  1.618168e-02   7.006575e-05   2.270653e-10   1.245753e-05   24
  1.679252e-02   9.402545e-05   0.000000e+00   1.135261e-05   48
  1.795196e-02   3.256478e-03   0.000000e+00   1.014106e-03   6
  1.850445e-02   4.174959e-05   2.270653e-10   6.611512e-06   48
  1.904093e-02   8.283755e-05   2.140792e-10   1.137315e-05   36
  1.956269e-02   1.317747e-04   2.270653e-10   2.510360e-05   24
  2.007090e-02   5.088410e-05   3.211188e-10   1.065061e-05   24
  2.056655e-02   7.682128e-05   0.000000e+00   7.737567e-06   48
  2.105054e-02   9.112793e-05   3.211188e-10   1.594179e-05   24
  2.198657e-02   6.724930e-05   3.211188e-10   1.186262e-05   24
  2.243995e-02   1.731002e-04   0.000000e+00   6.580058e-05   30
  2.288435e-02   1.280937e-04   0.000000e+00   1.345604e-05   72
  2.332028e-02   1.720641e-04   3.405980e-10   2.817915e-05   32
  2.416856e-02   1.095738e-04   0.000000e+00   1.071357e-05   72
  2.458173e-02   1.560840e-04   0.000000e+00   2.116107e-05   48
  2.538790e-02   6.222979e-05   0.000000e+00   1.478800e-05   12
  2.578154e-02   1.557236e-04   0.000000e+00   2.625146e-05   48
  2.616925e-02   9.118037e-05   0.000000e+00   1.372532e-05   48
  2.655130e-02   1.486083e-04   3.211188e-10   1.913991e-05   48
  2.692794e-02   6.011608e-04   3.633045e-10   2.663247e-04   30
  2.729937e-02   1.604205e-04   0.000000e+00   3.761028e-05   24
  2.766583e-02   1.078261e-04   6.769780e-10   1.054327e-05   72
  2.838454e-02   1.191089e-04   0.000000e+00   2.530328e-05   24
  2.873715e-02   1.862819e-04   0.000000e+00   1.773154e-05   96
  2.908550e-02   8.759334e-05   0.000000e+00   5.912678e-06   48
  2.942972e-02   1.496619e-04   5.561942e-10   3.279426e-05   24
  2.976995e-02   5.694367e-05   5.561942e-10   9.586836e-06   24
  3.010635e-02   9.918016e-05   0.000000e+00   1.014526e-05   72
  3.043903e-02   1.883440e-04   0.000000e+00   2.471348e-05   48
  3.109370e-02   7.245677e-05   3.405980e-10   1.041089e-05   8
  3.141593e-02   2.872832e-04   4.036717e-10   1.161198e-04   54
  3.173488e-02   1.149928e-04   0.000000e+00   1.194412e-05   84
  3.205066e-02   1.659741e-04   0.000000e+00   2.712860e-05   48
  3.236335e-02   9.189272e-05   4.541306e-10   1.443496e-05   24
  3.267306e-02   1.965465e-04   6.055075e-10   1.998319e-05   72
  3.297985e-02   1.375257e-04   0.000000e+00   1.619901e-05   96
  3.358504e-02   8.633184e-05   0.000000e+00   1.296549e-05   48
  3.388358e-02   1.236292e-04   0.000000e+00   1.257128e-05   48
  3.417951e-02   1.629724e-04   0.000000e+00   2.282382e-05   24
  3.447290e-02   1.475422e-04   0.000000e+00   1.980066e-05   72
  3.505232e-02   6.479023e-05   0.000000e+00   7.464463e-06   72
  3.533846e-02   9.461293e-05   0.000000e+00   9.589076e-06   96
  3.590392e-02   2.428297e-02   0.000000e+00   8.491479e-03   6
  3.618333e-02   1.249768e-04   0.000000e+00   9.391715e-06   96
  3.646060e-02   1.733227e-04   4.541306e-10   2.112860e-05   96
  3.673578e-02   1.811769e-04   0.000000e+00   4.689646e-05   24
  3.700891e-02   1.691986e-04   4.541306e-10   2.901998e-05   48
  3.728004e-02   2.221161e-04   0.000000e+00   2.460139e-05   96
  3.754921e-02   8.041081e-05   0.000000e+00   9.785002e-06   48
  3.808185e-02   1.043611e-04   4.281585e-10   1.269802e-05   36
  3.834540e-02   1.238479e-04   7.865773e-10   1.455642e-05   48
  3.860715e-02   1.376929e-04   8.899106e-10   1.327439e-05   120
  3.886713e-02   1.020007e-04   0.000000e+00   1.202088e-05   56
  3.912539e-02   1.140134e-04   4.541306e-10   1.374583e-05   24
  3.938195e-02   1.164699e-04   0.000000e+00   1.200973e-05   96
  3.963685e-02   8.093938e-05   0.000000e+00   1.350591e-05   48
  4.014180e-02   1.557761e-04   6.422377e-10   4.111739e-05   24
  4.039191e-02   3.338106e-04   0.000000e+00   1.107333e-04   102
  4.064047e-02   1.272882e-04   4.541306e-10   1.787590e-05   48
  4.088753e-02   1.873724e-04   0.000000e+00   4.299257e-05   72
  4.113310e-02   6.597630e-05   0.000000e+00   7.789392e-06   48
  4.137722e-02   2.358258e-04   0.000000e+00   4.309684e-05   48
  4.161990e-02   2.013252e-04   1.027580e-09   2.552847e-05   120
  4.210107e-02   1.122269e-04   6.422377e-10   1.547642e-05   24
  4.233961e-02   1.041001e-04   6.055075e-10   1.041611e-05   144
  4.257681e-02   1.049423e-04   7.266090e-10   1.040522e-05   120
  4.281269e-02   3.441486e-04   6.422377e-10   4.688614e-05   48
  4.328060e-02   1.219405e-04   6.422377e-10   1.670197e-05   48
  4.351267e-02   1.324384e-04   6.422377e-10   1.566818e-05   96
  4.412543e-02   9.944619e-05   1.076845e-04   1.202022e-05   72
  4.442883e-02   1.134433e-04   5.708779e-10   1.207676e-05   108
  4.465493e-02   1.245821e-04   0.000000e+00   2.325098e-05   72
  4.487990e-02   2.368103e-03   0.000000e+00   1.146654e-03   30
  4.510374e-02   1.561312e-04   0.000000e+00   2.454877e-05   168
  4.532647e-02   2.767310e-04   0.000000e+00   4.572003e-05   48
  4.576869e-02   2.105438e-04   0.000000e+00   3.339728e-05   72
  4.598821e-02   4.314269e-04   0.000000e+00   5.369428e-05   96
  4.620668e-02   1.420652e-04   1.211015e-09   1.703897e-05   72
  4.642412e-02   1.028601e-04   0.000000e+00   1.220687e-05   72
  4.678970e-02   1.606969e-04   9.942967e-05   2.548488e-05   104
  4.707043e-02   2.079035e-04   8.563169e-10   2.859512e-05   144
  4.770798e-02   1.405915e-04   1.436087e-09   1.424493e-05   96
  4.791862e-02   7.972886e-05   0.000000e+00   7.560016e-06   96
  4.825361e-02   1.106861e-04   1.022910e-04   1.119091e-05   120
  4.854503e-02   1.549998e-04   0.000000e+00   1.775975e-05   120
  4.875204e-02   1.115909e-04   0.000000e+00   1.626696e-05   72
  4.916346e-02   1.106880e-04   0.000000e+00   1.770593e-05   48
  4.936788e-02   4.863771e-04   1.117860e-09   2.357598e-04   78
  4.962939e-02   1.814022e-04   9.159181e-05   2.974120e-05   168
  5.017725e-02   1.695269e-04   1.048770e-09   2.444832e-05   144
  5.037756e-02   3.117129e-04   8.563169e-10   3.688542e-05   144
  5.095853e-02   1.170953e-04   5.274950e-05   1.244912e-05   156
  5.117095e-02   1.623533e-04   1.112388e-09   2.299544e-05   48
  5.136739e-02   2.092475e-04   7.266090e-10   2.878419e-05   120
  5.156307e-02   1.066022e-04   0.000000e+00   1.672785e-05   48
  5.190908e-02   1.150834e-04   8.074274e-05   1.134443e-05   216
  5.233850e-02   6.565121e-05   0.000000e+00   6.614790e-06   48
  5.253057e-02   1.387679e-04   6.422377e-10   1.423332e-05   96
  5.280366e-02   1.508834e-04   9.436050e-05   1.740506e-05   168
  5.310261e-02   8.766258e-05   6.422377e-10   1.103757e-05   48
  5.329192e-02   1.302445e-04   0.000000e+00   2.139768e-05   96
  5.348057e-02   5.338581e-05   0.000000e+00   7.219122e-06   48
  5.385587e-02   1.335585e-02   7.266090e-10   6.693994e-03   30
  5.404255e-02   1.725960e-04   0.000000e+00   2.525094e-05   96
  5.426566e-02   2.192965e-04   7.415896e-05   2.611903e-05   240
  5.455256e-02   3.815368e-04   8.000683e-05   1.111043e-04   32
  5.478289e-02   2.531527e-04   0.000000e+00   3.328060e-05   168
  5.496642e-02   8.389823e-05   0.000000e+00   7.826353e-06   120
  5.533165e-02   1.447667e-04   1.353956e-09   1.983491e-05   72
  5.551336e-02   1.294557e-04   6.055075e-10   1.577554e-05   144
  5.569449e-02   2.562449e-04   0.000000e+00   4.264434e-05   96
  5.587502e-02   7.099353e-05   0.000000e+00   9.462586e-06   96
  5.623435e-02   2.831689e-04   0.000000e+00   4.773287e-05   72
  5.641315e-02   6.668796e-05   9.082613e-10   7.747036e-06   96
  5.676908e-02   3.741913e-04   0.000000e+00   9.529947e-05   24
  5.694620e-02   1.289998e-04   0.000000e+00   1.590637e-05   192
  5.715479e-02   6.943351e-05   6.789523e-05   8.899046e-06   132
  5.747431e-02   9.006805e-05   0.000000e+00   1.059944e-05   96
  5.764927e-02   6.021494e-05   0.000000e+00   6.804385e-06   96
  5.782370e-02   5.415206e-05   7.266090e-10   5.815646e-06   120
  5.817099e-02   3.645666e-05   0.000000e+00   3.905870e-06   48
  5.845566e-02   3.911006e-04   8.228355e-05   1.238369e-04   222
  5.868808e-02   2.494693e-04   0.000000e+00   6.940178e-05   120
  5.885943e-02   6.396295e-05   1.112388e-09   9.322645e-06   24
  5.910891e-02   2.757796e-04   8.492858e-05   2.840470e-05   312
  5.965251e-02   1.980871e-04   7.962394e-05   2.684721e-05   72
  5.987725e-02   1.717540e-04   1.112388e-09   2.682022e-05   96
  6.010802e-02   1.869646e-04   8.108596e-05   3.003779e-05   192
  6.037972e-02   6.914405e-05   1.027580e-09   6.891895e-06   120
  6.054629e-02   1.505597e-04   0.000000e+00   2.376904e-05   144
  6.087805e-02   1.199574e-04   0.000000e+00   1.727836e-05   48
  6.111387e-02   1.035963e-04   8.153477e-05   8.006035e-06   336
  6.137233e-02   2.456332e-04   0.000000e+00   6.298158e-05   48
  6.169965e-02   1.016197e-04   0.000000e+00   1.439948e-05   192
  6.186267e-02   4.449922e-05   0.000000e+00   4.995977e-06   48
  6.232604e-02   7.428741e-05   5.659583e-05   1.330009e-05   56
  6.255643e-02   1.215837e-04   7.268827e-05   9.891878e-06   336
  6.283185e-02   2.804944e-03   8.073433e-10   1.345289e-03   54
  6.307177e-02   2.869705e-04   7.983781e-05   4.074096e-05   240
  6.356985e-02   4.261295e-04   7.644534e-05   5.233346e-05   228
  6.378632e-02   5.964480e-05   8.563169e-10   7.235201e-06   72
  6.399644e-02   9.869170e-05   7.415385e-05   1.081369e-05   144
  6.425823e-02   2.625819e-04   0.000000e+00   5.079904e-05   96
  6.441477e-02   2.260181e-04   1.027580e-09   3.634220e-05   240
  6.472671e-02   4.026917e-05   9.082613e-10   3.707642e-06   24
  6.492641e-02   9.999324e-05   7.003773e-05   9.297063e-06   336
  6.519181e-02   3.115283e-05   0.000000e+00   4.078728e-06   72
  6.543408e-02   2.295657e-04   7.617900e-05   2.616863e-05   168
  6.565363e-02   1.579128e-04   0.000000e+00   2.660766e-05   72
  6.595971e-02   1.212827e-04   0.000000e+00   1.609835e-05   96
  6.619675e-02   4.962446e-05   7.560752e-05   4.070661e-06   216
  6.641618e-02   6.154444e-05   0.000000e+00   6.656248e-06   96
  6.671876e-02   9.908246e-05   9.082613e-10   8.671260e-06   192
  6.686954e-02   1.269517e-04   8.563169e-10   1.664385e-05   144
  6.717008e-02   3.413988e-05   0.000000e+00   3.886765e-06   48
  6.737816e-02   3.735531e-04   7.289453e-05   1.532415e-04   246
  6.766089e-02   2.421715e-04   6.720992e-05   5.758024e-05   168
  6.791561e-02   2.606885e-04   1.779821e-09   5.886579e-05   120
  6.806373e-02   3.055240e-04   0.000000e+00   4.337958e-05   240
  6.835902e-02   1.187767e-04   0.000000e+00   2.029421e-05   24
  6.859430e-02   1.260525e-04   7.194229e-05   1.149857e-05   360
  6.888731e-02   3.653638e-04   7.163615e-05   5.283181e-05   120
  6.909172e-02   6.035982e-05   0.000000e+00   6.742680e-06   144
  6.923733e-02   2.042803e-04   0.000000e+00   3.538095e-05   96
  6.967233e-02   1.323891e-04   0.000000e+00   1.770419e-05   144
  6.981673e-02   1.626332e-04   0.000000e+00   2.235679e-05   132
  7.001966e-02   1.260011e-04   7.070381e-05   2.768876e-05   176
  7.031425e-02   9.611651e-05   7.139661e-05   1.131660e-05   312
  7.067693e-02   6.495140e-05   0.000000e+00   8.219418e-06   96
  7.081928e-02   5.361982e-05   0.000000e+00   4.258936e-06   144
  7.103769e-02   1.306532e-04   7.068048e-05   1.181721e-05   312
  7.138584e-02   4.576157e-05   0.000000e+00   5.024213e-06   48
  7.152678e-02   7.664168e-05   9.082613e-10   7.394829e-06   192
  7.180783e-02   1.125195e-01   0.000000e+00   3.874256e-02   6
  7.199456e-02   2.655554e-04   6.592151e-05   3.730773e-05   288
  7.229701e-02   1.569099e-04   6.965036e-05   2.943106e-05   192
  7.250569e-02   3.379531e-04   2.136030e-09   4.506577e-05   216
  7.264446e-02   9.185697e-05   0.000000e+00   1.633187e-05   72
  7.299019e-02   1.594903e-04   6.898890e-05   1.846736e-05   192
  7.321980e-02   1.727235e-04   5.122797e-05   2.751505e-05   288
  7.347155e-02   7.188231e-05   0.000000e+00   1.112091e-05   24
  7.366606e-02   9.325377e-05   6.748859e-05   1.153890e-05   456
  7.401782e-02   2.636107e-04   0.000000e+00   7.434661e-05   48
  7.423517e-02   1.744406e-04   6.647357e-05   2.378848e-05   240
  7.448497e-02   1.015566e-04   6.717903e-05   9.955208e-06   216
  7.469503e-02   1.105033e-04   0.000000e+00   1.652243e-05   72
  7.482974e-02   5.809610e-05   2.321067e-09   7.326491e-06   168
  7.521008e-02   9.867641e-05   4.993319e-05   1.082488e-05   288
  7.542338e-02   1.290212e-04   6.607016e-05   1.528402e-05   168
  7.576598e-02   9.286377e-05   0.000000e+00   1.204458e-05   192
  7.589879e-02   5.562687e-05   8.563169e-10   4.739979e-06   144
  7.616371e-02   1.810780e-04   8.563169e-10   2.575068e-05   36
  7.638837e-02   3.071048e-04   6.033611e-05   1.266847e-04   342
  7.660318e-02   2.703014e-04   6.195787e-05   8.184387e-05   144
  7.687931e-02   2.939497e-04   6.497828e-05   3.493717e-05   384
  7.721429e-02   9.495438e-05   1.779821e-09   1.095522e-05   120
  7.738009e-02   1.624261e-04   5.794173e-05   1.805515e-05   264
  7.760459e-02   2.551388e-04   2.872174e-09   4.550535e-05   192
  7.781602e-02   5.397611e-05   6.244329e-05   6.243366e-06   152
  7.799294e-02   1.828254e-04   1.712634e-09   3.233046e-05   144
  7.836508e-02   7.375472e-05   4.041391e-05   9.278354e-06   216
  7.853733e-02   1.515720e-04   5.400376e-05   1.674847e-05   312
  7.884055e-02   1.337909e-04   6.258929e-05   1.867658e-05   240
  7.901921e-02   4.130577e-05   9.082613e-10   4.686566e-06   96
  7.935833e-02   3.252786e-05   5.983988e-05   2.727858e-06   144
  7.956734e-02   1.203247e-04   5.881734e-05   1.059784e-05   456
  7.990638e-02   4.951217e-05   0.000000e+00   4.668980e-06   120
  8.003232e-02   9.060842e-05   0.000000e+00   1.094695e-05   144
  8.028360e-02   3.061376e-05   1.284475e-09   5.273423e-06   24
  8.044470e-02   7.057041e-05   5.653709e-05   6.364153e-06   336
  8.072332e-02   1.143687e-03   6.235271e-05   5.461412e-04   198
  8.098439e-02   2.064238e-04   6.063443e-05   3.284684e-05   432
  8.128095e-02   6.015377e-04   1.816523e-09   1.329947e-04   48
  8.143566e-02   2.941415e-04   5.352971e-05   4.116232e-05   384
  8.171344e-02   7.429357e-05   6.162404e-05   1.276307e-05   144
  8.196515e-02   3.591985e-04   6.118458e-05   5.195743e-05   264
  8.226621e-02   3.313849e-05   0.000000e+00   4.494605e-06   48
  8.246820e-02   1.186097e-04   5.817654e-05   1.715322e-05   276
  8.266310e-02   1.068923e-04   5.273546e-05   1.292346e-05   192
  8.292356e-02   1.201217e-04   5.926306e-05   1.208949e-05   552
  8.323980e-02   1.219094e-04   1.453218e-09   1.855093e-05   120
  8.342777e-02   3.202071e-05   5.998883e-05   2.498614e-06   216
  8.360198e-02   4.592568e-05   1.453218e-09   5.319616e-06   120
  8.391317e-02   1.032162e-04   5.907428e-05   8.930871e-06   408
  8.420215e-02   2.107943e-05   1.284475e-09   4.824486e-06   24
  8.438134e-02   7.048382e-05   5.967566e-05   6.691132e-06   384
  8.463161e-02   5.941538e-05   5.830526e-05   8.045084e-06   240
  8.484893e-02   8.612578e-05   5.873223e-05   1.040520e-05   168
  8.515361e-02   5.555551e-05   0.000000e+00   7.622196e-06   120
  8.535003e-02   3.554050e-04   6.122527e-05   1.387183e-04   350
  8.566942e-02   2.470606e-04   1.007886e-04   4.109064e-05   384
  8.586029e-02   5.445832e-04   0.000000e+00   8.843672e-05   144
  8.621146e-02   1.212057e-04   1.211015e-09   1.670127e-05   288
  8.639482e-02   1.997187e-04   5.769264e-05   2.879890e-05   336
  8.664426e-02   4.956776e-05   5.252436e-05   4.846825e-06   168
  8.679359e-02   1.257200e-04   3.442699e-09   1.639971e-05   336
  8.710244e-02   7.744411e-05   5.451716e-05   8.694750e-06   288
  8.728795e-02   1.838609e-04   5.136910e-05   2.793332e-05   264
  8.760206e-02   1.069732e-04   0.000000e+00   1.878235e-05   240
  8.771695e-02   4.537983e-05   0.000000e+00   4.862556e-06   96
  8.812928e-02   1.008055e-04   6.985852e-05   1.223337e-05   360
  8.832172e-02   1.271815e-04   5.149772e-05   1.720422e-05   168
  8.856486e-02   6.226625e-05   5.613787e-05   4.868330e-06   456
  8.885766e-02   4.333721e-05   1.614687e-09   4.878206e-06   108
  8.902234e-02   5.679033e-05   5.632711e-05   8.680668e-06   264
  8.922780e-02   6.112518e-05   5.025296e-05   8.447035e-06   264
  8.950914e-02   6.276171e-05   4.742099e-05   5.465378e-06   312
  8.985946e-02   3.156784e-03   3.523897e-05   1.620590e-03   270
  9.000628e-02   2.570046e-04   4.474031e-05   5.135338e-05   240
  9.027023e-02   2.737104e-04   5.534940e-05   3.632992e-05   384
  9.043048e-02   6.046851e-05   1.816523e-09   5.935396e-06   192
  9.074177e-02   1.441214e-04   4.441052e-05   2.126625e-05   240
  9.092233e-02   1.829147e-04   5.480976e-05   2.723482e-05   336
  9.126190e-02   1.145014e-04   5.517650e-05   1.479554e-05   480
  9.153738e-02   2.249301e-04   1.211015e-09   6.518991e-05   72
  9.169127e-02   1.805744e-04   5.380211e-05   2.980500e-05   240
  9.190057e-02   6.410983e-05   5.056661e-05   8.791313e-06   312
  9.214050e-02   3.636399e-05   5.465037e-05   2.816374e-06   240
  9.250305e-02   9.282356e-05   4.152014e-05   9.521557e-06   408
  9.264658e-02   9.539340e-05   3.802244e-05   9.919197e-06   336
  9.292709e-02   8.412523e-05   4.827913e-05   1.031040e-05   264
  9.306493e-02   1.980355e-05   0.000000e+00   1.806664e-06   144
  9.344847e-02   5.647906e-05   6.691774e-05   4.589623e-06   464
  9.365053e-02   4.383265e-05   5.321333e-05   5.152561e-06   168
  9.385003e-02   4.982215e-05   4.846574e-05   4.874342e-06   336
  9.421059e-02   2.503885e-04   5.092274e-05   1.136466e-04   414
  9.441384e-02   2.804469e-04   5.300755e-05   6.368958e-05   216
  9.467424e-02   4.166244e-04   1.284475e-09   7.749515e-05   96
  9.478056e-02   2.170939e-04   3.146309e-09   3.546522e-05   384
  9.515300e-02   1.056526e-04   5.290514e-05   1.211599e-05   492
  9.535260e-02   2.506520e-04   5.173669e-05   4.057060e-05   240
  9.557820e-02   1.274731e-04   5.253086e-05   1.946404e-05   312
  9.588974e-02   6.416150e-05   5.251357e-05   1.330653e-05   192
  9.608709e-02   9.523533e-05   5.089201e-05   1.152806e-05   504
  9.634892e-02   7.551025e-05   3.369138e-05   1.136853e-05   408
  9.655507e-02   2.228897e-05   1.032177e-04   1.881923e-06   168
  9.681304e-02   1.311428e-04   4.902931e-05   1.406174e-05   288
  9.702952e-02   8.925372e-05   5.116628e-05   1.159936e-05   288
  9.725127e-02   4.821164e-05   5.146081e-05   4.809478e-06   432
  9.757291e-02   7.206515e-05   4.866478e-05   8.621043e-06   216
  9.774479e-02   4.636485e-05   4.856211e-05   5.071936e-06   360
  9.805077e-02   4.986959e-05   4.739615e-05   4.718168e-06   312
  9.832692e-02   3.802348e-05   0.000000e+00   5.552005e-06   48
  9.848611e-02   5.387224e-05   5.081550e-05   4.791181e-06   432
  9.877120e-02   6.517075e-04   8.476078e-05   2.722884e-04   414
  9.893956e-02   1.507854e-04   1.936190e-09   2.632624e-05   312
  9.925365e-02   2.572791e-04   7.437288e-05   3.502607e-05   528
  9.946561e-02   6.158422e-05   3.903945e-05   6.757487e-06   264
  9.972025e-02   2.174823e-04   4.629008e-05   3.154299e-05   480
  1.000530e-01   9.807200e-05   0.000000e+00   1.543578e-05   288
  1.001967e-01   3.681789e-05   4.973726e-05   4.260309e-06   168
  1.004595e-01   1.352279e-04   7.873394e-05   1.438600e-05   504
  1.007551e-01   1.075084e-04   1.211015e-09   1.491334e-05   144
  1.009411e-01   3.490422e-05   5.056606e-05   2.001352e-06   464
  1.012205e-01   6.180095e-05   7.420855e-05   5.571269e-06   432
  1.013531e-01   1.021205e-04   1.284475e-09   1.567854e-05   192
  1.016957e-01   6.243158e-05   5.501332e-05   6.853368e-06   396
  1.018981e-01   4.520212e-05   4.941713e-05   6.385545e-06   288
  1.021026e-01   4.627665e-05   4.881567e-05   5.241603e-06   336
  1.024293e-01   5.755782e-05   3.091107e-05   5.987126e-06   432
  1.026367e-01   4.347899e-05   8.011717e-05   3.630836e-06   360
  1.028695e-01   3.667415e-05   4.739049e-05   2.727136e-06   384
  1.032001e-01   4.421921e-04   4.183121e-05   2.283451e-04   198
  1.033594e-01   1.255546e-04   4.754848e-05   2.306035e-05   552
  1.036565e-01   2.897659e-04   6.656461e-05   3.779477e-05   432
  1.039045e-01   4.876300e-05   2.542602e-09   5.821592e-06   168
  1.041126e-01   1.746933e-04   8.251578e-05   2.062012e-05   480
  1.043880e-01   2.976712e-05   0.000000e+00   2.441319e-06   120
  1.045119e-01   9.552216e-05   6.739531e-05   1.445114e-05   336
  1.048143e-01   6.842012e-05   4.754634e-05   7.842792e-06   672
  1.051134e-01   1.024302e-04   6.916265e-05   1.373008e-05   528
  1.052527e-01   1.995224e-05   2.076026e-09   1.790483e-06   168
  1.055745e-01   7.190053e-05   7.715047e-05   8.986996e-06   456
  1.057708e-01   1.152161e-04   4.711644e-05   1.356434e-05   168
  1.059747e-01   4.319986e-05   4.703185e-05   3.780799e-06   504
  1.063135e-01   3.874862e-05   6.052278e-05   6.769616e-06   336
  1.065184e-01   4.994401e-05   4.362976e-05   6.903228e-06   312
  1.067457e-01   4.260632e-05   4.262923e-05   3.910545e-06   504
  1.070448e-01   3.457604e-05   2.957734e-05   2.573478e-06   432
  1.071854e-01   2.845712e-05   4.570679e-05   3.078227e-06   312
  1.074777e-01   3.691125e-05   4.685168e-05   3.053881e-06   384
  1.077830e-01   5.472722e-03   3.980594e-05   2.814238e-03   126
  1.079714e-01   1.662079e-04   6.988975e-05   2.510694e-05   492
  1.082121e-01   1.621503e-04   4.476446e-05   2.099554e-05   528
  1.085129e-01   6.794629e-05   4.547108e-05   9.814937e-06   480
  1.086993e-01   1.118740e-04   6.281804e-05   1.844172e-05   432
  1.089692e-01   7.916163e-05   4.939807e-05   1.283136e-05   440
  1.092826e-01   1.525315e-04   2.456546e-05   2.445059e-05   312
  1.094002e-01   4.302160e-05   3.681340e-05   4.307310e-06   480
  1.096414e-01   5.065763e-05   7.207992e-05   6.713631e-06   408
  1.099939e-01   7.848944e-05   4.316772e-05   9.654936e-06   360
  1.101428e-01   6.417210e-05   4.165528e-05   7.716931e-06   408
  1.104187e-01   4.504781e-05   4.238952e-05   5.772902e-06   456
  1.107295e-01   4.912264e-05   4.051394e-05   6.328682e-06   264
  1.109019e-01   4.248100e-05   4.396779e-05   3.657369e-06   384
  1.111530e-01   3.719227e-05   7.402287e-05   2.792583e-06   672
  1.114432e-01   7.155210e-05   4.427524e-05   8.025873e-06   240
  1.116107e-01   2.747050e-05   4.492830e-05   2.274174e-06   264
  1.118470e-01   2.228565e-05   5.541164e-05   1.723001e-06   624
  1.121997e-01   4.002143e-04   0.000000e+00   2.330967e-04   150
  1.123253e-01   1.030546e-04   6.209312e-05   1.791697e-05   600
  1.125901e-01   1.440823e-04   4.285507e-05   1.788354e-05   672
  1.128900e-01   4.726411e-05   4.030821e-05   6.486766e-06   336
  1.130571e-01   1.550904e-04   4.384359e-05   2.237233e-05   408
  1.133240e-01   7.778682e-05   4.374031e-05   1.290702e-05   408
  1.136209e-01   5.464963e-05   2.211745e-05   6.168451e-06   360
  1.138039e-01   7.250298e-05   8.120816e-05   8.194532e-06   456
  1.140250e-01   5.814632e-05   4.416149e-05   1.025290e-05   384
  1.143063e-01   2.091154e-05   4.076666e-05   1.782322e-06   348
  1.144584e-01   7.388505e-05   5.025723e-05   7.491494e-06   576
  1.147440e-01   3.748099e-05   4.138022e-05   3.632698e-06   504
  1.150362e-01   3.224127e-05   5.836440e-05   3.378891e-06   432
  1.152912e-01   3.629950e-05   7.940448e-05   2.801688e-06   576
  1.154731e-01   2.643131e-05   0.000000e+00   2.712965e-06   264
  1.157616e-01   3.211820e-05   6.318613e-05   2.416449e-06   768
  1.160125e-01   1.439036e-05   8.506861e-05   9.328826e-07   240
  1.162120e-01   3.924229e-05   7.502246e-05   5.538174e-06   192
  1.165026e-01   2.204910e-05   5.522570e-05   1.444767e-06   504
  1.167181e-01   3.092988e-04   7.441870e-05   1.170500e-04   590
  1.169248e-01   1.507401e-04   8.338208e-05   2.177911e-05   384
  1.171839e-01   1.465289e-04   6.968286e-05   2.437314e-05   504
  1.174968e-01   1.175597e-04   6.705897e-05   1.822449e-05   648
  1.178003e-01   4.362810e-05   1.821233e-05   5.865643e-06   504
  1.179227e-01   2.826198e-05   4.154576e-05   2.330089e-06   312
  1.181387e-01   8.630558e-05   5.985722e-05   8.961827e-06   576
  1.184353e-01   5.731588e-05   4.165498e-05   7.674350e-06   240
  1.186082e-01   2.100022e-05   4.209035e-05   1.179484e-06   552
  1.188529e-01   5.363352e-05   3.952187e-05   4.872080e-06   600
  1.192015e-01   3.542205e-05   4.827284e-05   3.660147e-06   600
  1.194111e-01   3.220632e-05   7.730513e-05   3.995455e-06   312
  1.196198e-01   4.127396e-05   6.732512e-05   3.574094e-06   480
  1.198806e-01   3.035501e-05   4.200441e-05   3.514757e-06   576
  1.201101e-01   3.697786e-05   6.763622e-05   3.130289e-06   408
  1.203138e-01   1.282233e-05   7.890077e-05   9.873963e-07   216
  1.205770e-01   2.813647e-05   6.042911e-05   3.288751e-06   516
  1.208589e-01   2.389008e-05   5.765552e-05   1.812115e-06   744
  1.211498e-01   1.189220e-04   3.850879e-05   4.997758e-05   462
  1.213141e-01   1.004162e-04   3.913862e-05   1.803502e-05   432
  1.215691e-01   1.269185e-04   3.630965e-05   1.695988e-05   648
  1.218688e-01   5.468018e-05   5.312777e-05   7.887177e-06   528
  1.221096e-01   6.205541e-05   6.397910e-05   8.033615e-06   600
  1.223502e-01   8.366765e-05   8.066092e-05   1.116932e-05   240
  1.225832e-01   5.538805e-05   6.178548e-05   6.820785e-06   720
  1.228540e-01   3.661681e-05   4.888350e-05   4.252682e-06   720
  1.231542e-01   1.171394e-05   0.000000e+00   1.213427e-06   144
  1.233122e-01   4.673086e-05   6.302546e-05   4.051384e-06   720
  1.235369e-01   3.602999e-05   3.779131e-05   4.139349e-06   384
  1.238183e-01   2.491542e-05   4.189367e-05   2.477984e-06   672
  1.240853e-01   3.491366e-05   7.335120e-05   4.147143e-06   336
  1.242128e-01   3.789291e-05   0.000000e+00   5.191355e-06   288
  1.245250e-01   1.974221e-05   5.805257e-05   1.349377e-06   776
  1.248140e-01   1.878323e-05   4.967278e-05   1.179497e-06   720
  1.250567e-01   1.656020e-05   4.001507e-05   1.118927e-06   432
  1.252509e-01   2.560617e-05   5.704653e-05   2.014021e-06   504
  1.254668e-01   3.281106e-05   3.996919e-05   3.813115e-06   528
  1.257690e-01   7.154887e-04   5.445569e-05   3.364258e-04   438
  1.260177e-01   8.674212e-05   6.338144e-05   1.105319e-05   624
  1.262050e-01   3.698242e-05   7.763371e-05   6.916918e-06   312
  1.264626e-01   6.329905e-05   4.182709e-05   6.863065e-06   696
  1.267289e-01   4.412747e-05   3.784594e-05   6.151521e-06   552
  1.270059e-01   5.277780e-05   2.928013e-05   8.325148e-06   516
  1.271773e-01   3.984269e-05   5.848486e-05   4.427009e-06   528
  1.273859e-01   1.176607e-05   3.803430e-05   7.995584e-07   528
  1.276822e-01   3.830573e-05   5.015953e-05   3.500780e-06   864
  1.278834e-01   3.847891e-05   6.870823e-05   4.273851e-06   408
  1.280847e-01   4.254812e-05   6.807282e-05   7.225015e-06   192
  1.283701e-01   2.002175e-05   5.633353e-05   1.681980e-06   720
  1.286110e-01   2.383551e-05   5.194228e-05   1.966384e-06   696
  1.288973e-01   2.387623e-05   5.609815e-05   1.851079e-06   720
  1.291592e-01   2.334587e-05   7.603431e-05   2.331814e-06   432
  1.293119e-01   1.556884e-05   4.475677e-05   1.292650e-06   264
  1.295867e-01   2.083614e-05   6.180712e-05   1.303079e-06   672
  1.298325e-01   2.270009e-05   6.328100e-05   2.023144e-06   600
  1.301242e-01   6.658292e-05   3.705096e-05   3.654045e-05   270
  1.302712e-01   5.256613e-05   5.577202e-05   8.975052e-06   528
  1.305049e-01   6.297766e-05   3.819070e-05   8.046123e-06   840
  1.308254e-01   5.084852e-05   7.302747e-05   5.428528e-06   888
  1.311216e-01   2.746859e-05   5.441084e-05   3.173131e-06   744
  1.313718e-01   2.607519e-05   2.795923e-05   3.061847e-06   456
  1.314963e-01   4.522245e-05   3.820801e-05   4.402377e-06   360
  1.317093e-01   3.440601e-05   3.310510e-05   5.962393e-06   384
  1.320361e-01   2.403182e-05   5.310026e-05   2.151638e-06   816
  1.322813e-01   3.072044e-05   7.704106e-05   2.950719e-06   824
  1.325794e-01   1.869377e-05   3.581235e-05   1.857236e-06   360
  1.327390e-01   2.081300e-05   5.284558e-05   1.401563e-06   624
  1.329587e-01   2.277978e-05   3.571018e-05   1.978170e-06   360
  1.332513e-01   2.011480e-05   4.857633e-05   1.618598e-06   876
  1.335156e-01   1.531707e-05   5.769416e-05   9.898975e-07   696
  1.337821e-01   1.398944e-05   3.725510e-05   1.220812e-06   336
  1.339218e-01   1.806082e-05   3.721324e-05   1.306732e-06   504
  1.341526e-01   1.937706e-05   3.753571e-05   1.588737e-06   672
  1.344950e-01   1.525705e-05   7.472486e-05   9.882989e-07   720
  1.347324e-01   8.252532e-05   5.644666e-05   1.798152e-05   774
  1.349945e-01   1.103568e-04   3.230860e-05   1.620152e-05   384
  1.351318e-01   2.340115e-05   6.217562e-05   1.958055e-06   528
  1.353448e-01   4.556558e-05   5.925683e-05   7.287613e-06   744
  1.356875e-01   2.326755e-05   4.887432e-05   1.853056e-06   768
  1.359150e-01   3.470340e-05   5.486510e-05   3.768516e-06   552
  1.361989e-01   1.804013e-05   5.979675e-05   1.445009e-06   696
  1.364100e-01   3.204388e-05   7.266345e-05   3.209962e-06   408
  1.365777e-01   2.200544e-05   3.139119e-05   2.024934e-06   504
  1.368434e-01   1.888703e-05   5.639309e-05   1.633319e-06   888
  1.371049e-01   1.897585e-05   5.860872e-05   1.768153e-06   648
  1.373767e-01   2.455207e-05   5.810635e-05   2.531980e-06   648
  1.376324e-01   1.822925e-05   6.265289e-05   1.320215e-06   792
  1.379033e-01   1.541801e-05   9.166547e-05   1.676064e-06   600
  1.381028e-01   1.045928e-05   6.212242e-05   6.877503e-07   456
  1.383129e-01   1.680986e-05   3.027582e-05   1.465770e-06   648
  1.385828e-01   1.494995e-05   5.904226e-05   9.703978e-07   936
  1.388741e-01   1.846635e-05   3.625955e-05   1.941176e-06   384
  1.391277e-01   3.270945e-05   0.000000e+00   8.973265e-06   198
  1.393234e-01   3.560881e-05   9.199360e-05   3.978625e-06   1224
  1.395345e-01   6.191050e-05   6.699966e-05   1.148631e-05   420
  1.397842e-01   3.500388e-05   6.484166e-05   3.669038e-06   792
  1.400283e-01   2.006038e-05   5.361851e-05   1.928433e-06   680
  1.403069e-01   2.563621e-05   4.923504e-05   3.013637e-06   600
  1.405311e-01   2.436040e-05   7.140431e-05   2.459132e-06   840
  1.408304e-01   1.526503e-05   3.371380e-05   1.348768e-06   432
  1.409448e-01   2.392526e-05   3.159427e-05   2.230233e-06   720
  1.411934e-01   1.810204e-05   6.327780e-05   1.663958e-06   960
  1.415027e-01   1.739765e-05   5.640753e-05   1.654499e-06   528
  1.417288e-01   1.789000e-05   5.765925e-05   1.666366e-06   624
  1.419978e-01   1.588111e-05   4.531978e-05   1.225673e-06   816
  1.422648e-01   1.495137e-05   7.452934e-05   9.037154e-07   696
  1.425599e-01   9.448431e-06   4.110321e-09   6.785191e-07   240
  1.426709e-01   1.369162e-05   4.395173e-05   9.717967e-07   672
  1.429185e-01   1.845107e-05   7.854802e-05   1.925605e-06   864
  1.431964e-01   1.103261e-05   6.027286e-05   7.602134e-07   816
  1.434467e-01   1.067173e-05   3.449810e-05   6.396075e-07   648
  1.437164e-01   2.505368e-05   3.526335e-05   2.572965e-06   843
  1.439454e-01   2.346197e-05   6.344743e-05   3.272800e-06   780
  1.442182e-01   2.465732e-05   3.404471e-05   6.433728e-06   216
  1.443865e-01   2.013977e-05   8.209510e-05   2.172333e-06   1056
  1.446454e-01   9.543933e-06   6.716301e-05   1.276812e-06   228
  1.448850e-01   2.017514e-05   8.361962e-05   1.866258e-06   924
  1.451311e-01   1.216229e-05   3.101819e-05   7.008925e-07   696
  1.453916e-01   1.620907e-05   5.520350e-05   1.581275e-06   996
  1.456581e-01   1.256122e-05   3.259105e-05   1.756184e-06   576
  1.459354e-01   1.637369e-05   5.030212e-05   2.663703e-06   552
  1.461376e-01   1.830508e-05   6.005898e-05   1.834096e-06   516
  1.463427e-01   1.252022e-05   8.733821e-05   1.022885e-06   744
  1.465771e-01   8.010964e-06   4.284460e-05   6.168020e-07   576
  1.467810e-01   1.104448e-05   4.409794e-05   8.959271e-07   792
  1.470708e-01   1.258343e-05   5.041212e-05   8.273014e-07   792
  1.472831e-01   1.290586e-05   5.436894e-05   1.178278e-06   720
  1.475703e-01   9.222705e-06   6.196809e-05   6.671069e-07   656
  1.478394e-01   8.344898e-06   6.766594e-05   5.192047e-07   816
  1.481153e-01   1.033455e-05   3.648433e-05   1.181424e-06   492
  1.482721e-01   1.143760e-05   5.248529e-05   9.782106e-07   552
  1.485663e-01   7.844112e-06   9.126553e-05   4.655629e-07   780
  1.487575e-01   7.709535e-06   5.606333e-05   5.097143e-07   528
  1.489634e-01   7.263478e-06   6.544296e-05   5.472258e-07   600
  1.492669e-01   1.024346e-05   5.438828e-05   5.822349e-07   900
  1.494760e-01   9.181718e-06   3.011028e-05   6.698260e-07   696
  1.497638e-01   8.138439e-06   7.613501e-05   6.473001e-07   696
  1.500423e-01   6.791473e-06   3.088725e-05   3.895086e-07   552
  1.502764e-01   7.288767e-06   3.591902e-05   3.887955e-07   708
  1.505217e-01   7.242853e-06   5.930435e-05   4.065927e-07   876
  1.507769e-01   1.002682e-05   3.148943e-05   1.615636e-06   216
  1.509481e-01   8.870994e-06   8.612787e-05   4.392876e-07   1032
  1.512046e-01   6.928218e-06   9.589387e-05   5.394671e-07   600
  1.514708e-01   5.614567e-06   4.575699e-05   3.485595e-07   600
  1.516739e-01   7.092937e-06   8.080257e-05   5.121212e-07   528
  1.519139e-01   7.523038e-06   4.435707e-05   3.975755e-07   732
  1.521668e-01   8.354950e-06   3.275367e-05   8.513330e-07   336
  1.524578e-01   5.907198e-06   4.668048e-05   3.111626e-07   912
  1.526754e-01   4.413481e-06   4.685305e-05   2.053332e-07   624
  1.529130e-01   5.926726e-06   3.948208e-05   2.979648e-07   768
  1.531905e-01   5.588974e-06   7.123345e-05   2.487010e-07   792
  1.534628e-01   6.556106e-06   3.531461e-05   5.214201e-07   660
  1.536565e-01   6.286800e-06   5.204174e-05   3.679321e-07   504
  1.538569e-01   5.143772e-06   8.502625e-05   3.307804e-07   480
  1.541572e-01   4.806129e-06   7.863820e-05   1.903177e-07   912
  1.543923e-01   5.518277e-06   8.757583e-05   3.252602e-07   432
  1.546144e-01   5.627582e-06   5.200047e-05   3.137913e-07   564
  1.548116e-01   5.234209e-06   4.977161e-05   2.344286e-07   600
  1.550891e-01   6.837175e-06   6.937691e-05   3.301558e-07   876
  1.552976e-01   5.295952e-06   3.119395e-05   3.701584e-07   264
  1.555851e-01   4.883237e-06   6.052853e-05   3.116417e-07   560
  1.558161e-01   4.958825e-06   4.113044e-05   2.401137e-07   840
  1.560965e-01   4.276665e-06   6.341128e-05   1.756720e-07   1008
  1.563558e-01   3.415892e-06   2.836595e-05   1.697983e-07   456
  1.565927e-01   5.437225e-06   3.674408e-05   3.193223e-07   576
  1.568116e-01   5.179797e-06   5.646120e-05   2.528091e-07   612
  1.571003e-01   5.306708e-06   5.042901e-05   2.986303e-07   780
  1.573359e-01   4.478471e-06   5.778934e-05   2.245725e-07   648
  1.575770e-01   4.686761e-06   2.693058e-05   2.931151e-07   312
  1.577311e-01   4.465205e-06   6.842617e-05   2.885942e-07   528
  1.579980e-01   3.906629e-06   8.936117e-05   1.669428e-07   720
  1.582533e-01   4.753549e-06   8.964102e-05   3.052253e-07   576
  1.585628e-01   4.247498e-06   7.732694e-05   2.540138e-07   444
  1.587554e-01   4.788868e-06   7.583279e-05   1.958969e-07   996
  1.589914e-01   3.802057e-06   6.334320e-05   2.880291e-07   432
  1.592145e-01   4.580810e-06   6.934834e-05   2.511344e-07   504
  1.594071e-01   3.861841e-06   3.126589e-05   1.884236e-07   504
  1.596815e-01   4.172182e-06   6.153164e-05   1.822401e-07   876
  1.599297e-01   3.710332e-06   7.081706e-05   2.187364e-07   504
  1.601882e-01   3.514578e-06   4.516342e-05   1.769981e-07   696
  1.604019e-01   3.673965e-06   3.860998e-05   1.959783e-07   492
  1.606926e-01   3.416182e-06   5.527206e-05   2.051607e-07   432
  1.609079e-01   3.771270e-06   5.175622e-05   1.529132e-07   768
  1.611631e-01   3.576706e-06   6.446933e-05   1.573604e-07   648
  1.614068e-01   2.889940e-06   4.205932e-05   1.578694e-07   456
  1.616868e-01   3.588248e-06   5.783839e-05   1.873816e-07   552
  1.618813e-01   3.187256e-06   3.964248e-05   1.267590e-07   648
  1.621489e-01   3.321223e-06   6.461501e-05   1.639509e-07   840
  1.624104e-01   3.416679e-06   3.081354e-05   2.113278e-07   432
  1.626721e-01   3.550386e-06   3.774132e-05   1.702698e-07   600
  1.628542e-01   3.733386e-06   4.021090e-05   2.194691e-07   432
  1.631600e-01   3.556082e-06   4.003387e-05   1.682113e-07   560
  1.633670e-01   3.258297e-06   6.336941e-05   1.991157e-07   840
  1.636263e-01   3.532732e-06   3.753463e-05   2.320316e-07   504
  1.638323e-01   2.874172e-06   7.660593e-05   1.260065e-07   696
  1.641226e-01   3.977369e-06   4.183943e-05   2.704874e-07   384
  1.643487e-01   2.603281e-06   6.128984e-05   1.292593e-07   576
  1.646222e-01   2.113644e-06   3.782503e-05   1.153520e-07   360
  1.648426e-01   3.090547e-06   5.633064e-05   1.360114e-07   828
  1.650804e-01   2.944805e-06   5.017290e-05   1.875542e-07   372
  1.652983e-01   2.526088e-06   7.662364e-05   1.437424e-07   576
  1.655869e-01   3.279761e-06   3.208989e-05   1.660501e-07   636
  1.657926e-01   2.748737e-06   6.186102e-05   1.168406e-07   648
  1.660708e-01   2.421674e-06   5.028625e-05   1.500218e-07   576
  1.662705e-01   2.443842e-06   8.111703e-05   1.221477e-07   528
  1.665361e-01   2.695283e-06   3.468088e-05   1.672648e-07   360
  1.667559e-01   2.644495e-06   7.977902e-05   1.354424e-07   672
  1.670430e-01   2.700739e-06   4.086413e-05   1.124326e-07   804
  1.672819e-01   2.550769e-06   4.507802e-05   1.764899e-07   408
  1.675462e-01   3.020174e-06   2.786312e-05   2.152607e-07   384
  1.677241e-01   2.146305e-06   6.376152e-05   1.244182e-07   480
  1.679752e-01   2.391291e-06   4.119929e-05   1.320474e-07   432
  1.682159e-01   2.793696e-06   7.592150e-05   1.443821e-07   648
  1.685009e-01   2.397745e-06   4.710893e-05   1.133906e-07   624
  1.687093e-01   2.490497e-06   4.284955e-05   1.699549e-07   456
  1.689940e-01   1.982741e-06   5.853629e-05   9.229711e-08   588
  1.691847e-01   2.054533e-06   3.734591e-05   1.061206e-07   600
  1.694632e-01   2.050190e-06   5.825046e-05   1.471846e-07   708
  1.696832e-01   2.497556e-06   3.669667e-05   1.441871e-07   360
  1.699263e-01   2.545699e-06   4.218379e-05   1.430393e-07   552
  1.701593e-01   2.192777e-06   2.959293e-05   1.783988e-07   288
  1.703959e-01   1.921730e-06   5.564280e-05   8.933429e-08   528
  1.706182e-01   2.511576e-06   3.753920e-05   1.503648e-07   456
  1.708665e-01   2.266716e-06   6.656515e-05   1.118284e-07   608
  1.711163e-01   1.860060e-06   3.220496e-05   1.134511e-07   504
  1.713892e-01   1.454315e-06   6.914223e-05   7.723096e-08   540
  1.716032e-01   2.092752e-06   7.422222e-05   1.269725e-07   360
  1.718339e-01   2.254993e-06   3.361162e-05   1.374842e-07   540
  1.720380e-01   1.621282e-06   2.885957e-05   8.004768e-08   576
  1.723347e-01   1.973129e-06   6.691555e-05   1.028707e-07   588
  1.726168e-01   1.886667e-06   9.232326e-05   9.157173e-08   672
  1.728592e-01   2.251378e-06   7.056345e-05   1.268824e-07   552
  1.730545e-01   1.800203e-06   7.059913e-05   1.416337e-07   144
  1.733038e-01   2.353269e-06   5.998121e-05   1.287367e-07   600
  1.735402e-01   1.594203e-06   7.516955e-05   6.878881e-08   504
  1.738025e-01   1.732082e-06   7.721430e-05   1.195855e-07   336
  1.740784e-01   1.888768e-06   8.678922e-05   9.270381e-08   600
  1.743256e-01   1.596734e-06   5.601092e-05   8.626562e-08   636
  1.745923e-01   1.583565e-06   4.503329e-05   9.815834e-08   384
  1.747793e-01   1.777014e-06   6.281612e-05   9.835221e-08   504
  1.750488e-01   1.490234e-06   2.636304e-05   1.001690e-07   240
  1.752616e-01   1.666086e-06   6.193054e-05   7.144975e-08   744
  1.755168e-01   1.362801e-06   4.228914e-05   6.205693e-08   648
  1.757436e-01   2.027170e-06   2.807279e-05   2.400680e-07   120
  1.760095e-01   1.527078e-06   4.409871e-05   7.927774e-08   564
  1.762103e-01   1.357102e-06   6.925969e-05   7.271915e-08   432
  1.764784e-01   1.652094e-06   5.375921e-05   1.029165e-07   480
  1.766803e-01   1.083559e-06   3.956814e-05   6.247044e-08   456
  1.769186e-01   1.374183e-06   6.547942e-05   8.676108e-08   444
  1.771890e-01   1.278658e-06   1.001870e-04   6.167160e-08   528
  1.774266e-01   1.444369e-06   7.440679e-05   1.449895e-07   264
  1.776571e-01   1.581674e-06   7.625589e-05   1.152967e-07   444
  1.779672e-01   1.253000e-06   8.352712e-05   4.763834e-08   696
  1.782246e-01   1.370765e-06   4.467309e-05   7.891692e-08   384
  1.784129e-01   1.132539e-06   5.644820e-05   5.954039e-08   432
  1.787057e-01   1.351846e-06   3.900306e-05   8.458639e-08   488
  1.788958e-01   1.388469e-06   5.878247e-05   7.996536e-08   480
  1.791714e-01   9.974391e-07   6.555462e-05   5.190044e-08   480
  1.793849e-01   1.671246e-06   2.750471e-05   1.676678e-07   240
  1.796272e-01   1.306785e-06   6.424882e-05   6.539074e-08   600
  1.798559e-01   1.196581e-06   5.598627e-05   8.975521e-08   288
  1.800993e-01   1.216658e-06   5.385469e-05   6.207453e-08   480
  1.803458e-01   1.016135e-06   9.579788e-05   6.098484e-08   504
  1.805885e-01   1.382148e-06   4.110325e-05   9.342730e-08   216
  1.808981e-01   1.005702e-06   6.729256e-05   5.331808e-08   504
  1.811392e-01   9.392731e-07   5.412370e-05   5.317351e-08   456
  1.814031e-01   1.180972e-06   3.104087e-05   7.791249e-08   384
  1.815779e-01   1.106431e-06   6.300174e-05   6.873197e-08   480
  1.818262e-01   9.489803e-07   5.532259e-05   5.138709e-08   504
  1.820564e-01   1.088732e-06   3.509319e-05   9.663443e-08   312
  1.823043e-01   1.044342e-06   5.655148e-05   5.328193e-08   492
  1.825238e-01   9.886334e-07   5.300385e-05   6.698005e-08   312
  1.828064e-01   8.422019e-07   8.610055e-05   4.434271e-08   576
  1.830551e-01   8.568066e-07   7.947777e-05   6.079800e-08   336
  1.832617e-01   5.817534e-07   6.119421e-05   3.811747e-08   240
  1.835481e-01   8.917622e-07   8.112802e-05   5.882384e-08   468
  1.837954e-01   9.751072e-07   5.079787e-05   1.030369e-07   192
  1.840542e-01   9.460480e-07   5.094927e-05   7.115442e-08   324
  1.842439e-01   8.233462e-07   3.697814e-05   3.732237e-08   600
  1.845024e-01   8.382500e-07   5.999324e-05   4.654871e-08   456
  1.846943e-01   7.401627e-07   2.698496e-05   4.461225e-08   336
  1.850125e-01   8.480152e-07   8.080061e-05   4.547881e-08   612
  1.852440e-01   9.714507e-07   6.781139e-05   1.479751e-07   144
  1.854629e-01   8.250860e-07   7.915330e-05   3.867560e-08   552
  1.857606e-01   5.795564e-07   3.117154e-05   3.973311e-08   264
  1.859288e-01   7.950068e-07   7.217008e-05   5.333731e-08   336
  1.861941e-01   8.846130e-07   4.768752e-05   7.261338e-08   384
  1.864242e-01   9.250792e-07   2.684336e-05   9.356837e-08   216
  1.866789e-01   5.074347e-07   5.691346e-05   4.040894e-08   344
  1.869112e-01   6.037785e-07   8.491756e-05   3.870023e-08   408
  1.871942e-01   5.955565e-07   6.525361e-05   3.873475e-08   264
  1.874450e-01   7.284739e-07   9.096676e-05   3.437837e-08   612
  1.876956e-01   7.814293e-07   4.681845e-05   4.368972e-08   408
  1.879533e-01   5.988896e-07   4.688574e-05   3.652223e-08   444
  1.881426e-01   1.046611e-06   2.622284e-05   1.055983e-07   120
  1.883963e-01   6.866146e-07   7.244892e-05   4.440271e-08   336
  1.885846e-01   4.846309e-07   2.517571e-05   2.944276e-08   288
  1.888390e-01   6.021914e-07   7.834725e-05   3.302686e-08   552
  1.891889e-01   4.887182e-07   0.000000e+00   6.941296e-08   72
  1.893687e-01   5.229160e-07   7.781878e-05   2.909474e-08   504
  1.895788e-01   4.838491e-07   2.504133e-05   4.493216e-08   216
  1.898511e-01   5.647335e-07   4.470956e-05   6.060456e-08   312
  1.900954e-01   3.699418e-07   5.090887e-05   2.539377e-08   336
  1.903283e-01   4.537714e-07   7.056539e-05   3.688951e-08   204
  1.905603e-01   4.861561e-07   8.200772e-05   2.560141e-08   504
  1.908063e-01   5.690916e-07   7.809491e-05   3.519065e-08   396
  1.910429e-01   5.451332e-07   7.161711e-05   3.366624e-08   312
  1.913297e-01   7.717320e-07   4.376572e-05   6.217617e-08   216
  1.915318e-01   3.704093e-07   2.375249e-05   2.874141e-08   168
  1.917774e-01   4.570146e-07   5.997637e-05   2.277829e-08   588
  1.920576e-01   4.458186e-07   8.141090e-05   5.011847e-08   240
  1.922754e-01   4.292133e-07   7.189946e-05   3.711493e-08   264
  1.925307e-01   3.940620e-07   8.891848e-05   3.375456e-08   288
  1.927573e-01   3.557357e-07   4.440219e-05   3.718303e-08   288
  1.930444e-01   4.133053e-07   4.170072e-05   2.700020e-08   288
  1.932378e-01   3.008308e-07   4.830681e-05   2.568087e-08   192
  1.934810e-01   3.207991e-07   5.140329e-05   3.627397e-08   264
  1.937128e-01   4.932757e-07   8.455129e-05   2.959467e-08   372
  1.939621e-01   5.051635e-07   9.131904e-05   3.054301e-08   360
  1.942665e-01   5.474032e-07   3.864708e-05   5.883476e-08   144
  1.944239e-01   3.249932e-07   5.367910e-05   2.425460e-08   296
  1.946722e-01   2.905118e-07   5.783646e-05   1.974748e-08   288
  1.949565e-01   3.074715e-07   8.643513e-05   1.773197e-08   480
  1.952017e-01   3.151988e-07   7.181934e-05   2.920709e-08   192
  1.954402e-01   4.909657e-07   7.703604e-05   3.908384e-08   192
  1.956569e-01   2.858416e-07   4.909597e-05   2.018241e-08   288
  1.959584e-01   2.642216e-07   4.273737e-05   2.719362e-08   108
  1.961102e-01   2.965324e-07   4.108675e-05   2.564353e-08   240
  1.963784e-01   2.251293e-07   7.664829e-05   1.481901e-08   384
  1.966538e-01   3.708626e-07   9.350223e-05   4.563254e-08   108
  1.968974e-01   4.201837e-07   5.482209e-05   2.658875e-08   348
  1.971535e-01   2.223688e-07   5.721449e-05   1.782544e-08   312
  1.973823e-01   2.389819e-07   5.559587e-05   3.454758e-08   96
  1.975926e-01   2.268236e-07   7.401586e-05   1.207039e-08   384
  1.978282e-01   2.742844e-07   5.090793e-05   2.320498e-08   144
  1.980586e-01   2.921184e-07   7.822228e-05   1.659751e-08   408
  1.983451e-01   2.273547e-07   3.489266e-05   2.119178e-08   144
  1.986157e-01   2.910787e-07   6.708152e-05   3.048318e-08   192
  1.987762e-01   3.080513e-07   7.550148e-05   2.424753e-08   144
  1.990378e-01   2.161793e-07   6.138549e-05   2.513767e-08   144
  1.992846e-01   2.416796e-07   7.502301e-05   1.556743e-08   336
  1.995869e-01   1.489517e-07   5.550751e-05   9.026522e-09   240
  1.997786e-01   2.076503e-07   2.520547e-05   3.128699e-08   96
  2.000459e-01   2.633429e-07   7.391551e-05   2.283715e-08   372
  2.003163e-01   2.732396e-07   8.792091e-05   2.820373e-08   132
  2.005538e-01   1.529404e-07   5.440441e-05   9.445666e-09   264
  2.007663e-01   2.760964e-07   4.178011e-05   2.281924e-08   168
  2.009931e-01   1.950230e-07   6.679837e-05   1.426462e-08   216
  2.011935e-01   1.990774e-07   4.086808e-05   1.553464e-08   216
  2.014852e-01   1.942234e-07   7.497591e-05   2.539861e-08   96
  2.017500e-01   2.239360e-07   4.891494e-05   2.338095e-08   120
  2.019928e-01   2.142661e-07   6.218465e-05   1.876093e-08   216
  2.021928e-01   1.216993e-07   2.717490e-05   8.744486e-09   200
  2.024576e-01   1.697672e-07   7.034415e-05   1.345537e-08   288
  2.027972e-01   1.290658e-07   1.850891e-05   1.244442e-08   144
  2.029402e-01   1.525221e-07   5.759860e-05   1.470308e-08   168
  2.032323e-01   1.957398e-07   6.482186e-05   2.060993e-08   159
  2.034603e-01   1.823760e-07   6.801371e-05   2.125826e-08   174
  2.036809e-01   1.360956e-07   6.167246e-05   1.033497e-08   144
  2.039698e-01   1.854752e-07   3.561139e-05   1.537020e-08   222
  2.041630e-01   1.439325e-07   3.593504e-05   1.288582e-08   168
  2.044967e-01   1.430533e-07   7.881934e-05   2.448739e-08   30
  2.046346e-01   6.741460e-08   6.959169e-05   7.304914e-09   72
  2.048942e-01   1.332719e-07   6.210975e-05   1.189360e-08   258
  2.051797e-01   1.233231e-07   3.890094e-05   7.443115e-09   264
  2.053225e-01   1.202915e-07   4.195079e-09   1.925932e-08   72
  2.056199e-01   9.163894e-08   7.710330e-05   6.563801e-09   174
  2.058892e-01   1.418154e-07   8.210077e-05   1.174319e-08   168
  2.061058e-01   1.059530e-07   2.568951e-09   1.614079e-08   48
  2.063382e-01   1.073946e-07   4.636424e-05   7.781890e-09   150
  2.066077e-01   1.563355e-07   8.529035e-05   1.158079e-08   168
  2.068780e-01   9.672465e-08   5.195492e-05   8.412594e-09   144
  2.071265e-01   1.103412e-07   4.853772e-05   1.080857e-08   102
  2.073116e-01   1.221417e-07   7.184416e-05   1.199187e-08   96
  2.076053e-01   9.420354e-08   7.130050e-05   9.709831e-09   120
  2.078228e-01   1.219213e-07   7.647166e-05   9.078496e-09   168
  2.080580e-01   1.706649e-07   5.646827e-05   1.763982e-08   126
  2.082585e-01   1.085238e-07   4.258836e-05   1.048233e-08   168
  2.085346e-01   8.735495e-08   6.829049e-05   7.985949e-09   72
  2.087759e-01   9.752486e-08   8.551492e-05   7.149589e-09   168
  2.089873e-01   7.986935e-08   2.344384e-05   8.488654e-09   78
  2.092770e-01   1.207894e-07   3.849304e-05   1.951090e-08   60
  2.095103e-01   1.835978e-07   6.244194e-05   2.116590e-08   96
  2.097522e-01   1.349491e-07   7.576810e-05   1.004477e-08   168
  2.099796e-01   9.766201e-08   4.794311e-05   1.155847e-08   86
  2.102181e-01   9.235970e-08   4.284977e-05   7.373866e-09   120
  2.105600e-01   7.159724e-08   3.055758e-05   6.032066e-09   168
  2.107444e-01   6.162684e-08   0.000000e+00   6.280999e-09   48
  2.109928e-01   1.053289e-07   5.567259e-05   1.157529e-08   120
  2.111355e-01   6.521763e-08   4.061540e-05   5.389352e-09   126
  2.114838e-01   1.017873e-07   7.143116e-05   9.506083e-09   96
  2.117099e-01   1.087418e-07   2.059722e-05   1.114889e-08   96
  2.118882e-01   8.053346e-08   2.422030e-09   8.712831e-09   72
  2.122681e-01   6.820964e-08   2.568951e-09   1.371743e-08   24
  2.125052e-01   1.139713e-07   4.238860e-05   1.015100e-08   120
  2.126902e-01   9.639261e-08   6.183193e-05   8.644352e-09   126
  2.128959e-01   5.720775e-08   5.154529e-05   6.772472e-09   96
  2.131362e-01   7.245106e-08   8.908530e-05   6.671592e-09   72
  2.134038e-01   7.710898e-08   3.853239e-05   5.901027e-09   144
  2.136239e-01   1.034141e-07   2.222458e-05   9.707161e-09   72
  2.138438e-01   4.688725e-08   4.439042e-05   5.795399e-09   54
  2.140373e-01   7.116716e-08   3.911854e-05   8.579328e-09   108
  2.144395e-01   8.395331e-08   3.834628e-05   1.100169e-08   72
  2.145647e-01   5.943213e-08   2.212712e-05   5.036848e-09   72
  2.148618e-01   7.322007e-08   4.449553e-09   1.091291e-08   24
  2.151428e-01   5.146461e-08   4.681088e-05   7.645906e-09   48
  2.153135e-01   1.023849e-07   3.565781e-05   1.164983e-08   102
  2.155704e-01   6.793753e-08   8.064314e-05   5.989121e-09   168
  2.159060e-01   7.251329e-08   4.398088e-05   7.794772e-09   72
  2.160304e-01   6.727365e-08   0.000000e+00   9.369314e-09   48
  2.162913e-01   5.965467e-08   7.564979e-05   5.324297e-09   120
  2.166356e-01   6.734508e-08   4.648832e-05   7.276417e-09   96
  2.169608e-01   8.404271e-08   4.110321e-09   1.783628e-08   30
  2.173472e-01   8.667560e-08   2.184227e-05   1.188646e-08   72
  2.175171e-01   8.714287e-08   2.568951e-09   1.379560e-08   24
  2.177352e-01   7.219777e-08   3.237565e-05   1.106520e-08   56
  2.179796e-01   5.463645e-08   4.620169e-05   5.088044e-09   96
  2.182720e-01   6.619116e-08   5.101796e-05   4.175560e-09   144
  2.184974e-01   6.281405e-08   2.896600e-05   1.098625e-08   54
  2.188250e-01   6.848311e-08   4.339413e-05   7.000788e-09   108
  2.191546e-01   6.523361e-08   2.297699e-05   8.353719e-09   48
  2.194683e-01   7.517784e-08   8.651572e-05   9.267495e-09   72
  2.202213e-01   7.276253e-08   5.716121e-05   8.423986e-09   78
  2.204299e-01   4.338664e-08   4.307814e-05   5.981984e-09   72
  2.206734e-01   4.955594e-08   4.302466e-05   4.698397e-09   72
  2.209281e-01   6.431313e-08   1.038232e-04   6.759046e-09   96
  2.211293e-01   7.100524e-08   4.293597e-05   8.175500e-09   72
  2.213721e-01   4.463048e-08   0.000000e+00   6.584149e-09   24
  2.216146e-01   5.081779e-08   8.567808e-05   5.178785e-09   72
  2.221623e-01   5.646525e-08   5.440820e-05   8.183990e-09   30
  2.222801e-01   7.992521e-08   0.000000e+00   1.392475e-08   24
  2.229135e-01   4.068271e-08   4.517907e-05   4.929946e-09   48
  2.231122e-01   6.345890e-08   9.722532e-05   5.506162e-09   120
  2.233799e-01   4.625515e-08   4.250917e-05   5.141439e-09   72
  2.236502e-01   6.123260e-08   4.245777e-05   8.371572e-09   36
  2.238360e-01   6.545615e-08   8.391632e-05   6.892974e-09   78
  2.243546e-01   6.098565e-08   4.488887e-05   1.038929e-08   48
  2.250269e-01   4.438055e-08   3.633045e-09   7.853201e-09   24
  2.255059e-01   3.856790e-08   3.125970e-05   4.451961e-09   56
  2.257471e-01   5.293886e-08   4.810277e-05   6.392957e-09   102
  2.260539e-01   4.467431e-08   3.425268e-09   5.960029e-09   72
  2.262321e-01   5.106256e-08   2.568951e-09   5.508713e-09   24
  2.265435e-01   7.159545e-08   4.445516e-05   1.114188e-08   48
  2.271206e-01   5.281644e-08   0.000000e+00   6.400940e-09   24
  2.278290e-01   9.703951e-08   0.000000e+00   5.490208e-08   6
  2.280499e-01   4.655465e-08   0.000000e+00   8.992981e-09   24
  2.281971e-01   3.713345e-08   4.161169e-05   3.922493e-09   72
  2.284659e-01   4.052332e-08   7.763053e-05   5.327456e-09   84
  2.287554e-01   4.699111e-08   0.000000e+00   6.504990e-09   24
  2.288435e-01   4.166929e-08   3.633045e-09   8.022876e-09   24
  2.292831e-01   5.132351e-08   4.449553e-09   7.857218e-09   24
  2.298972e-01   1.043295e-08   0.000000e+00   2.962934e-09   6
  2.306844e-01   2.967324e-08   4.365716e-05   3.246118e-09   48
  2.308735e-01   4.443134e-08   8.224294e-05   4.617234e-09   72
  2.311206e-01   5.135436e-08   4.357477e-05   5.516417e-09   48
  2.315124e-01   3.790439e-08   0.000000e+00   6.410857e-09   24
  2.320338e-01   1.899614e-07   0.000000e+00   7.689889e-08   6
  2.332028e-01   5.274340e-08   0.000000e+00   1.529074e-08   8
  2.332891e-01   4.017161e-08   2.568951e-09   4.710108e-09   48
  2.334962e-01   3.309360e-08   4.225843e-05   4.153891e-09   60
  2.338066e-01   5.041881e-08   0.000000e+00   8.598882e-09   24
  2.342369e-01   6.070453e-08   0.000000e+00   1.141270e-08   6
  2.358224e-01   4.177679e-08   0.000000e+00   5.249247e-09   24
  2.359505e-01   4.513122e-08   4.268279e-05   5.019823e-09   48
  2.361638e-01   4.639142e-08   0.000000e+00   7.841441e-09   24
  2.365047e-01   7.037954e-08   0.000000e+00   1.659290e-08   6
  2.384414e-01   4.649147e-08   3.981898e-05   7.932788e-09   36
  2.385821e-01   3.758959e-08   0.000000e+00   9.820468e-09   24
  2.388353e-01   2.299480e-08   0.000000e+00   3.108872e-09   6
  2.410389e-01   3.178801e-08   3.618719e-05   5.135771e-09   32
  2.412268e-01   7.018432e-08   0.000000e+00   1.303901e-08   6
  2.435949e-01   3.630725e-08   0.000000e+00   6.100231e-09   12
  2.436776e-01   8.501986e-08   0.000000e+00   3.438440e-08   6
  2.461858e-01   8.340018e-08   0.000000e+00   8.702943e-09   6
