# power spectrum of pi_k * H (dimensionless)
# redshift z=0.282734
# k              Pk             sigma(k)       sigma(Pk)      count
  1.256637e-01   1.474714e-11   0.000000e+00   5.943232e-12   6
  1.777153e-01   3.695304e-12   0.000000e+00   7.715333e-13   12
  2.176559e-01   1.537207e-12   2.384186e-09   4.134582e-13   8
  2.513274e-01   3.903406e-12   0.000000e+00   5.747214e-13   6
  2.809926e-01   2.084185e-12   4.495664e-09   6.188209e-13   24
  3.078120e-01   2.290801e-12   4.495664e-09   4.568515e-13   24
  3.554306e-01   5.544217e-13   0.000000e+00   1.077447e-13   12
  3.769911e-01   7.242817e-13   5.086263e-09   8.098728e-14   30
  3.973835e-01   6.343227e-13   0.000000e+00   9.593428e-14   24
  4.167794e-01   7.895449e-13   7.786718e-09   1.638892e-13   24
  4.353118e-01   2.735806e-13   4.768372e-09   3.342431e-14   8
  4.530869e-01   3.722316e-13   6.357829e-09   9.253854e-14   24
  4.701905e-01   4.050521e-13   0.000000e+00   8.359410e-14   48
  5.026548e-01   1.221360e-13   0.000000e+00   4.602845e-14   6
  5.181247e-01   3.248100e-13   6.357829e-09   4.406896e-14   48
  5.331460e-01   2.146242e-13   5.994218e-09   3.650577e-14   36
  5.477554e-01   2.907864e-13   6.357829e-09   5.271112e-14   24
  5.619852e-01   2.334398e-13   8.991328e-09   3.836769e-14   24
  5.758634e-01   2.438034e-13   0.000000e+00   3.779172e-14   48
  5.894150e-01   1.825978e-13   8.991328e-09   3.076474e-14   24
  6.156239e-01   1.513013e-13   8.991328e-09   2.869966e-14   24
  6.283185e-01   8.964877e-14   0.000000e+00   1.984274e-14   30
  6.407617e-01   1.529805e-13   0.000000e+00   1.616001e-14   72
  6.529678e-01   1.071284e-13   9.536743e-09   2.996232e-14   32
  6.767198e-01   1.169335e-13   0.000000e+00   1.141589e-14   72
  6.882885e-01   9.007172e-14   0.000000e+00   1.257395e-14   48
  7.108613e-01   6.935767e-14   0.000000e+00   2.329191e-14   12
  7.218830e-01   9.680194e-14   0.000000e+00   1.103717e-14   48
  7.327390e-01   6.878213e-14   0.000000e+00   1.044872e-14   48
  7.434365e-01   9.565250e-14   8.991328e-09   1.237881e-14   48
  7.539822e-01   1.172890e-13   1.017253e-08   1.658335e-14   30
  7.643825e-01   8.183170e-14   0.000000e+00   8.290100e-15   24
  7.746431e-01   8.246539e-14   1.895538e-08   1.081815e-14   72
  7.947671e-01   4.279946e-14   0.000000e+00   7.237184e-15   24
  8.046403e-01   4.992285e-14   0.000000e+00   4.819836e-15   96
  8.143939e-01   3.772696e-14   0.000000e+00   5.721790e-15   48
  8.240320e-01   4.815009e-14   1.557344e-08   4.826241e-15   24
  8.335587e-01   7.355122e-14   1.557344e-08   1.243727e-14   24
  8.429778e-01   5.618378e-14   0.000000e+00   5.767193e-15   72
  8.522927e-01   5.080381e-14   0.000000e+00   7.606551e-15   48
  8.706237e-01   2.902041e-14   9.536743e-09   6.244593e-15   8
  8.796459e-01   4.249139e-14   1.130281e-08   5.195652e-15   54
  8.885766e-01   3.995727e-14   0.000000e+00   3.832957e-15   84
  8.974184e-01   4.365629e-14   0.000000e+00   5.179768e-15   48
  9.061739e-01   2.761495e-14   1.271566e-08   3.824692e-15   24
  9.148456e-01   3.940002e-14   1.695421e-08   5.009896e-15   72
  9.234359e-01   4.147886e-14   0.000000e+00   3.913440e-15   96
  9.403811e-01   3.249387e-14   0.000000e+00   3.307073e-15   48
  9.487402e-01   3.918086e-14   0.000000e+00   5.271273e-15   48
  9.570263e-01   2.851967e-14   0.000000e+00   5.118698e-15   24
  9.652412e-01   2.954257e-14   0.000000e+00   3.802830e-15   72
  9.814649e-01   2.415714e-14   0.000000e+00   2.347399e-15   72
  9.894770e-01   2.762668e-14   0.000000e+00   2.678995e-15   96
  1.005310e+00   4.066640e-14   0.000000e+00   9.812851e-15   6
  1.013133e+00   2.502008e-14   0.000000e+00   2.214884e-15   96
  1.020897e+00   2.720837e-14   1.271566e-08   2.565753e-15   96
  1.028602e+00   2.029371e-14   0.000000e+00   4.492169e-15   24
  1.036249e+00   2.970957e-14   1.271566e-08   4.960521e-15   48
  1.043841e+00   1.689613e-14   0.000000e+00   1.793739e-15   96
  1.051378e+00   3.085733e-14   0.000000e+00   4.620983e-15   48
  1.066292e+00   1.870316e-14   1.198844e-08   2.706371e-15   36
  1.073671e+00   2.403216e-14   2.202416e-08   3.184436e-15   48
  1.081000e+00   2.448472e-14   2.491750e-08   2.408593e-15   120
  1.088280e+00   1.907367e-14   0.000000e+00   1.863551e-15   56
  1.095511e+00   1.530055e-14   1.271566e-08   3.628447e-15   24
  1.102695e+00   1.726180e-14   0.000000e+00   1.675505e-15   96
  1.109832e+00   1.946285e-14   0.000000e+00   2.859419e-15   48
  1.123970e+00   2.498341e-14   1.798266e-08   5.686154e-15   24
  1.130973e+00   1.891499e-14   0.000000e+00   1.950127e-15   102
  1.137933e+00   1.265859e-14   1.271566e-08   1.475078e-15   48
  1.144851e+00   1.812693e-14   0.000000e+00   2.219271e-15   72
  1.151727e+00   1.650832e-14   0.000000e+00   1.902852e-15   48
  1.158562e+00   1.888870e-14   0.000000e+00   2.375394e-15   48
  1.165357e+00   1.661188e-14   2.877225e-08   1.364828e-15   120
  1.178830e+00   9.334148e-15   1.798266e-08   1.531464e-15   24
  1.185509e+00   1.460922e-14   1.695421e-08   1.122849e-15   144
  1.192151e+00   1.248873e-14   2.034505e-08   1.136716e-15   120
  1.198755e+00   1.409492e-14   1.798266e-08   2.025935e-15   48
  1.211857e+00   1.300362e-14   1.798266e-08   1.211963e-15   48
  1.218355e+00   1.486019e-14   1.798266e-08   1.595834e-15   96
  1.235512e+00   1.282111e-14   3.015167e-03   1.412285e-15   72
  1.244007e+00   1.137534e-14   1.598458e-08   8.632678e-16   108
  1.250338e+00   1.441122e-14   0.000000e+00   1.302291e-15   72
  1.256637e+00   7.311303e-15   0.000000e+00   1.487687e-15   30
  1.262905e+00   1.012334e-14   0.000000e+00   9.157714e-16   168
  1.269141e+00   1.050647e-14   0.000000e+00   1.498486e-15   48
  1.281523e+00   1.060837e-14   0.000000e+00   1.211579e-15   72
  1.287670e+00   1.009451e-14   0.000000e+00   1.196412e-15   96
  1.293787e+00   9.885417e-15   3.390842e-08   1.178071e-15   72
  1.299875e+00   1.130122e-14   0.000000e+00   1.392853e-15   72
  1.310112e+00   7.765871e-15   2.784031e-03   7.677026e-16   104
  1.317972e+00   8.800447e-15   2.397687e-08   7.064208e-16   144
  1.335824e+00   6.944139e-15   4.021044e-08   8.193640e-16   96
  1.341721e+00   7.895749e-15   0.000000e+00   7.530051e-16   96
  1.351101e+00   9.574531e-15   2.864148e-03   1.126428e-15   120
  1.359261e+00   7.721583e-15   0.000000e+00   7.005822e-16   120
  1.365057e+00   8.617047e-15   0.000000e+00   9.942322e-16   72
  1.376577e+00   6.155689e-15   0.000000e+00   7.458135e-16   48
  1.382301e+00   7.385625e-15   3.130008e-08   8.233567e-16   78
  1.389623e+00   7.231295e-15   2.564571e-03   4.639888e-16   168
  1.404963e+00   6.672315e-15   2.936555e-08   5.313076e-16   144
  1.410572e+00   7.160516e-15   2.397687e-08   5.657347e-16   144
  1.426839e+00   5.533677e-15   1.476986e-03   5.163656e-16   156
  1.432787e+00   7.563287e-15   3.114687e-08   1.110710e-15   48
  1.438287e+00   6.461956e-15   2.034505e-08   5.888315e-16   120
  1.443766e+00   5.799411e-15   0.000000e+00   7.635925e-16   48
  1.453454e+00   5.519690e-15   2.260797e-03   3.363766e-16   216
  1.465478e+00   4.523553e-15   0.000000e+00   5.349969e-16   48
  1.470856e+00   6.446822e-15   1.798266e-08   6.162818e-16   96
  1.478502e+00   5.293196e-15   2.642094e-03   3.462635e-16   168
  1.486873e+00   5.597482e-15   1.798266e-08   7.836024e-16   48
  1.492174e+00   5.294743e-15   0.000000e+00   4.698535e-16   96
  1.497456e+00   5.414174e-15   0.000000e+00   8.843172e-16   48
  1.507964e+00   5.041297e-15   2.034505e-08   5.998375e-16   30
  1.513191e+00   5.545066e-15   0.000000e+00   5.687015e-16   96
  1.519439e+00   4.901079e-15   2.076451e-03   3.493831e-16   240
  1.527472e+00   5.121417e-15   2.240191e-03   9.650208e-16   32
  1.533921e+00   5.379572e-15   0.000000e+00   4.931301e-16   168
  1.539060e+00   4.105553e-15   0.000000e+00   4.566996e-16   120
  1.549286e+00   5.728587e-15   3.791077e-08   7.394056e-16   72
  1.554374e+00   5.176709e-15   1.695421e-08   3.780632e-16   144
  1.559446e+00   4.792918e-15   0.000000e+00   3.458986e-16   96
  1.564501e+00   4.174909e-15   0.000000e+00   3.515163e-16   96
  1.574562e+00   5.214773e-15   0.000000e+00   8.813708e-16   72
  1.579568e+00   4.522854e-15   2.543132e-08   3.951110e-16   96
  1.589534e+00   5.143438e-15   0.000000e+00   4.949443e-16   24
  1.594494e+00   4.221049e-15   0.000000e+00   3.325339e-16   192
  1.600334e+00   4.913198e-15   1.901066e-03   3.893217e-16   132
  1.609281e+00   3.221108e-15   0.000000e+00   2.762427e-16   96
  1.614180e+00   3.529307e-15   0.000000e+00   2.917206e-16   96
  1.619064e+00   3.462391e-15   2.034505e-08   2.972864e-16   120
  1.628788e+00   3.668744e-15   0.000000e+00   5.545264e-16   48
  1.636759e+00   4.137048e-15   2.303939e-03   3.292747e-16   222
  1.643266e+00   3.515223e-15   0.000000e+00   2.697506e-16   120
  1.648064e+00   2.397123e-15   3.114687e-08   5.741074e-16   24
  1.655050e+00   4.330039e-15   2.378000e-03   2.318960e-16   312
  1.670270e+00   3.481065e-15   2.229470e-03   4.096908e-16   72
  1.676563e+00   4.370073e-15   3.114687e-08   5.103163e-16   96
  1.683024e+00   3.629562e-15   2.270407e-03   2.167007e-16   192
  1.690632e+00   3.438682e-15   2.877225e-08   2.850400e-16   120
  1.695296e+00   3.609770e-15   0.000000e+00   2.875110e-16   144
  1.704585e+00   4.187376e-15   0.000000e+00   6.098541e-16   48
  1.711188e+00   3.030866e-15   2.282974e-03   1.685109e-16   336
  1.718425e+00   2.434995e-15   0.000000e+00   3.725398e-16   48
  1.727590e+00   2.960899e-15   0.000000e+00   2.057049e-16   192
  1.732155e+00   2.043650e-15   0.000000e+00   3.111726e-16   48
  1.745129e+00   2.676652e-15   1.584683e-03   4.334146e-16   56
  1.751580e+00   2.593854e-15   2.035272e-03   1.472188e-16   336
  1.759292e+00   3.078825e-15   2.260561e-08   4.274598e-16   54
  1.766010e+00   2.781580e-15   2.235459e-03   1.640043e-16   240
  1.779956e+00   2.965749e-15   2.140470e-03   1.932792e-16   228
  1.786017e+00   3.298189e-15   2.397687e-08   2.687678e-16   72
  1.791900e+00   2.740400e-15   2.076308e-03   2.077751e-16   144
  1.799230e+00   2.083577e-15   0.000000e+00   1.977415e-16   96
  1.803613e+00   2.528301e-15   2.877225e-08   1.599412e-16   240
  1.812348e+00   3.125978e-15   2.543132e-08   5.681918e-16   24
  1.817939e+00   2.523787e-15   1.961057e-03   1.338375e-16   336
  1.825371e+00   2.522033e-15   0.000000e+00   2.899239e-16   72
  1.832154e+00   2.354319e-15   2.133012e-03   1.577318e-16   168
  1.838302e+00   2.902440e-15   0.000000e+00   3.307449e-16   72
  1.846872e+00   2.130633e-15   0.000000e+00   1.956724e-16   96
  1.853509e+00   2.708223e-15   2.117011e-03   1.793637e-16   216
  1.859653e+00   2.583113e-15   0.000000e+00   2.802916e-16   96
  1.868125e+00   2.173780e-15   2.543132e-08   1.456979e-16   192
  1.872347e+00   2.400708e-15   2.397687e-08   2.067086e-16   144
  1.880762e+00   1.895018e-15   0.000000e+00   2.449891e-16   48
  1.886588e+00   2.200466e-15   2.041047e-03   1.358663e-16   246
  1.894505e+00   2.195614e-15   1.881878e-03   1.559889e-16   168
  1.901637e+00   1.836927e-15   4.983500e-08   1.751552e-16   120
  1.905784e+00   2.208084e-15   0.000000e+00   1.630376e-16   240
  1.914053e+00   2.204988e-15   0.000000e+00   4.073230e-16   24
  1.920640e+00   1.837873e-15   2.014384e-03   9.709290e-17   360
  1.928845e+00   2.368193e-15   2.005812e-03   2.155660e-16   120
  1.934568e+00   1.598482e-15   0.000000e+00   1.368098e-16   144
  1.938645e+00   1.708470e-15   0.000000e+00   1.430138e-16   96
  1.950825e+00   1.920931e-15   0.000000e+00   1.528375e-16   144
  1.954868e+00   1.971587e-15   0.000000e+00   1.770662e-16   132
  1.960551e+00   1.673211e-15   1.979707e-03   1.221266e-16   176
  1.968799e+00   1.711244e-15   1.999105e-03   9.669825e-17   312
  1.978954e+00   1.329413e-15   0.000000e+00   1.343951e-16   96
  1.982940e+00   1.602965e-15   0.000000e+00   1.070697e-16   144
  1.989055e+00   1.996775e-15   1.979053e-03   1.148902e-16   312
  1.998804e+00   2.095645e-15   0.000000e+00   3.032468e-16   48
  2.002750e+00   1.730175e-15   2.543132e-08   1.266990e-16   192
  2.010619e+00   3.056903e-15   0.000000e+00   1.825348e-16   6
  2.015848e+00   1.728575e-15   1.845802e-03   1.064790e-16   288
  2.024316e+00   1.475904e-15   1.950210e-03   9.921134e-17   192
  2.030159e+00   1.702446e-15   5.980883e-08   1.387822e-16   216
  2.034045e+00   1.613428e-15   0.000000e+00   1.754262e-16   72
  2.043725e+00   1.492108e-15   1.931689e-03   1.025502e-16   192
  2.050154e+00   1.679286e-15   1.434383e-03   9.994601e-17   288
  2.057204e+00   1.249710e-15   0.000000e+00   1.733057e-16   24
  2.062650e+00   1.360405e-15   1.889681e-03   6.277594e-17   456
  2.072499e+00   1.720536e-15   0.000000e+00   2.523319e-16   48
  2.078585e+00   1.452412e-15   1.861260e-03   9.143290e-17   240
  2.085579e+00   1.279663e-15   1.881013e-03   7.632936e-17   216
  2.091461e+00   1.326943e-15   0.000000e+00   1.681187e-16   72
  2.095233e+00   1.416871e-15   6.498988e-08   1.028462e-16   168
  2.105882e+00   1.457163e-15   1.398129e-03   8.770457e-17   288
  2.111855e+00   1.559458e-15   1.849965e-03   1.244768e-16   168
  2.121448e+00   1.213328e-15   0.000000e+00   8.389238e-17   192
  2.125166e+00   1.227888e-15   2.397687e-08   1.026940e-16   144
  2.132584e+00   1.389235e-15   2.397687e-08   1.835185e-16   36
  2.138874e+00   1.204459e-15   1.689411e-03   6.697438e-17   342
  2.144889e+00   1.208265e-15   1.734820e-03   1.081727e-16   144
  2.152621e+00   1.171225e-15   1.819392e-03   6.933269e-17   384
  2.162000e+00   1.119374e-15   4.983500e-08   9.542918e-17   120
  2.166643e+00   1.102063e-15   1.622368e-03   6.792342e-17   264
  2.172929e+00   1.298301e-15   8.042088e-08   1.103809e-16   192
  2.178848e+00   1.124558e-15   1.748412e-03   8.581493e-17   152
  2.183802e+00   1.180619e-15   4.795375e-08   1.052675e-16   144
  2.194222e+00   1.159266e-15   1.131589e-03   7.599352e-17   216
  2.199045e+00   1.214005e-15   1.512105e-03   6.228439e-17   312
  2.207535e+00   1.025098e-15   1.752500e-03   5.874854e-17   240
  2.212538e+00   8.225200e-16   2.543132e-08   7.361135e-17   96
  2.222033e+00   9.965321e-16   1.675517e-03   8.402044e-17   144
  2.227885e+00   1.061115e-15   1.646885e-03   5.487742e-17   456
  2.237379e+00   8.859181e-16   0.000000e+00   9.443732e-17   120
  2.240905e+00   1.026144e-15   0.000000e+00   8.366745e-17   144
  2.247941e+00   1.078025e-15   3.596531e-08   2.109276e-16   24
  2.252452e+00   8.808987e-16   1.583038e-03   4.302475e-17   336
  2.260253e+00   9.272036e-16   1.745876e-03   6.159203e-17   198
  2.267563e+00   1.071942e-15   1.697764e-03   4.915674e-17   432
  2.275867e+00   1.773930e-15   5.086263e-08   1.886382e-16   48
  2.280199e+00   9.673544e-16   1.498832e-03   4.763654e-17   384
  2.287976e+00   8.753185e-16   1.725473e-03   6.626746e-17   144
  2.295024e+00   8.606376e-16   1.713168e-03   5.565300e-17   264
  2.303454e+00   9.729593e-16   0.000000e+00   1.283726e-16   48
  2.309110e+00   9.274404e-16   1.628943e-03   4.888645e-17   276
  2.314567e+00   8.833081e-16   1.476593e-03   6.992827e-17   192
  2.321860e+00   8.164352e-16   1.659366e-03   3.439581e-17   552
  2.330715e+00   8.121152e-16   4.069010e-08   6.947956e-17   120
  2.335978e+00   6.760210e-16   1.679687e-03   4.904131e-17   216
  2.340855e+00   8.307374e-16   4.069010e-08   5.959673e-17   120
  2.349569e+00   8.759537e-16   1.654080e-03   4.928112e-17   408
  2.357660e+00   4.108916e-16   3.596531e-08   9.265547e-17   24
  2.362678e+00   8.616247e-16   1.670919e-03   4.180026e-17   384
  2.369685e+00   8.759425e-16   1.632547e-03   5.075428e-17   240
  2.375770e+00   8.264771e-16   1.644502e-03   6.597328e-17   168
  2.384301e+00   5.946813e-16   0.000000e+00   7.207562e-17   120
  2.389801e+00   8.932290e-16   1.714308e-03   4.798780e-17   350
  2.398744e+00   6.333397e-16   2.822081e-03   3.408511e-17   384
  2.404088e+00   6.643410e-16   0.000000e+00   7.157059e-17   144
  2.413921e+00   7.155256e-16   3.390842e-08   3.748150e-17   288
  2.419055e+00   7.758734e-16   1.615394e-03   3.931306e-17   336
  2.426039e+00   6.092699e-16   1.470682e-03   4.370092e-17   168
  2.430220e+00   7.318021e-16   9.639558e-08   3.783673e-17   336
  2.438868e+00   7.001021e-16   1.526480e-03   4.270055e-17   288
  2.444062e+00   6.407478e-16   1.438335e-03   3.450130e-17   264
  2.452858e+00   5.455488e-16   0.000000e+00   3.177240e-17   240
  2.456075e+00   6.714503e-16   0.000000e+00   6.167465e-17   96
  2.467620e+00   6.195833e-16   1.956039e-03   3.394241e-17   360
  2.473008e+00   5.914439e-16   1.441936e-03   4.008420e-17   168
  2.479816e+00   7.040945e-16   1.571860e-03   3.125258e-17   456
  2.488014e+00   6.768772e-16   4.521123e-08   5.592567e-17   108
  2.492626e+00   4.668773e-16   1.577159e-03   2.768662e-17   264
  2.498378e+00   5.492007e-16   1.407083e-03   3.167045e-17   264
  2.506256e+00   7.016359e-16   1.327788e-03   4.624096e-17   312
  2.516065e+00   6.210967e-16   9.866910e-04   2.907664e-17   270
  2.520176e+00   5.909800e-16   1.252729e-03   3.308944e-17   240
  2.527567e+00   6.051720e-16   1.549783e-03   3.177748e-17   384
  2.532054e+00   5.617744e-16   5.086263e-08   4.150959e-17   192
  2.540769e+00   6.578077e-16   1.243495e-03   3.855070e-17   240
  2.545825e+00   5.815247e-16   1.534673e-03   2.878124e-17   336
  2.555333e+00   5.559868e-16   1.544942e-03   2.631960e-17   480
  2.563047e+00   3.923808e-16   3.390842e-08   4.135113e-17   72
  2.567356e+00   5.348340e-16   1.506459e-03   3.325678e-17   240
  2.573216e+00   6.068468e-16   1.415865e-03   3.377136e-17   312
  2.579934e+00   5.954143e-16   1.530210e-03   3.532187e-17   240
  2.590086e+00   5.385184e-16   1.162564e-03   3.147958e-17   408
  2.594104e+00   5.552682e-16   1.064628e-03   2.789108e-17   336
  2.601958e+00   6.024946e-16   1.351816e-03   4.069783e-17   264
  2.605818e+00   5.238133e-16   0.000000e+00   3.489070e-17   144
  2.616557e+00   5.546616e-16   1.873697e-03   2.728342e-17   464
  2.622215e+00   5.627183e-16   1.489973e-03   4.184026e-17   168
  2.627801e+00   4.597935e-16   1.357041e-03   2.512637e-17   336
  2.637897e+00   5.150046e-16   1.425837e-03   2.587035e-17   414
  2.643588e+00   5.574595e-16   1.484211e-03   3.668304e-17   216
  2.650879e+00   4.522052e-16   3.596531e-08   5.863869e-17   96
  2.653856e+00   4.380555e-16   8.809666e-08   2.501415e-17   384
  2.664284e+00   4.740832e-16   1.481344e-03   2.198885e-17   492
  2.669873e+00   4.319806e-16   1.448627e-03   2.594452e-17   240
  2.676189e+00   4.430937e-16   1.470864e-03   2.511294e-17   312
  2.684913e+00   5.353180e-16   1.470380e-03   3.668072e-17   192
  2.690439e+00   4.699636e-16   1.424976e-03   1.861597e-17   504
  2.697770e+00   4.700880e-16   9.433586e-04   2.089386e-17   408
  2.703542e+00   5.166018e-16   2.890096e-03   4.674050e-17   168
  2.710765e+00   3.982183e-16   1.372821e-03   1.983553e-17   288
  2.716826e+00   3.913525e-16   1.432656e-03   2.335924e-17   288
  2.723035e+00   4.240357e-16   1.440903e-03   1.966395e-17   432
  2.732042e+00   3.967338e-16   1.362614e-03   2.487975e-17   216
  2.736854e+00   4.110148e-16   1.359739e-03   2.074047e-17   360
  2.745421e+00   3.968481e-16   1.327092e-03   2.357471e-17   312
  2.753154e+00   4.006617e-16   0.000000e+00   4.928093e-17   48
  2.757611e+00   3.284726e-16   1.422834e-03   1.596436e-17   432
  2.765594e+00   4.141841e-16   2.373302e-03   1.923511e-17   414
  2.770308e+00   4.001812e-16   5.421333e-08   2.198078e-17   312
  2.779102e+00   4.255484e-16   2.082441e-03   1.712275e-17   528
  2.785037e+00   3.621307e-16   1.093105e-03   2.313363e-17   264
  2.792167e+00   4.179951e-16   1.296122e-03   1.843059e-17   480
  2.801483e+00   3.715878e-16   0.000000e+00   1.995016e-17   288
  2.805506e+00   3.777804e-16   1.392643e-03   2.445217e-17   168
  2.812867e+00   3.702382e-16   2.204550e-03   1.613256e-17   504
  2.821143e+00   4.521434e-16   3.390842e-08   4.305941e-17   144
  2.826350e+00   3.570579e-16   1.415850e-03   1.693480e-17   464
  2.834173e+00   3.696328e-16   2.077839e-03   1.729550e-17   432
  2.837886e+00   3.258588e-16   3.596531e-08   2.211931e-17   192
  2.847481e+00   3.276709e-16   1.540373e-03   1.697002e-17   396
  2.853147e+00   3.180927e-16   1.383680e-03   1.569919e-17   288
  2.858874e+00   3.984649e-16   1.366839e-03   2.073310e-17   336
  2.868021e+00   3.314433e-16   8.655099e-04   1.548223e-17   432
  2.873827e+00   3.322087e-16   2.243281e-03   1.634410e-17   360
  2.880345e+00   3.747167e-16   1.326934e-03   1.862884e-17   384
  2.889603e+00   3.190975e-16   1.171274e-03   2.024235e-17   198
  2.894063e+00   2.955690e-16   1.331357e-03   1.330542e-17   552
  2.902381e+00   2.811431e-16   1.863809e-03   1.273879e-17   432
  2.909325e+00   3.148427e-16   7.119285e-08   2.440992e-17   168
  2.915153e+00   3.079907e-16   2.310442e-03   1.336909e-17   480
  2.922863e+00   3.399946e-16   0.000000e+00   3.262779e-17   120
  2.926334e+00   3.212587e-16   1.887069e-03   1.729140e-17   336
  2.934802e+00   3.020171e-16   1.331298e-03   1.179251e-17   672
  2.943175e+00   3.186919e-16   1.936554e-03   1.554711e-17   528
  2.947075e+00   2.814524e-16   5.812872e-08   2.054159e-17   168
  2.956085e+00   3.050152e-16   2.160213e-03   1.394028e-17   456
  2.961583e+00   2.691001e-16   1.319260e-03   1.906678e-17   168
  2.967291e+00   2.683904e-16   1.316892e-03   1.149925e-17   504
  2.976778e+00   2.391505e-16   1.694638e-03   1.168567e-17   336
  2.982515e+00   2.945378e-16   1.221633e-03   1.750439e-17   312
  2.988879e+00   2.866176e-16   1.193619e-03   1.199052e-17   504
  2.997254e+00   2.634024e-16   8.281656e-04   1.154320e-17   432
  3.001192e+00   2.519739e-16   1.279790e-03   1.378071e-17   312
  3.009377e+00   2.569524e-16   1.311847e-03   1.388004e-17   384
  3.017923e+00   3.088836e-16   1.114566e-03   2.460536e-17   126
  3.023199e+00   2.471407e-16   1.956913e-03   1.137301e-17   492
  3.029938e+00   2.900934e-16   1.253405e-03   1.249835e-17   528
  3.038360e+00   2.677838e-16   1.273190e-03   1.195618e-17   480
  3.043581e+00   2.468394e-16   1.758905e-03   1.141429e-17   432
  3.051137e+00   2.714912e-16   1.383146e-03   1.432592e-17   440
  3.059913e+00   2.768931e-16   6.878330e-04   1.812677e-17   312
  3.063206e+00   2.461529e-16   1.030775e-03   1.082502e-17   480
  3.069960e+00   2.467730e-16   2.018238e-03   1.360333e-17   408
  3.079829e+00   2.705384e-16   1.208696e-03   1.505220e-17   360
  3.083998e+00   2.456160e-16   1.166348e-03   1.210289e-17   408
  3.091725e+00   2.348576e-16   1.186907e-03   1.215739e-17   456
  3.100425e+00   2.406628e-16   1.134390e-03   1.579867e-17   264
  3.105254e+00   2.222114e-16   1.231098e-03   1.069541e-17   384
  3.112283e+00   2.316055e-16   2.072640e-03   8.163784e-18   672
  3.120409e+00   2.139388e-16   1.239707e-03   1.218019e-17   240
  3.125099e+00   2.188999e-16   1.257992e-03   1.364135e-17   264
  3.131717e+00   2.136133e-16   1.551526e-03   8.917080e-18   624
  3.141593e+00   2.143174e-16   0.000000e+00   1.532937e-17   150
  3.145109e+00   2.335193e-16   1.738607e-03   1.077733e-17   600
  3.152524e+00   2.288165e-16   1.199942e-03   8.061356e-18   672
  3.160921e+00   2.021933e-16   1.128630e-03   9.315521e-18   336
  3.165599e+00   2.435556e-16   1.227621e-03   1.039812e-17   408
  3.173072e+00   1.926394e-16   1.224729e-03   9.947248e-18   408
  3.181385e+00   2.446834e-16   6.192886e-04   1.199293e-17   360
  3.186510e+00   2.085048e-16   2.273829e-03   9.277016e-18   456
  3.192699e+00   2.091228e-16   1.236522e-03   1.071823e-17   384
  3.200577e+00   1.871017e-16   1.141466e-03   1.039289e-17   348
  3.204835e+00   1.937266e-16   1.407202e-03   7.791623e-18   576
  3.212832e+00   1.913016e-16   1.158646e-03   8.773813e-18   504
  3.221013e+00   1.912371e-16   1.634203e-03   8.433228e-18   432
  3.228154e+00   1.889251e-16   2.223325e-03   8.285623e-18   576
  3.233247e+00   2.138802e-16   0.000000e+00   1.265737e-17   264
  3.241325e+00   1.860596e-16   1.769212e-03   7.047700e-18   768
  3.248351e+00   1.931099e-16   2.381921e-03   1.126337e-17   240
  3.253937e+00   1.446685e-16   2.100629e-03   9.763728e-18   192
  3.262073e+00   1.959495e-16   1.546319e-03   8.222010e-18   504
  3.268108e+00   1.905799e-16   2.083724e-03   8.004271e-18   590
  3.273894e+00   1.830526e-16   2.334698e-03   9.434074e-18   384
  3.281151e+00   1.772899e-16   1.951120e-03   8.196830e-18   504
  3.289911e+00   1.720817e-16   1.877651e-03   7.352431e-18   648
  3.298409e+00   1.677638e-16   5.099453e-04   7.838860e-18   504
  3.301835e+00   1.618882e-16   1.163281e-03   1.058868e-17   312
  3.307884e+00   1.925610e-16   1.676002e-03   7.990086e-18   576
  3.316189e+00   2.161018e-16   1.166339e-03   1.352079e-17   240
  3.321030e+00   1.700368e-16   1.178530e-03   8.073029e-18   552
  3.327882e+00   1.766977e-16   1.106612e-03   6.910672e-18   600
  3.337643e+00   1.789746e-16   1.351639e-03   7.299909e-18   600
  3.343511e+00   1.459846e-16   2.164544e-03   8.710115e-18   312
  3.349356e+00   1.765752e-16   1.885103e-03   7.942139e-18   480
  3.356656e+00   1.548472e-16   1.176123e-03   6.058036e-18   576
  3.363084e+00   1.548720e-16   1.893814e-03   7.702663e-18   408
  3.368787e+00   1.289372e-16   2.209222e-03   8.743939e-18   216
  3.376156e+00   1.430352e-16   1.692015e-03   6.313822e-18   516
  3.384050e+00   1.666440e-16   1.614354e-03   6.130179e-18   744
  3.392194e+00   1.479884e-16   1.078246e-03   6.742393e-18   462
  3.396796e+00   1.281506e-16   1.095881e-03   6.599327e-18   432
  3.403934e+00   1.459831e-16   1.016670e-03   5.852462e-18   648
  3.412327e+00   1.541442e-16   1.487578e-03   7.567180e-18   528
  3.419069e+00   1.404988e-16   1.791415e-03   5.973882e-18   600
  3.425805e+00   1.757445e-16   2.258506e-03   1.253833e-17   240
  3.432329e+00   1.475376e-16   1.729994e-03   6.524064e-18   720
  3.439912e+00   1.287462e-16   1.368738e-03   4.576232e-18   720
  3.448318e+00   1.333545e-16   0.000000e+00   1.043936e-17   144
  3.452742e+00   1.477065e-16   1.764713e-03   5.516103e-18   720
  3.459035e+00   1.417488e-16   1.058157e-03   9.035557e-18   384
  3.466913e+00   1.283336e-16   1.173023e-03   4.587820e-18   672
  3.474387e+00   1.382715e-16   2.053834e-03   7.619920e-18   336
  3.477957e+00   1.341426e-16   0.000000e+00   7.670456e-18   288
  3.486699e+00   1.309539e-16   1.625472e-03   4.646258e-18   776
  3.494792e+00   1.151192e-16   1.390838e-03   4.402144e-18   720
  3.501588e+00   1.208309e-16   1.120422e-03   5.521125e-18   432
  3.507024e+00   1.435614e-16   1.597303e-03   6.608948e-18   504
  3.513071e+00   1.206837e-16   1.119137e-03   5.727102e-18   528
  3.521533e+00   1.370472e-16   1.524759e-03   6.573332e-18   438
  3.528495e+00   1.358653e-16   1.774680e-03   5.928800e-18   624
  3.533741e+00   1.310097e-16   2.173744e-03   8.479981e-18   312
  3.540952e+00   1.341554e-16   1.171159e-03   5.813539e-18   696
  3.548410e+00   1.265676e-16   1.059686e-03   5.820223e-18   552
  3.556166e+00   1.392508e-16   8.198436e-04   6.648645e-18   516
  3.560964e+00   1.445609e-16   1.637576e-03   6.915927e-18   528
  3.566805e+00   9.690470e-17   1.064960e-03   3.983812e-18   528
  3.575102e+00   1.183301e-16   1.404467e-03   4.441009e-18   864
  3.580734e+00   1.196239e-16   1.923830e-03   6.831898e-18   408
  3.586372e+00   1.413242e-16   1.906039e-03   9.999965e-18   192
  3.594362e+00   1.102230e-16   1.577339e-03   4.198565e-18   720
  3.601108e+00   1.204984e-16   1.454384e-03   4.387405e-18   696
  3.609123e+00   1.135365e-16   1.570748e-03   4.367468e-18   720
  3.616456e+00   1.200947e-16   2.128961e-03   5.542340e-18   432
  3.620733e+00   1.121951e-16   1.253189e-03   6.078711e-18   264
  3.628427e+00   1.129396e-16   1.730599e-03   4.849893e-18   672
  3.635310e+00   1.043186e-16   1.771868e-03   4.241813e-18   600
  3.643477e+00   9.217397e-17   1.037427e-03   6.866960e-18   270
  3.647594e+00   1.019408e-16   1.561617e-03   4.721540e-18   528
  3.654138e+00   1.162168e-16   1.069340e-03   3.883867e-18   840
  3.663112e+00   1.214581e-16   2.044769e-03   4.526789e-18   888
  3.671403e+00   1.109163e-16   1.523504e-03   4.981380e-18   744
  3.678411e+00   9.456497e-17   7.828584e-04   4.576265e-18   456
  3.681896e+00   1.324847e-16   1.069824e-03   8.160547e-18   360
  3.687860e+00   8.893545e-17   9.269427e-04   4.829986e-18   384
  3.697011e+00   1.111602e-16   1.486807e-03   4.318143e-18   816
  3.703877e+00   1.040815e-16   2.157150e-03   4.262078e-18   824
  3.712223e+00   1.011720e-16   1.002746e-03   5.289804e-18   360
  3.716692e+00   1.047046e-16   1.479676e-03   4.498451e-18   624
  3.722842e+00   1.017757e-16   9.998850e-04   5.627610e-18   360
  3.731036e+00   1.084337e-16   1.360137e-03   4.171706e-18   876
  3.738436e+00   8.989821e-17   1.615436e-03   3.763951e-18   696
  3.745899e+00   8.424067e-17   1.043143e-03   4.588004e-18   336
  3.749811e+00   1.032079e-16   1.041971e-03   4.366772e-18   504
  3.756273e+00   9.025314e-17   1.051000e-03   3.442002e-18   672
  3.765859e+00   9.137827e-17   2.092296e-03   3.424408e-18   720
  3.772508e+00   9.378050e-17   1.580506e-03   3.994511e-18   774
  3.779846e+00   1.182324e-16   9.046409e-04   8.617352e-18   384
  3.783690e+00   1.037766e-16   1.740917e-03   4.669382e-18   528
  3.789655e+00   9.653042e-17   1.659191e-03   4.097484e-18   744
  3.799249e+00   1.114266e-16   1.368481e-03   4.443884e-18   768
  3.805620e+00   1.004051e-16   1.536223e-03   5.223577e-18   552
  3.813568e+00   8.323678e-17   1.674309e-03   3.379534e-18   696
  3.819481e+00   1.076673e-16   2.034577e-03   6.196640e-18   408
  3.824174e+00   9.388955e-17   8.789532e-04   4.288851e-18   504
  3.831615e+00   9.116182e-17   1.579007e-03   3.194485e-18   888
  3.838937e+00   8.505709e-17   1.641044e-03   3.854674e-18   648
  3.846547e+00   8.754132e-17   1.626978e-03   3.848171e-18   648
  3.853707e+00   9.782654e-17   1.754281e-03   4.088668e-18   792
  3.861291e+00   9.319216e-17   2.566633e-03   4.676083e-18   600
  3.866880e+00   8.707919e-17   1.739428e-03   4.052447e-18   456
  3.872762e+00   8.349601e-17   8.477229e-04   3.736118e-18   648
  3.880317e+00   8.358363e-17   1.653183e-03   3.211063e-18   936
  3.888474e+00   1.005223e-16   1.015268e-03   5.302665e-18   384
  3.895575e+00   9.377014e-17   0.000000e+00   9.852742e-18   198
  3.901055e+00   8.934223e-17   2.575821e-03   2.970311e-18   1224
  3.906966e+00   1.053772e-16   1.875990e-03   6.386860e-18   420
  3.913957e+00   9.953679e-17   1.815566e-03   4.700854e-18   792
  3.920793e+00   8.713454e-17   1.501318e-03   4.049507e-18   680
  3.928594e+00   9.998709e-17   1.378581e-03   4.769098e-18   600
  3.934870e+00   7.661381e-17   1.999321e-03   3.207021e-18   840
  3.943251e+00   8.230355e-17   9.439865e-04   4.109699e-18   432
  3.946454e+00   9.745645e-17   8.846397e-04   4.486230e-18   720
  3.953417e+00   8.957467e-17   1.771778e-03   3.635134e-18   960
  3.962077e+00   8.212994e-17   1.579411e-03   4.814460e-18   528
  3.968405e+00   8.377478e-17   1.614459e-03   4.207890e-18   624
  3.975938e+00   8.950376e-17   1.268954e-03   3.896292e-18   816
  3.983415e+00   8.782059e-17   2.086821e-03   3.673948e-18   696
  3.991678e+00   9.293774e-17   1.150890e-07   6.076703e-18   240
  3.994784e+00   7.636257e-17   1.230648e-03   3.719103e-18   672
  4.001719e+00   6.989008e-17   2.199344e-03   2.746450e-18   864
  4.009498e+00   6.773961e-17   1.687640e-03   2.728264e-18   816
  4.016509e+00   7.950724e-17   9.659469e-04   3.711433e-18   648
  4.024060e+00   8.701734e-17   9.873737e-04   3.405889e-18   843
  4.030471e+00   7.167037e-17   1.776528e-03   3.193426e-18   780
  4.038111e+00   1.087664e-16   9.532520e-04   1.031596e-17   216
  4.042823e+00   8.306196e-17   2.298663e-03   3.392217e-18   1056
  4.050071e+00   7.036327e-17   1.880564e-03   5.277087e-18   228
  4.056781e+00   7.928803e-17   2.341349e-03   3.194948e-18   924
  4.063670e+00   7.859759e-17   8.685094e-04   3.067771e-18   696
  4.070964e+00   7.068035e-17   1.545698e-03   2.855216e-18   996
  4.078428e+00   6.517209e-17   9.125493e-04   3.185073e-18   576
  4.086192e+00   7.527258e-17   1.408459e-03   4.503322e-18   552
  4.091852e+00   8.200537e-17   1.681651e-03   5.013956e-18   516
  4.097596e+00   8.495797e-17   2.445470e-03   3.926845e-18   744
  4.104159e+00   5.472523e-17   1.199649e-03   2.818317e-18   576
  4.109868e+00   7.419147e-17   1.234742e-03   3.406147e-18   792
  4.117982e+00   7.226938e-17   1.411539e-03   2.971421e-18   792
  4.123927e+00   7.579349e-17   1.522330e-03   3.676855e-18   720
  4.131968e+00   6.558089e-17   1.735107e-03   2.980667e-18   656
  4.139503e+00   6.378667e-17   1.894646e-03   2.861277e-18   816
  4.147227e+00   5.747132e-17   1.021561e-03   3.194251e-18   492
  4.151618e+00   7.176053e-17   1.469588e-03   3.572619e-18   552
  4.159858e+00   6.083225e-17   2.555435e-03   2.630546e-18   780
  4.165209e+00   6.260004e-17   1.569773e-03   3.351599e-18   528
  4.170975e+00   5.579565e-17   1.832403e-03   2.991040e-18   600
  4.179472e+00   7.457372e-17   1.522872e-03   3.157959e-18   900
  4.185329e+00   6.652350e-17   8.430879e-04   3.569128e-18   696
  4.193388e+00   6.321251e-17   2.131780e-03   3.441830e-18   696
  4.201183e+00   5.616034e-17   8.648430e-04   2.382276e-18   552
  4.207739e+00   5.954973e-17   1.005732e-03   2.754957e-18   708
  4.214606e+00   5.871049e-17   1.660522e-03   2.205118e-18   876
  4.221752e+00   6.317981e-17   8.817041e-04   4.929996e-18   216
  4.226547e+00   6.495769e-17   2.411580e-03   2.434601e-18   1032
  4.233729e+00   5.081582e-17   2.685028e-03   2.968455e-18   600
  4.241182e+00   4.749865e-17   1.281196e-03   2.317322e-18   600
  4.246868e+00   6.691428e-17   2.262472e-03   3.732271e-18   528
  4.253589e+00   5.561686e-17   1.241998e-03   2.431681e-18   732
  4.260669e+00   5.715267e-17   9.171027e-04   3.693512e-18   336
  4.268820e+00   4.946384e-17   1.307053e-03   1.853759e-18   912
  4.274911e+00   5.014171e-17   1.311885e-03   2.685887e-18   624
  4.281565e+00   5.617700e-17   1.105498e-03   2.326205e-18   768
  4.289333e+00   4.914073e-17   1.994537e-03   1.879460e-18   792
  4.296957e+00   5.471951e-17   9.888090e-04   2.678467e-18   660
  4.302382e+00   5.277291e-17   1.457169e-03   3.389898e-18   504
  4.307992e+00   5.023763e-17   2.380735e-03   2.738349e-18   480
  4.316401e+00   4.408096e-17   2.201870e-03   1.697440e-18   912
  4.322985e+00   4.688935e-17   2.452123e-03   2.617412e-18   432
  4.329203e+00   5.241990e-17   1.456013e-03   2.330167e-18   564
  4.334724e+00   4.368134e-17   1.393605e-03   1.918635e-18   600
  4.342496e+00   5.074715e-17   1.942553e-03   2.127772e-18   876
  4.348334e+00   4.410933e-17   8.734307e-04   3.135259e-18   264
  4.356382e+00   4.346987e-17   1.694799e-03   1.962330e-18   560
  4.362850e+00   4.479961e-17   1.151652e-03   1.658523e-18   840
  4.370702e+00   4.129727e-17   1.775516e-03   1.495415e-18   1008
  4.377963e+00   4.046252e-17   7.942467e-04   1.900330e-18   456
  4.384595e+00   4.457379e-17   1.028834e-03   2.139564e-18   576
  4.390725e+00   4.869244e-17   1.580913e-03   2.316327e-18   612
  4.398809e+00   4.013670e-17   1.412012e-03   1.592815e-18   780
  4.405404e+00   4.440134e-17   1.618102e-03   2.019973e-18   648
  4.412155e+00   4.326248e-17   7.540562e-04   3.173967e-18   312
  4.416470e+00   3.639172e-17   1.915933e-03   1.734397e-18   528
  4.423945e+00   4.004542e-17   2.502113e-03   1.604804e-18   720
  4.431093e+00   4.226667e-17   2.509948e-03   2.227567e-18   576
  4.439759e+00   4.084655e-17   2.165154e-03   2.097226e-18   444
  4.445151e+00   4.344470e-17   2.123318e-03   1.849629e-18   996
  4.451759e+00   3.856320e-17   1.773610e-03   2.141401e-18   432
  4.458005e+00   4.045819e-17   1.941754e-03   2.157832e-18   504
  4.463400e+00   3.269277e-17   8.754449e-04   1.442505e-18   504
  4.471082e+00   3.839395e-17   1.722886e-03   1.413316e-18   876
  4.478033e+00   3.375650e-17   1.982878e-03   1.749930e-18   504
  4.485271e+00   3.204731e-17   1.264576e-03   1.395535e-18   696
  4.491253e+00   3.353535e-17   1.081079e-03   1.438399e-18   492
  4.499392e+00   3.292773e-17   1.547618e-03   1.777654e-18   432
  4.505420e+00   3.943880e-17   1.449174e-03   1.613958e-18   768
  4.512567e+00   3.977711e-17   1.805141e-03   1.800943e-18   648
  4.519390e+00   3.277506e-17   1.177661e-03   1.657927e-18   456
  4.527231e+00   3.340162e-17   1.619475e-03   1.668026e-18   552
  4.532676e+00   3.585222e-17   1.109989e-03   1.670063e-18   648
  4.540170e+00   2.864534e-17   1.809220e-03   1.057734e-18   840
  4.547491e+00   3.240296e-17   8.627791e-04   1.596974e-18   432
  4.554820e+00   3.025864e-17   1.056757e-03   1.425353e-18   600
  4.559917e+00   3.221337e-17   1.125905e-03   1.701440e-18   432
  4.568479e+00   3.447828e-17   1.120948e-03   1.807215e-18   560
  4.574277e+00   3.177256e-17   1.774344e-03   1.370427e-18   840
  4.581537e+00   3.167117e-17   1.050970e-03   1.459697e-18   504
  4.587303e+00   3.023899e-17   2.144966e-03   1.205735e-18   696
  4.595432e+00   3.238614e-17   1.171504e-03   1.841901e-18   384
  4.601763e+00   2.964823e-17   1.716116e-03   1.325459e-18   576
  4.609420e+00   3.149801e-17   1.059101e-03   1.701995e-18   360
  4.615593e+00   3.071607e-17   1.577258e-03   1.244960e-18   828
  4.622251e+00   2.542339e-17   1.404841e-03   1.376449e-18   372
  4.628352e+00   2.984755e-17   2.145462e-03   1.437604e-18   576
  4.636434e+00   2.741160e-17   8.985170e-04   1.217120e-18   636
  4.642192e+00   2.734976e-17   1.732109e-03   1.199099e-18   648
  4.649981e+00   2.585034e-17   1.408015e-03   1.165728e-18   576
  4.655573e+00   2.533186e-17   2.271277e-03   1.191449e-18   528
  4.663010e+00   2.620210e-17   9.710647e-04   1.594631e-18   360
  4.669165e+00   2.716626e-17   2.233813e-03   1.086476e-18   672
  4.677203e+00   3.260886e-17   1.144196e-03   1.200697e-18   804
  4.683893e+00   2.675584e-17   1.262185e-03   1.270944e-18   408
  4.691293e+00   2.853709e-17   7.801673e-04   1.381513e-18   384
  4.696276e+00   2.361720e-17   1.785323e-03   1.199983e-18   480
  4.703304e+00   2.683471e-17   1.153580e-03   1.432061e-18   432
  4.710045e+00   2.867668e-17   2.125802e-03   1.246496e-18   648
  4.718024e+00   2.694949e-17   1.319050e-03   1.208263e-18   624
  4.723861e+00   2.477920e-17   1.199787e-03   1.279433e-18   456
  4.731831e+00   2.320328e-17   1.639016e-03   9.669674e-19   588
  4.737172e+00   2.461986e-17   1.045685e-03   1.063628e-18   600
  4.744970e+00   2.468547e-17   1.631013e-03   1.082275e-18   708
  4.751130e+00   2.606016e-17   1.027507e-03   1.215528e-18   360
  4.757936e+00   2.512697e-17   1.181146e-03   1.152470e-18   552
  4.764461e+00   1.944290e-17   8.286020e-04   1.124576e-18   288
  4.771085e+00   2.344401e-17   1.557998e-03   1.147859e-18   528
  4.777309e+00   2.550116e-17   1.051098e-03   1.346538e-18   456
  4.784262e+00   2.718570e-17   1.863824e-03   1.200278e-18   608
  4.791256e+00   2.368638e-17   9.017389e-04   1.098404e-18   504
  4.798898e+00   2.093591e-17   1.935982e-03   9.874635e-19   540
  4.804891e+00   2.593464e-17   2.078222e-03   1.318205e-18   360
  4.811350e+00   2.361903e-17   9.411255e-04   1.007782e-18   540
  4.817063e+00   2.040689e-17   8.080679e-04   9.489778e-19   576
  4.825371e+00   2.461565e-17   1.873635e-03   9.648745e-19   588
  4.833270e+00   2.277117e-17   2.585051e-03   9.877337e-19   672
  4.840056e+00   2.557016e-17   1.975777e-03   1.202399e-18   552
  4.845526e+00   2.307122e-17   1.976776e-03   2.657048e-18   144
  4.852507e+00   2.194821e-17   1.679474e-03   9.710582e-19   600
  4.859125e+00   1.971132e-17   2.104747e-03   8.277714e-19   504
  4.866470e+00   1.736583e-17   2.162000e-03   1.028798e-18   336
  4.874196e+00   2.197220e-17   2.430098e-03   1.045182e-18   600
  4.881116e+00   2.099601e-17   1.568306e-03   8.926946e-19   636
  4.888585e+00   1.887710e-17   1.260932e-03   8.988939e-19   384
  4.893821e+00   2.070790e-17   1.758851e-03   1.031140e-18   504
  4.901368e+00   2.167287e-17   7.381651e-04   1.538581e-18   240
  4.907324e+00   2.219318e-17   1.734055e-03   8.431016e-19   744
  4.914470e+00   1.924472e-17   1.184096e-03   7.960418e-19   648
  4.920821e+00   2.857459e-17   7.860381e-04   2.802243e-18   120
  4.928265e+00   2.014022e-17   1.234764e-03   8.706024e-19   564
  4.933890e+00   2.029463e-17   1.939271e-03   9.473145e-19   432
  4.941396e+00   1.936297e-17   1.505258e-03   9.217504e-19   480
  4.947049e+00   1.480578e-17   1.107908e-03   6.699641e-19   456
  4.953721e+00   1.994569e-17   1.833424e-03   1.034315e-18   444
  4.961293e+00   1.791974e-17   2.805235e-03   9.155650e-19   528
  4.967944e+00   2.045553e-17   2.083390e-03   1.613241e-18   264
  4.974399e+00   1.763702e-17   2.135165e-03   7.717465e-19   444
  4.983082e+00   1.868849e-17   2.338759e-03   7.691099e-19   696
  4.990289e+00   1.646269e-17   1.250847e-03   8.870587e-19   384
  4.995560e+00   1.912501e-17   1.580550e-03   1.019589e-18   432
  5.003759e+00   1.657552e-17   1.092086e-03   7.919053e-19   488
  5.009082e+00   2.106539e-17   1.645909e-03   9.834029e-19   480
  5.016800e+00   1.668323e-17   1.835529e-03   7.714211e-19   480
  5.022777e+00   1.801346e-17   7.701318e-04   1.115674e-18   240
  5.029563e+00   1.818917e-17   1.798967e-03   8.112420e-19   600
  5.035964e+00   1.628036e-17   1.567616e-03   1.035223e-18   288
  5.042780e+00   1.744906e-17   1.507931e-03   8.933751e-19   480
  5.049682e+00   1.578524e-17   2.682341e-03   6.921863e-19   504
  5.056479e+00   1.611920e-17   1.150891e-03   1.004718e-18   216
  5.065146e+00   1.703871e-17   1.884192e-03   8.467621e-19   504
  5.071897e+00   1.770457e-17   1.515464e-03   8.788664e-19   456
  5.079286e+00   1.904943e-17   8.691442e-04   1.013911e-18   384
  5.084180e+00   1.423607e-17   1.764049e-03   7.172671e-19   480
  5.091134e+00   1.650926e-17   1.549032e-03   7.757519e-19   504
  5.097578e+00   1.673510e-17   9.826093e-04   1.069854e-18   312
  5.104521e+00   1.758266e-17   1.583441e-03   8.787328e-19   492
  5.110667e+00   1.724629e-17   1.484108e-03   9.669764e-19   312
  5.118579e+00   1.356609e-17   2.410815e-03   5.700355e-19   576
  5.125543e+00   1.602629e-17   2.225378e-03   8.651413e-19   336
  5.131328e+00   1.118395e-17   1.713438e-03   7.029013e-19   240
  5.139346e+00   1.428087e-17   2.271584e-03   6.439755e-19   468
  5.146270e+00   1.477345e-17   1.422340e-03   1.091811e-18   192
  5.153517e+00   1.440705e-17   1.426580e-03   8.783986e-19   324
  5.158828e+00   1.552400e-17   1.035388e-03   7.820121e-19   600
  5.166066e+00   1.719272e-17   1.679811e-03   8.731883e-19   456
  5.171442e+00   1.462839e-17   7.555789e-04   9.122897e-19   336
  5.180350e+00   1.489964e-17   2.262417e-03   6.814387e-19   612
  5.186832e+00   1.509205e-17   1.898719e-03   1.436915e-18   144
  5.192961e+00   1.605379e-17   2.216292e-03   7.603813e-19   552
  5.201296e+00   1.299258e-17   8.728032e-04   9.154158e-19   264
  5.206006e+00   1.595791e-17   2.020762e-03   9.634421e-19   336
  5.213435e+00   1.210566e-17   1.335250e-03   6.467438e-19   384
  5.219878e+00   1.317603e-17   7.516140e-04   9.895947e-19   216
  5.227010e+00   1.351990e-17   1.593577e-03   6.694671e-19   344
  5.233513e+00   1.469469e-17   2.377692e-03   8.291737e-19   408
  5.241438e+00   1.129808e-17   1.827101e-03   8.757263e-19   264
  5.248460e+00   1.349953e-17   2.547069e-03   5.892412e-19   612
  5.255476e+00   1.576249e-17   1.310917e-03   8.377076e-19   408
  5.262692e+00   1.364266e-17   1.312801e-03   6.788126e-19   444
  5.267993e+00   1.709661e-17   7.342396e-04   1.493264e-18   120
  5.275096e+00   1.467254e-17   2.028570e-03   8.227149e-19   336
  5.280368e+00   1.170786e-17   7.049199e-04   6.600394e-19   288
  5.287493e+00   1.374658e-17   2.193723e-03   6.106318e-19   552
  5.297288e+00   1.268610e-17   0.000000e+00   1.674296e-18   72
  5.302324e+00   1.157261e-17   2.178926e-03   5.418437e-19   504
  5.308207e+00   1.189099e-17   7.011571e-04   8.073235e-19   216
  5.315829e+00   1.141203e-17   1.251868e-03   7.547277e-19   312
  5.322672e+00   1.133326e-17   1.425448e-03   6.414535e-19   336
  5.329194e+00   1.124232e-17   1.975831e-03   8.270567e-19   204
  5.335689e+00   1.396597e-17   2.296216e-03   6.660263e-19   504
  5.342577e+00   1.417982e-17   2.186657e-03   8.756862e-19   396
  5.349201e+00   1.288473e-17   2.005279e-03   8.912129e-19   312
  5.357232e+00   1.582556e-17   1.225440e-03   1.001873e-18   216
  5.362890e+00   1.118481e-17   6.650698e-04   9.310588e-19   168
  5.369766e+00   1.157847e-17   1.679338e-03   4.773205e-19   588
  5.377613e+00   1.044991e-17   2.279505e-03   6.823685e-19   240
  5.383710e+00   1.117541e-17   2.013185e-03   7.634905e-19   264
  5.390860e+00   1.182813e-17   2.489717e-03   7.252338e-19   288
  5.397204e+00   1.108834e-17   1.243261e-03   5.952857e-19   288
  5.405244e+00   1.107919e-17   1.167620e-03   6.872561e-19   288
  5.410658e+00   1.017257e-17   1.352591e-03   6.734586e-19   192
  5.417469e+00   9.590859e-18   1.439292e-03   5.940210e-19   264
  5.423957e+00   1.397518e-17   2.367436e-03   7.555377e-19   372
  5.430940e+00   1.138905e-17   2.556933e-03   6.496016e-19   360
  5.439463e+00   1.326784e-17   1.082118e-03   9.229485e-19   144
  5.443868e+00   9.908482e-18   1.503015e-03   6.346458e-19   296
  5.450821e+00   1.060789e-17   1.619421e-03   6.851882e-19   288
  5.458782e+00   1.111395e-17   2.420184e-03   5.841177e-19   480
  5.465649e+00   1.030910e-17   2.010942e-03   7.323410e-19   192
  5.472326e+00   1.123176e-17   2.157009e-03   9.338491e-19   192
  5.478395e+00   8.973839e-18   1.374687e-03   5.288065e-19   288
  5.486835e+00   8.736003e-18   1.196646e-03   8.591820e-19   108
  5.491087e+00   1.251922e-17   1.150429e-03   8.271198e-19   240
  5.498595e+00   8.574259e-18   2.146152e-03   4.248290e-19   384
  5.506307e+00   1.104294e-17   2.618062e-03   1.053945e-18   108
  5.513127e+00   1.264943e-17   1.535018e-03   6.689909e-19   348
  5.520298e+00   1.122136e-17   1.602006e-03   7.593791e-19   312
  5.526703e+00   1.294961e-17   1.556684e-03   1.723545e-18   96
  5.532593e+00   1.032046e-17   2.072444e-03   5.511068e-19   384
  5.539190e+00   1.105586e-17   1.425422e-03   1.109776e-18   144
  5.545642e+00   9.180186e-18   2.190224e-03   4.694491e-19   408
  5.553663e+00   8.746711e-18   9.769946e-04   6.572432e-19   144
  5.561240e+00   9.135068e-18   1.878283e-03   7.145509e-19   192
  5.565734e+00   1.229024e-17   2.114042e-03   1.077971e-18   144
  5.573059e+00   8.962184e-18   1.718794e-03   8.431004e-19   144
  5.579969e+00   1.049859e-17   2.100644e-03   7.365299e-19   336
  5.588433e+00   7.780530e-18   1.554210e-03   5.279524e-19   240
  5.593800e+00   6.984964e-18   7.057532e-04   6.859930e-19   96
  5.601284e+00   1.118135e-17   2.069634e-03   7.015172e-19   372
  5.608856e+00   9.947990e-18   2.461786e-03   9.298186e-19   132
  5.615507e+00   8.640987e-18   1.523323e-03   5.225297e-19   264
  5.621457e+00   1.016588e-17   1.169843e-03   8.202543e-19   168
  5.627807e+00   9.873397e-18   1.870354e-03   7.985192e-19   216
  5.633417e+00   1.038513e-17   1.144306e-03   8.452547e-19   216
  5.641586e+00   7.984497e-18   2.099325e-03   9.191253e-19   96
  5.648999e+00   1.069009e-17   1.369618e-03   1.189997e-18   120
  5.655797e+00   8.454355e-18   1.741170e-03   5.521835e-19   216
  5.661397e+00   6.731640e-18   7.608972e-04   5.510754e-19   200
  5.668812e+00   9.484345e-18   1.969636e-03   5.597610e-19   288
  5.678322e+00   6.228278e-18   5.182495e-04   5.752854e-19   144
  5.682326e+00   1.067999e-17   1.612761e-03   1.012489e-18   168
  5.690504e+00   8.635259e-18   1.815012e-03   8.537936e-19   159
  5.696887e+00   7.540270e-18   1.904384e-03   6.027056e-19   174
  5.703065e+00   7.474467e-18   1.726829e-03   6.831588e-19   144
  5.711154e+00   8.639487e-18   9.971188e-04   6.897174e-19   222
  5.716564e+00   6.722994e-18   1.006181e-03   5.418307e-19   168
  5.725909e+00   9.281272e-18   2.206942e-03   1.640867e-18   30
  5.729769e+00   5.970288e-18   1.948567e-03   6.551638e-19   72
  5.737039e+00   7.414383e-18   1.739073e-03   5.741785e-19   258
  5.745032e+00   7.557701e-18   1.089226e-03   4.771075e-19   264
  5.749029e+00   7.180957e-18   1.174622e-07   8.217454e-19   72
  5.757357e+00   5.786463e-18   2.158892e-03   4.761832e-19   174
  5.764898e+00   8.127481e-18   2.298822e-03   6.348302e-19   168
  5.770961e+00   5.323563e-18   7.193062e-08   8.566406e-19   48
  5.777470e+00   6.941656e-18   1.298199e-03   6.900717e-19   150
  5.785016e+00   8.041051e-18   2.388130e-03   6.404103e-19   168
  5.792583e+00   5.235176e-18   1.454738e-03   3.457355e-19   144
  5.799541e+00   8.140284e-18   1.359056e-03   1.047833e-18   102
  5.804724e+00   5.352716e-18   2.011636e-03   5.175356e-19   96
  5.812948e+00   4.879946e-18   1.996414e-03   3.857528e-19   120
  5.819038e+00   5.231871e-18   2.141206e-03   3.788874e-19   168
  5.825625e+00   1.092474e-17   1.581111e-03   1.158321e-18   126
  5.831237e+00   6.277667e-18   1.192474e-03   5.152112e-19   168
  5.838969e+00   5.943284e-18   1.912134e-03   6.037731e-19   72
  5.845726e+00   6.154213e-18   2.394418e-03   3.951795e-19   168
  5.851646e+00   8.657564e-18   6.564276e-04   1.538001e-18   78
  5.859757e+00   5.178645e-18   1.077805e-03   6.171869e-19   60
  5.866288e+00   6.784831e-18   1.748374e-03   6.428601e-19   96
  5.873062e+00   6.760616e-18   2.121507e-03   4.631689e-19   168
  5.879428e+00   5.624919e-18   1.342407e-03   9.185089e-19   86
  5.886107e+00   3.813259e-18   1.199794e-03   4.178733e-19   120
  5.895681e+00   4.875015e-18   8.556122e-04   3.855201e-19   168
  5.900844e+00   4.985416e-18   0.000000e+00   5.888831e-19   48
  5.907798e+00   7.363816e-18   1.558833e-03   6.918463e-19   120
  5.911793e+00   5.331488e-18   1.137231e-03   4.911052e-19   126
  5.921548e+00   4.966252e-18   2.000073e-03   3.831940e-19   96
  5.927878e+00   4.948962e-18   5.767223e-04   4.429786e-19   96
  5.932871e+00   7.244645e-18   6.781684e-08   7.477741e-19   72
  5.943508e+00   4.967091e-18   7.193062e-08   7.708919e-19   24
  5.950147e+00   5.436188e-18   1.186881e-03   4.843601e-19   120
  5.955326e+00   4.789120e-18   1.731294e-03   4.010296e-19   126
  5.961084e+00   5.179770e-18   1.443268e-03   5.001165e-19   96
  5.967813e+00   3.984569e-18   2.494389e-03   5.191380e-19   72
  5.975306e+00   5.434185e-18   1.078907e-03   3.917064e-19   144
  5.981469e+00   4.212928e-18   6.222882e-04   4.768321e-19   72
  5.987626e+00   5.006069e-18   1.242932e-03   6.133955e-19   54
  5.993045e+00   6.383877e-18   1.095319e-03   7.133792e-19   108
  6.004306e+00   3.958491e-18   1.073696e-03   4.984629e-19   72
  6.007812e+00   5.737427e-18   6.195595e-04   5.714456e-19   72
  6.016129e+00   4.620483e-18   1.245875e-07   1.070273e-18   24
  6.023999e+00   3.965697e-18   1.310705e-03   4.145248e-19   48
  6.028777e+00   4.460341e-18   9.984188e-04   5.083111e-19   102
  6.035970e+00   5.125696e-18   2.258008e-03   4.867010e-19   168
  6.045369e+00   4.240037e-18   1.231465e-03   5.768804e-19   72
  6.048851e+00   4.944908e-18   0.000000e+00   8.401052e-19   48
  6.056156e+00   3.701781e-18   2.118194e-03   3.444582e-19   120
  6.065796e+00   5.959094e-18   1.301673e-03   6.941062e-19   96
  6.074901e+00   4.245744e-18   1.150890e-07   5.759278e-19   30
  6.085723e+00   6.998382e-18   6.115837e-04   7.639747e-19   72
  6.090478e+00   5.528223e-18   7.193062e-08   1.240113e-18   24
  6.096586e+00   3.944386e-18   9.065181e-04   4.589919e-19   56
  6.103428e+00   4.362361e-18   1.293647e-03   4.187452e-19   96
  6.111616e+00   3.881559e-18   1.428503e-03   4.113227e-19   144
  6.117928e+00   3.516038e-18   8.110480e-04   3.513426e-19   54
  6.127099e+00   4.523379e-18   1.215036e-03   3.950149e-19   108
  6.136327e+00   6.275309e-18   6.433558e-04   8.033195e-19   48
  6.145113e+00   5.787463e-18   2.422440e-03   6.894159e-19   72
  6.166195e+00   6.146629e-18   1.600514e-03   6.954174e-19   78
  6.172037e+00   4.216855e-18   1.206188e-03   4.266973e-19   72
  6.178856e+00   3.635723e-18   1.204690e-03   3.565615e-19   72
  6.185986e+00   5.201532e-18   2.907051e-03   4.755473e-19   96
  6.191621e+00   4.206663e-18   1.202207e-03   4.292031e-19   72
  6.198419e+00   4.168543e-18   0.000000e+00   8.865826e-19   24
  6.205208e+00   3.870835e-18   2.398986e-03   4.012567e-19   72
  6.220544e+00   6.704088e-18   1.523430e-03   9.283225e-19   30
  6.223843e+00   5.639196e-18   0.000000e+00   1.183364e-18   24
  6.241578e+00   3.204923e-18   1.265014e-03   4.894677e-19   48
  6.247142e+00   5.267777e-18   2.722309e-03   4.718829e-19   120
  6.254637e+00   4.289201e-18   1.190257e-03   5.291777e-19   72
  6.262206e+00   2.877102e-18   1.188818e-03   2.969205e-19   36
  6.267409e+00   3.038952e-18   2.349657e-03   3.207164e-19   78
  6.281928e+00   4.252174e-18   1.256888e-03   5.971080e-19   48
  6.300754e+00   7.242064e-18   1.017253e-07   1.123941e-18   24
  6.314166e+00   3.171128e-18   8.752715e-04   4.402952e-19   56
  6.320919e+00   4.351261e-18   1.346877e-03   5.476375e-19   102
  6.329510e+00   3.624285e-18   9.590750e-08   3.279328e-19   72
  6.334498e+00   2.650400e-18   7.193062e-08   5.642484e-19   24
  6.343217e+00   4.100906e-18   1.244744e-03   9.070882e-19   48
  6.359378e+00   6.576239e-18   0.000000e+00   1.451481e-18   24
  6.379213e+00   2.942819e-18   0.000000e+00   3.640822e-19   6
  6.385398e+00   2.970655e-18   0.000000e+00   4.567972e-19   24
  6.389518e+00   3.878962e-18   1.165127e-03   2.981121e-19   72
  6.397046e+00   3.839959e-18   2.173655e-03   5.328397e-19   84
  6.405152e+00   4.255295e-18   0.000000e+00   8.732802e-19   24
  6.407617e+00   5.879043e-18   1.017253e-07   1.466206e-18   24
  6.419927e+00   4.795047e-18   1.245875e-07   7.261808e-19   24
  6.437123e+00   6.415461e-18   0.000000e+00   2.168956e-18   6
  6.459163e+00   3.925804e-18   1.222400e-03   4.113388e-19   48
  6.464458e+00   3.362480e-18   2.302802e-03   3.506044e-19   72
  6.471376e+00   3.747249e-18   1.220094e-03   5.253936e-19   48
  6.482347e+00   2.990814e-18   0.000000e+00   4.363980e-19   24
  6.496947e+00   6.665236e-18   0.000000e+00   8.135574e-19   6
  6.529678e+00   1.464144e-18   0.000000e+00   1.751022e-19   8
  6.532096e+00   2.689036e-18   7.193062e-08   4.431519e-19   48
  6.537895e+00   3.929911e-18   1.183236e-03   4.762257e-19   60
  6.546585e+00   3.919962e-18   0.000000e+00   9.423674e-19   24
  6.558634e+00   7.982385e-18   0.000000e+00   3.175478e-18   6
  6.603027e+00   3.698061e-18   0.000000e+00   6.457278e-19   24
  6.606613e+00   4.676229e-18   1.195118e-03   5.350672e-19   48
  6.612586e+00   4.326309e-18   0.000000e+00   1.091598e-18   24
  6.622132e+00   1.064245e-18   0.000000e+00   2.585500e-19   6
  6.676359e+00   3.143442e-18   1.114931e-03   4.946213e-19   36
  6.680300e+00   4.067878e-18   0.000000e+00   5.251716e-19   24
  6.687387e+00   3.197530e-18   0.000000e+00   2.956486e-19   6
  6.749089e+00   3.662418e-18   1.013241e-03   5.142957e-19   32
  6.754351e+00   1.926792e-18   0.000000e+00   9.365170e-19   6
  6.820657e+00   3.776561e-18   0.000000e+00   9.170683e-19   12
  6.822972e+00   2.806256e-18   0.000000e+00   7.668267e-19   6
  6.893201e+00   3.223750e-18   0.000000e+00   1.398214e-18   6
