# power spectrum of pi_k * H (dimensionless)
# redshift z=48.512538
# k              Pk             sigma(k)       sigma(Pk)      count
  1.256637e-01   8.034648e-12   0.000000e+00   3.238780e-12   6
  1.777153e-01   2.104376e-12   0.000000e+00   4.203354e-13   12
  2.176559e-01   1.005118e-12   2.384186e-09   2.060456e-13   8
  2.513274e-01   2.433552e-12   0.000000e+00   2.623508e-13   6
  2.809926e-01   1.303071e-12   4.495664e-09   4.157857e-13   24
  3.078120e-01   1.505030e-12   4.495664e-09   2.551549e-13   24
  3.554306e-01   4.794062e-13   0.000000e+00   2.153503e-13   12
  3.769911e-01   4.913567e-13   5.086263e-09   8.967693e-14   30
  3.973835e-01   5.560785e-13   0.000000e+00   1.221248e-13   24
  4.167794e-01   4.547390e-13   7.786718e-09   1.128744e-13   24
  4.353118e-01   4.729757e-13   4.768372e-09   9.490480e-14   8
  4.530869e-01   3.714456e-13   6.357829e-09   4.655397e-14   24
  4.701905e-01   3.228073e-13   0.000000e+00   4.559269e-14   48
  5.026548e-01   3.375126e-13   0.000000e+00   1.483494e-13   6
  5.181247e-01   2.505412e-13   6.357829e-09   3.528029e-14   48
  5.331460e-01   2.198498e-13   5.994218e-09   2.311189e-14   36
  5.477554e-01   2.968686e-13   6.357829e-09   6.233515e-14   24
  5.619852e-01   1.672016e-13   8.991328e-09   2.845007e-14   24
  5.758634e-01   1.414433e-13   0.000000e+00   1.911076e-14   48
  5.894150e-01   2.045004e-13   8.991328e-09   2.911165e-14   24
  6.156239e-01   1.533698e-13   8.991328e-09   2.383902e-14   24
  6.283185e-01   9.889631e-14   0.000000e+00   1.627659e-14   30
  6.407617e-01   1.034753e-13   0.000000e+00   1.136319e-14   72
  6.529678e-01   9.823350e-14   9.536743e-09   2.022985e-14   32
  6.767198e-01   1.202798e-13   0.000000e+00   1.394260e-14   72
  6.882885e-01   7.166963e-14   0.000000e+00   1.048363e-14   48
  7.108613e-01   3.515537e-14   0.000000e+00   1.042561e-14   12
  7.218830e-01   6.817909e-14   0.000000e+00   1.013917e-14   48
  7.327390e-01   5.825333e-14   0.000000e+00   5.678765e-15   48
  7.434365e-01   7.489629e-14   8.991328e-09   9.542092e-15   48
  7.539822e-01   8.859784e-14   1.017253e-08   1.561978e-14   30
  7.643825e-01   7.943924e-14   0.000000e+00   1.782095e-14   24
  7.746431e-01   7.844527e-14   1.895538e-08   7.968022e-15   72
  7.947671e-01   4.381541e-14   0.000000e+00   8.383367e-15   24
  8.046403e-01   6.460588e-14   0.000000e+00   6.347623e-15   96
  8.143939e-01   4.853552e-14   0.000000e+00   6.596099e-15   48
  8.240320e-01   3.930215e-14   1.557344e-08   9.535356e-15   24
  8.335587e-01   2.801439e-14   1.557344e-08   5.849835e-15   24
  8.429778e-01   6.574024e-14   0.000000e+00   7.940905e-15   72
  8.522927e-01   4.927812e-14   0.000000e+00   7.515133e-15   48
  8.706237e-01   3.857591e-14   9.536743e-09   1.147469e-14   8
  8.796459e-01   5.907580e-14   1.130281e-08   7.178774e-15   54
  8.885766e-01   3.815669e-14   0.000000e+00   6.557748e-15   84
  8.974184e-01   4.289704e-14   0.000000e+00   6.174540e-15   48
  9.061739e-01   2.559614e-14   1.271566e-08   4.489185e-15   24
  9.148456e-01   3.341814e-14   1.695421e-08   3.909881e-15   72
  9.234359e-01   4.314303e-14   0.000000e+00   4.941560e-15   96
  9.403811e-01   5.503076e-14   0.000000e+00   5.966868e-15   48
  9.487402e-01   3.041225e-14   0.000000e+00   2.907213e-15   48
  9.570263e-01   2.642517e-14   0.000000e+00   5.164213e-15   24
  9.652412e-01   2.890417e-14   0.000000e+00   3.134315e-15   72
  9.814649e-01   2.848418e-14   0.000000e+00   3.392262e-15   72
  9.894770e-01   2.749711e-14   0.000000e+00   3.146454e-15   96
  1.005310e+00   3.922982e-14   0.000000e+00   1.729183e-14   6
  1.013133e+00   2.971482e-14   0.000000e+00   2.943351e-15   96
  1.020897e+00   3.027640e-14   1.271566e-08   3.252429e-15   96
  1.028602e+00   1.877174e-14   0.000000e+00   4.488322e-15   24
  1.036249e+00   2.169141e-14   1.271566e-08   2.613353e-15   48
  1.043841e+00   2.172436e-14   0.000000e+00   2.206432e-15   96
  1.051378e+00   2.371784e-14   0.000000e+00   3.257442e-15   48
  1.066292e+00   2.098154e-14   1.198844e-08   3.749058e-15   36
  1.073671e+00   2.079222e-14   2.202416e-08   2.611240e-15   48
  1.081000e+00   2.258930e-14   2.491750e-08   2.011803e-15   120
  1.088280e+00   1.981889e-14   0.000000e+00   2.643566e-15   56
  1.095511e+00   1.068102e-14   1.271566e-08   1.919597e-15   24
  1.102695e+00   1.541910e-14   0.000000e+00   1.380633e-15   96
  1.109832e+00   1.632202e-14   0.000000e+00   2.089127e-15   48
  1.123970e+00   1.988961e-14   1.798266e-08   3.661218e-15   24
  1.130973e+00   2.076163e-14   0.000000e+00   2.098960e-15   102
  1.137933e+00   2.222015e-14   1.271566e-08   3.378734e-15   48
  1.144851e+00   1.933567e-14   0.000000e+00   1.915919e-15   72
  1.151727e+00   1.745130e-14   0.000000e+00   1.749694e-15   48
  1.158562e+00   1.898974e-14   0.000000e+00   3.500176e-15   48
  1.165357e+00   1.568763e-14   2.877225e-08   1.408892e-15   120
  1.178830e+00   2.250588e-14   1.798266e-08   3.666046e-15   24
  1.185509e+00   1.346915e-14   1.695421e-08   1.132961e-15   144
  1.192151e+00   1.357122e-14   2.034505e-08   1.336185e-15   120
  1.198755e+00   1.113819e-14   1.798266e-08   1.584341e-15   48
  1.211857e+00   1.543722e-14   1.798266e-08   2.093193e-15   48
  1.218355e+00   1.226038e-14   1.798266e-08   1.236307e-15   96
  1.235512e+00   1.529840e-14   3.015167e-03   1.834477e-15   72
  1.244007e+00   1.158516e-14   1.598458e-08   8.897884e-16   108
  1.250338e+00   1.325689e-14   0.000000e+00   1.387465e-15   72
  1.256637e+00   8.272996e-15   0.000000e+00   1.625455e-15   30
  1.262905e+00   1.343134e-14   0.000000e+00   1.045644e-15   168
  1.269141e+00   1.397387e-14   0.000000e+00   1.567506e-15   48
  1.281523e+00   8.958869e-15   0.000000e+00   1.061770e-15   72
  1.287670e+00   1.188565e-14   0.000000e+00   1.158447e-15   96
  1.293787e+00   1.121819e-14   3.390842e-08   1.724162e-15   72
  1.299875e+00   1.282634e-14   0.000000e+00   1.353383e-15   72
  1.310112e+00   1.169750e-14   2.784031e-03   8.842830e-16   104
  1.317972e+00   1.072564e-14   2.397687e-08   7.857041e-16   144
  1.335824e+00   7.282839e-15   4.021044e-08   6.946263e-16   96
  1.341721e+00   7.614789e-15   0.000000e+00   8.032169e-16   96
  1.351101e+00   1.036513e-14   2.864148e-03   9.620827e-16   120
  1.359261e+00   8.619374e-15   0.000000e+00   7.656785e-16   120
  1.365057e+00   1.043406e-14   0.000000e+00   1.142483e-15   72
  1.376577e+00   1.038305e-14   0.000000e+00   1.366303e-15   48
  1.382301e+00   1.050123e-14   3.130008e-08   1.235888e-15   78
  1.389623e+00   1.076641e-14   2.564571e-03   8.448213e-16   168
  1.404963e+00   9.694974e-15   2.936555e-08   8.285482e-16   144
  1.410572e+00   1.037766e-14   2.397687e-08   7.422894e-16   144
  1.426839e+00   8.793910e-15   1.476986e-03   7.726185e-16   156
  1.432787e+00   6.628887e-15   3.114687e-08   1.279330e-15   48
  1.438287e+00   7.834620e-15   2.034505e-08   7.459858e-16   120
  1.443766e+00   5.467055e-15   0.000000e+00   5.818348e-16   48
  1.453454e+00   8.121273e-15   2.260797e-03   5.622052e-16   216
  1.465478e+00   6.550165e-15   0.000000e+00   8.029451e-16   48
  1.470856e+00   6.372941e-15   1.798266e-08   5.438620e-16   96
  1.478502e+00   7.159512e-15   2.642094e-03   6.344857e-16   168
  1.486873e+00   5.611883e-15   1.798266e-08   8.031081e-16   48
  1.492174e+00   7.650716e-15   0.000000e+00   7.642092e-16   96
  1.497456e+00   6.857734e-15   0.000000e+00   1.253817e-15   48
  1.507964e+00   8.068479e-15   2.034505e-08   8.205008e-16   30
  1.513191e+00   5.346147e-15   0.000000e+00   4.363514e-16   96
  1.519439e+00   6.432894e-15   2.076451e-03   4.462381e-16   240
  1.527472e+00   9.421010e-15   2.240191e-03   1.331322e-15   32
  1.533921e+00   4.797040e-15   0.000000e+00   3.433417e-16   168
  1.539060e+00   5.594147e-15   0.000000e+00   5.527868e-16   120
  1.549286e+00   4.608685e-15   3.791077e-08   5.306260e-16   72
  1.554374e+00   7.122987e-15   1.695421e-08   6.528126e-16   144
  1.559446e+00   5.199929e-15   0.000000e+00   5.143683e-16   96
  1.564501e+00   6.622113e-15   0.000000e+00   5.338286e-16   96
  1.574562e+00   7.128410e-15   0.000000e+00   8.771546e-16   72
  1.579568e+00   5.355100e-15   2.543132e-08   5.313919e-16   96
  1.589534e+00   5.753005e-15   0.000000e+00   1.047499e-15   24
  1.594494e+00   5.979206e-15   0.000000e+00   4.289127e-16   192
  1.600334e+00   5.537934e-15   1.901066e-03   4.156268e-16   132
  1.609281e+00   5.921769e-15   0.000000e+00   5.085554e-16   96
  1.614180e+00   4.092121e-15   0.000000e+00   4.137142e-16   96
  1.619064e+00   5.351214e-15   2.034505e-08   4.369585e-16   120
  1.628788e+00   5.646161e-15   0.000000e+00   7.582935e-16   48
  1.636759e+00   3.877394e-15   2.303939e-03   2.423884e-16   222
  1.643266e+00   4.925178e-15   0.000000e+00   4.487271e-16   120
  1.648064e+00   4.910275e-15   3.114687e-08   1.026034e-15   24
  1.655050e+00   5.701826e-15   2.378000e-03   3.123510e-16   312
  1.670270e+00   6.065900e-15   2.229470e-03   6.454117e-16   72
  1.676563e+00   4.244321e-15   3.114687e-08   5.283728e-16   96
  1.683024e+00   5.075884e-15   2.270407e-03   3.943109e-16   192
  1.690632e+00   4.591572e-15   2.877225e-08   4.792662e-16   120
  1.695296e+00   4.556417e-15   0.000000e+00   4.476852e-16   144
  1.704585e+00   4.221055e-15   0.000000e+00   5.954814e-16   48
  1.711188e+00   3.977632e-15   2.282974e-03   2.385387e-16   336
  1.718425e+00   4.351637e-15   0.000000e+00   5.479524e-16   48
  1.727590e+00   4.068288e-15   0.000000e+00   3.651179e-16   192
  1.732155e+00   3.963297e-15   0.000000e+00   4.767744e-16   48
  1.745129e+00   4.015999e-15   1.584683e-03   4.840160e-16   56
  1.751580e+00   4.010550e-15   2.035272e-03   2.226307e-16   336
  1.759292e+00   3.978624e-15   2.260561e-08   5.844906e-16   54
  1.766010e+00   3.645361e-15   2.235459e-03   2.227203e-16   240
  1.779956e+00   3.635953e-15   2.140470e-03   2.796613e-16   228
  1.786017e+00   4.140908e-15   2.397687e-08   5.324709e-16   72
  1.791900e+00   4.136740e-15   2.076308e-03   3.015024e-16   144
  1.799230e+00   3.485011e-15   0.000000e+00   3.348487e-16   96
  1.803613e+00   3.469803e-15   2.877225e-08   2.227697e-16   240
  1.812348e+00   2.927854e-15   2.543132e-08   5.308018e-16   24
  1.817939e+00   3.608591e-15   1.961057e-03   2.093487e-16   336
  1.825371e+00   3.044700e-15   0.000000e+00   3.565558e-16   72
  1.832154e+00   4.021521e-15   2.133012e-03   2.894840e-16   168
  1.838302e+00   2.806699e-15   0.000000e+00   2.639472e-16   72
  1.846872e+00   4.204909e-15   0.000000e+00   4.010190e-16   96
  1.853509e+00   3.188155e-15   2.117011e-03   2.263409e-16   216
  1.859653e+00   2.526666e-15   0.000000e+00   1.931095e-16   96
  1.868125e+00   3.046398e-15   2.543132e-08   2.021930e-16   192
  1.872347e+00   3.024881e-15   2.397687e-08   2.335851e-16   144
  1.880762e+00   2.865176e-15   0.000000e+00   3.650919e-16   48
  1.886588e+00   3.220689e-15   2.041047e-03   2.221675e-16   246
  1.894505e+00   3.894019e-15   1.881878e-03   2.927705e-16   168
  1.901637e+00   3.070661e-15   4.983500e-08   3.274464e-16   120
  1.905784e+00   2.551476e-15   0.000000e+00   1.738440e-16   240
  1.914053e+00   1.980850e-15   0.000000e+00   4.057070e-16   24
  1.920640e+00   2.822013e-15   2.014384e-03   1.700957e-16   360
  1.928845e+00   2.905015e-15   2.005812e-03   2.239180e-16   120
  1.934568e+00   3.031359e-15   0.000000e+00   2.469022e-16   144
  1.938645e+00   3.190882e-15   0.000000e+00   2.660764e-16   96
  1.950825e+00   2.874786e-15   0.000000e+00   2.196247e-16   144
  1.954868e+00   3.148189e-15   0.000000e+00   2.677662e-16   132
  1.960551e+00   2.676970e-15   1.979707e-03   1.945964e-16   176
  1.968799e+00   2.693665e-15   1.999105e-03   1.413496e-16   312
  1.978954e+00   3.537893e-15   0.000000e+00   5.258471e-16   96
  1.982940e+00   2.392283e-15   0.000000e+00   2.130347e-16   144
  1.989055e+00   2.643614e-15   1.979053e-03   1.534391e-16   312
  1.998804e+00   2.882484e-15   0.000000e+00   2.975125e-16   48
  2.002750e+00   2.312780e-15   2.543132e-08   1.693713e-16   192
  2.010619e+00   1.002715e-15   0.000000e+00   3.002757e-16   6
  2.015848e+00   2.159291e-15   1.845802e-03   1.151197e-16   288
  2.024316e+00   2.163700e-15   1.950210e-03   1.570521e-16   192
  2.030159e+00   2.050442e-15   5.980883e-08   1.320420e-16   216
  2.034045e+00   2.479601e-15   0.000000e+00   3.299295e-16   72
  2.043725e+00   2.143594e-15   1.931689e-03   1.768415e-16   192
  2.050154e+00   2.624317e-15   1.434383e-03   1.590225e-16   288
  2.057204e+00   2.184247e-15   0.000000e+00   4.338562e-16   24
  2.062650e+00   2.379183e-15   1.889681e-03   1.112545e-16   456
  2.072499e+00   1.634044e-15   0.000000e+00   2.387161e-16   48
  2.078585e+00   2.201141e-15   1.861260e-03   1.562857e-16   240
  2.085579e+00   2.532514e-15   1.881013e-03   1.660464e-16   216
  2.091461e+00   1.947299e-15   0.000000e+00   2.389219e-16   72
  2.095233e+00   1.906239e-15   6.498988e-08   1.557682e-16   168
  2.105882e+00   2.221345e-15   1.398129e-03   1.375656e-16   288
  2.111855e+00   2.220895e-15   1.849965e-03   1.545036e-16   168
  2.121448e+00   2.420387e-15   0.000000e+00   1.782455e-16   192
  2.125166e+00   1.896699e-15   2.397687e-08   1.352855e-16   144
  2.132584e+00   2.598450e-15   2.397687e-08   3.182388e-16   36
  2.138874e+00   1.642322e-15   1.689411e-03   8.449777e-17   342
  2.144889e+00   1.923457e-15   1.734820e-03   1.554784e-16   144
  2.152621e+00   1.872676e-15   1.819392e-03   9.836078e-17   384
  2.162000e+00   2.232111e-15   4.983500e-08   2.092246e-16   120
  2.166643e+00   2.198803e-15   1.622368e-03   1.314229e-16   264
  2.172929e+00   1.827675e-15   8.042088e-08   1.312291e-16   192
  2.178848e+00   1.930425e-15   1.748412e-03   1.500459e-16   152
  2.183802e+00   1.786622e-15   4.795375e-08   1.615240e-16   144
  2.194222e+00   1.464202e-15   1.131589e-03   1.057598e-16   216
  2.199045e+00   1.994975e-15   1.512105e-03   1.074852e-16   312
  2.207535e+00   1.682502e-15   1.752500e-03   9.448546e-17   240
  2.212538e+00   1.964744e-15   2.543132e-08   1.980209e-16   96
  2.222033e+00   1.646719e-15   1.675517e-03   1.328312e-16   144
  2.227885e+00   1.727203e-15   1.646885e-03   8.408426e-17   456
  2.237379e+00   1.297573e-15   0.000000e+00   8.527271e-17   120
  2.240905e+00   1.501207e-15   0.000000e+00   1.414369e-16   144
  2.247941e+00   1.165585e-15   3.596531e-08   1.858847e-16   24
  2.252452e+00   1.661278e-15   1.583038e-03   8.422993e-17   336
  2.260253e+00   1.574908e-15   1.745876e-03   1.205354e-16   198
  2.267563e+00   1.622239e-15   1.697764e-03   9.009326e-17   432
  2.275867e+00   1.901685e-15   5.086263e-08   1.917408e-16   48
  2.280199e+00   1.889152e-15   1.498832e-03   9.840856e-17   384
  2.287976e+00   1.653267e-15   1.725473e-03   1.351106e-16   144
  2.295024e+00   1.852173e-15   1.713168e-03   1.214272e-16   264
  2.303454e+00   1.385645e-15   0.000000e+00   1.337772e-16   48
  2.309110e+00   1.546096e-15   1.628943e-03   9.420630e-17   276
  2.314567e+00   1.435729e-15   1.476593e-03   1.216354e-16   192
  2.321860e+00   1.457004e-15   1.659366e-03   6.116484e-17   552
  2.330715e+00   1.027865e-15   4.069010e-08   9.320429e-17   120
  2.335978e+00   1.439735e-15   1.679687e-03   9.864492e-17   216
  2.340855e+00   1.373615e-15   4.069010e-08   1.100271e-16   120
  2.349569e+00   1.616706e-15   1.654080e-03   8.046966e-17   408
  2.357660e+00   1.097978e-15   3.596531e-08   1.431751e-16   24
  2.362678e+00   1.314391e-15   1.670919e-03   8.050737e-17   384
  2.369685e+00   1.195658e-15   1.632547e-03   7.873293e-17   240
  2.375770e+00   1.301969e-15   1.644502e-03   8.960540e-17   168
  2.384301e+00   1.038950e-15   0.000000e+00   1.037277e-16   120
  2.389801e+00   1.368731e-15   1.714308e-03   7.355587e-17   350
  2.398744e+00   1.376233e-15   2.822081e-03   7.567832e-17   384
  2.404088e+00   1.485496e-15   0.000000e+00   1.409134e-16   144
  2.413921e+00   1.142697e-15   3.390842e-08   7.042983e-17   288
  2.419055e+00   1.181451e-15   1.615394e-03   6.132831e-17   336
  2.426039e+00   1.321491e-15   1.470682e-03   1.008055e-16   168
  2.430220e+00   1.315567e-15   9.639558e-08   8.300329e-17   336
  2.438868e+00   1.064722e-15   1.526480e-03   6.185031e-17   288
  2.444062e+00   1.154008e-15   1.438335e-03   6.917663e-17   264
  2.452858e+00   1.175922e-15   0.000000e+00   7.429696e-17   240
  2.456075e+00   1.166704e-15   0.000000e+00   9.879099e-17   96
  2.467620e+00   1.294095e-15   1.956039e-03   7.082973e-17   360
  2.473008e+00   1.192856e-15   1.441936e-03   1.118892e-16   168
  2.479816e+00   1.187051e-15   1.571860e-03   5.411540e-17   456
  2.488014e+00   1.084439e-15   4.521123e-08   9.631591e-17   108
  2.492626e+00   1.022960e-15   1.577159e-03   6.953026e-17   264
  2.498378e+00   1.046460e-15   1.407083e-03   7.293240e-17   264
  2.506256e+00   1.214076e-15   1.327788e-03   6.911287e-17   312
  2.516065e+00   1.184896e-15   9.866910e-04   7.887685e-17   270
  2.520176e+00   1.113704e-15   1.252729e-03   8.057844e-17   240
  2.527567e+00   1.129777e-15   1.549783e-03   5.980843e-17   384
  2.532054e+00   9.364585e-16   5.086263e-08   6.250991e-17   192
  2.540769e+00   1.178431e-15   1.243495e-03   8.740838e-17   240
  2.545825e+00   1.119157e-15   1.534673e-03   6.245689e-17   336
  2.555333e+00   1.097695e-15   1.544942e-03   4.785622e-17   480
  2.563047e+00   1.102173e-15   3.390842e-08   1.184262e-16   72
  2.567356e+00   1.102059e-15   1.506459e-03   7.861409e-17   240
  2.573216e+00   9.428235e-16   1.415865e-03   5.195525e-17   312
  2.579934e+00   8.994139e-16   1.530210e-03   6.085079e-17   240
  2.590086e+00   1.020528e-15   1.162564e-03   5.144552e-17   408
  2.594104e+00   9.384638e-16   1.064628e-03   5.392666e-17   336
  2.601958e+00   9.929699e-16   1.351816e-03   7.231737e-17   264
  2.605818e+00   1.045800e-15   0.000000e+00   8.719241e-17   144
  2.616557e+00   9.726817e-16   1.873697e-03   4.968969e-17   464
  2.622215e+00   7.455063e-16   1.489973e-03   5.327264e-17   168
  2.627801e+00   1.101724e-15   1.357041e-03   6.196419e-17   336
  2.637897e+00   9.231650e-16   1.425837e-03   5.196322e-17   414
  2.643588e+00   1.142985e-15   1.484211e-03   7.901259e-17   216
  2.650879e+00   1.195030e-15   3.596531e-08   1.232052e-16   96
  2.653856e+00   8.911689e-16   8.809666e-08   4.549385e-17   384
  2.664284e+00   9.640500e-16   1.481344e-03   4.707775e-17   492
  2.669873e+00   8.282038e-16   1.448627e-03   5.005462e-17   240
  2.676189e+00   7.802527e-16   1.470864e-03   4.270371e-17   312
  2.684913e+00   7.725920e-16   1.470380e-03   5.585906e-17   192
  2.690439e+00   8.964671e-16   1.424976e-03   4.314589e-17   504
  2.697770e+00   8.899193e-16   9.433586e-04   5.138671e-17   408
  2.703542e+00   9.268032e-16   2.890096e-03   7.489839e-17   168
  2.710765e+00   8.764559e-16   1.372821e-03   5.687466e-17   288
  2.716826e+00   7.985312e-16   1.432656e-03   5.408471e-17   288
  2.723035e+00   8.020248e-16   1.440903e-03   4.005910e-17   432
  2.732042e+00   9.101502e-16   1.362614e-03   6.001341e-17   216
  2.736854e+00   8.127245e-16   1.359739e-03   4.163629e-17   360
  2.745421e+00   8.911219e-16   1.327092e-03   5.160529e-17   312
  2.753154e+00   1.053199e-15   0.000000e+00   1.710137e-16   48
  2.757611e+00   7.849219e-16   1.422834e-03   3.956064e-17   432
  2.765594e+00   7.300631e-16   2.373302e-03   3.552351e-17   414
  2.770308e+00   7.689917e-16   5.421333e-08   4.560920e-17   312
  2.779102e+00   8.322405e-16   2.082441e-03   3.979573e-17   528
  2.785037e+00   8.506195e-16   1.093105e-03   6.096689e-17   264
  2.792167e+00   7.679372e-16   1.296122e-03   4.052417e-17   480
  2.801483e+00   7.761435e-16   0.000000e+00   4.373407e-17   288
  2.805506e+00   7.925980e-16   1.392643e-03   6.904496e-17   168
  2.812867e+00   7.987372e-16   2.204550e-03   3.538877e-17   504
  2.821143e+00   9.700345e-16   3.390842e-08   7.670223e-17   144
  2.826350e+00   6.784958e-16   1.415850e-03   3.222223e-17   464
  2.834173e+00   6.200866e-16   2.077839e-03   3.025356e-17   432
  2.837886e+00   8.208292e-16   3.596531e-08   5.731586e-17   192
  2.847481e+00   6.477750e-16   1.540373e-03   2.943747e-17   396
  2.853147e+00   6.906885e-16   1.383680e-03   4.235271e-17   288
  2.858874e+00   6.818930e-16   1.366839e-03   3.912782e-17   336
  2.868021e+00   6.563151e-16   8.655099e-04   3.162660e-17   432
  2.873827e+00   7.214524e-16   2.243281e-03   3.848353e-17   360
  2.880345e+00   6.864733e-16   1.326934e-03   3.207219e-17   384
  2.889603e+00   5.894274e-16   1.171274e-03   4.341293e-17   198
  2.894063e+00   6.811753e-16   1.331357e-03   2.857294e-17   552
  2.902381e+00   6.153636e-16   1.863809e-03   3.896461e-17   432
  2.909325e+00   7.206571e-16   7.119285e-08   5.585851e-17   168
  2.915153e+00   7.196754e-16   2.310442e-03   3.545326e-17   480
  2.922863e+00   5.060823e-16   0.000000e+00   4.745012e-17   120
  2.926334e+00   6.366498e-16   1.887069e-03   4.163441e-17   336
  2.934802e+00   6.489065e-16   1.331298e-03   2.554324e-17   672
  2.943175e+00   6.864366e-16   1.936554e-03   3.144235e-17   528
  2.947075e+00   5.572526e-16   5.812872e-08   3.660676e-17   168
  2.956085e+00   6.415047e-16   2.160213e-03   2.986487e-17   456
  2.961583e+00   7.496202e-16   1.319260e-03   8.288331e-17   168
  2.967291e+00   6.418483e-16   1.316892e-03   3.342598e-17   504
  2.976778e+00   5.557680e-16   1.694638e-03   3.427555e-17   336
  2.982515e+00   6.854908e-16   1.221633e-03   3.920334e-17   312
  2.988879e+00   6.289063e-16   1.193619e-03   3.154508e-17   504
  2.997254e+00   5.796268e-16   8.281656e-04   2.592176e-17   432
  3.001192e+00   5.122872e-16   1.279790e-03   2.888840e-17   312
  3.009377e+00   5.428705e-16   1.311847e-03   2.658585e-17   384
  3.017923e+00   6.595625e-16   1.114566e-03   6.940079e-17   126
  3.023199e+00   5.801080e-16   1.956913e-03   2.813482e-17   492
  3.029938e+00   6.171917e-16   1.253405e-03   2.932041e-17   528
  3.038360e+00   5.530537e-16   1.273190e-03   2.654369e-17   480
  3.043581e+00   6.405431e-16   1.758905e-03   3.389954e-17   432
  3.051137e+00   6.223318e-16   1.383146e-03   3.113583e-17   440
  3.059913e+00   5.832614e-16   6.878330e-04   3.393218e-17   312
  3.063206e+00   5.702179e-16   1.030775e-03   3.706683e-17   480
  3.069960e+00   5.584642e-16   2.018238e-03   3.224344e-17   408
  3.079829e+00   5.973050e-16   1.208696e-03   3.248519e-17   360
  3.083998e+00   5.216823e-16   1.166348e-03   2.764596e-17   408
  3.091725e+00   4.782611e-16   1.186907e-03   2.337306e-17   456
  3.100425e+00   5.695888e-16   1.134390e-03   3.412526e-17   264
  3.105254e+00   5.280485e-16   1.231098e-03   3.154150e-17   384
  3.112283e+00   5.221457e-16   2.072640e-03   2.290409e-17   672
  3.120409e+00   5.514698e-16   1.239707e-03   4.307197e-17   240
  3.125099e+00   5.023015e-16   1.257992e-03   2.851065e-17   264
  3.131717e+00   4.083977e-16   1.551526e-03   1.813156e-17   624
  3.141593e+00   4.802494e-16   0.000000e+00   4.174954e-17   150
  3.145109e+00   5.727748e-16   1.738607e-03   2.737145e-17   600
  3.152524e+00   4.722574e-16   1.199942e-03   2.114291e-17   672
  3.160921e+00   4.868526e-16   1.128630e-03   3.157793e-17   336
  3.165599e+00   5.572340e-16   1.227621e-03   3.214387e-17   408
  3.173072e+00   4.940120e-16   1.224729e-03   2.960559e-17   408
  3.181385e+00   4.599792e-16   6.192886e-04   2.547084e-17   360
  3.186510e+00   5.202632e-16   2.273829e-03   2.815248e-17   456
  3.192699e+00   4.570214e-16   1.236522e-03   2.427857e-17   384
  3.200577e+00   4.680113e-16   1.141466e-03   2.298153e-17   348
  3.204835e+00   4.985776e-16   1.407202e-03   2.385184e-17   576
  3.212832e+00   4.567834e-16   1.158646e-03   2.132187e-17   504
  3.221013e+00   4.539253e-16   1.634203e-03   2.392459e-17   432
  3.228154e+00   4.141946e-16   2.223325e-03   1.689089e-17   576
  3.233247e+00   4.266834e-16   0.000000e+00   2.770185e-17   264
  3.241325e+00   4.438193e-16   1.769212e-03   1.666924e-17   768
  3.248351e+00   4.357653e-16   2.381921e-03   3.003125e-17   240
  3.253937e+00   4.105069e-16   2.100629e-03   3.536648e-17   192
  3.262073e+00   4.006131e-16   1.546319e-03   1.751637e-17   504
  3.268108e+00   4.287635e-16   2.083724e-03   2.279935e-17   590
  3.273894e+00   4.333917e-16   2.334698e-03   2.498226e-17   384
  3.281151e+00   4.197375e-16   1.951120e-03   2.156529e-17   504
  3.289911e+00   4.778225e-16   1.877651e-03   2.040948e-17   648
  3.298409e+00   4.094329e-16   5.099453e-04   2.068848e-17   504
  3.301835e+00   4.185740e-16   1.163281e-03   2.286552e-17   312
  3.307884e+00   4.152001e-16   1.676002e-03   1.835993e-17   576
  3.316189e+00   4.374852e-16   1.166339e-03   3.433977e-17   240
  3.321030e+00   3.807745e-16   1.178530e-03   1.736606e-17   552
  3.327882e+00   4.477769e-16   1.106612e-03   2.266021e-17   600
  3.337643e+00   3.977016e-16   1.351639e-03   1.769670e-17   600
  3.343511e+00   4.062598e-16   2.164544e-03   2.493051e-17   312
  3.349356e+00   4.358064e-16   1.885103e-03   2.161682e-17   480
  3.356656e+00   4.054956e-16   1.176123e-03   2.020198e-17   576
  3.363084e+00   4.492630e-16   1.893814e-03   2.912748e-17   408
  3.368787e+00   3.032095e-16   2.209222e-03   1.837168e-17   216
  3.376156e+00   3.493912e-16   1.692015e-03   1.768946e-17   516
  3.384050e+00   3.967279e-16   1.614354e-03   1.640130e-17   744
  3.392194e+00   3.923743e-16   1.078246e-03   1.971966e-17   462
  3.396796e+00   3.834298e-16   1.095881e-03   2.145881e-17   432
  3.403934e+00   4.228555e-16   1.016670e-03   1.739574e-17   648
  3.412327e+00   4.027791e-16   1.487578e-03   2.054372e-17   528
  3.419069e+00   3.486085e-16   1.791415e-03   1.524033e-17   600
  3.425805e+00   4.523979e-16   2.258506e-03   4.613959e-17   240
  3.432329e+00   3.520215e-16   1.729994e-03   1.460618e-17   720
  3.439912e+00   3.857014e-16   1.368738e-03   1.529508e-17   720
  3.448318e+00   2.410085e-16   0.000000e+00   1.735678e-17   144
  3.452742e+00   3.576432e-16   1.764713e-03   1.424574e-17   720
  3.459035e+00   4.136429e-16   1.058157e-03   2.258530e-17   384
  3.466913e+00   3.440056e-16   1.173023e-03   1.464777e-17   672
  3.474387e+00   3.955803e-16   2.053834e-03   2.592735e-17   336
  3.477957e+00   4.036517e-16   0.000000e+00   2.989551e-17   288
  3.486699e+00   3.180822e-16   1.625472e-03   1.233119e-17   776
  3.494792e+00   3.396306e-16   1.390838e-03   1.351158e-17   720
  3.501588e+00   3.192578e-16   1.120422e-03   1.695262e-17   432
  3.507024e+00   3.675556e-16   1.597303e-03   2.525197e-17   504
  3.513071e+00   3.125426e-16   1.119137e-03   1.552520e-17   528
  3.521533e+00   3.348674e-16   1.524759e-03   1.785831e-17   438
  3.528495e+00   3.294181e-16   1.774680e-03   1.645881e-17   624
  3.533741e+00   3.629691e-16   2.173744e-03   2.221788e-17   312
  3.540952e+00   3.775773e-16   1.171159e-03   1.507505e-17   696
  3.548410e+00   3.351585e-16   1.059686e-03   1.706663e-17   552
  3.556166e+00   3.039741e-16   8.198436e-04   1.452751e-17   516
  3.560964e+00   3.518659e-16   1.637576e-03   1.875403e-17   528
  3.566805e+00   2.625650e-16   1.064960e-03   1.271834e-17   528
  3.575102e+00   3.227599e-16   1.404467e-03   1.368693e-17   864
  3.580734e+00   2.976623e-16   1.923830e-03   1.718961e-17   408
  3.586372e+00   3.717390e-16   1.906039e-03   2.458969e-17   192
  3.594362e+00   2.971225e-16   1.577339e-03   1.244104e-17   720
  3.601108e+00   2.726878e-16   1.454384e-03   1.117678e-17   696
  3.609123e+00   3.068279e-16   1.570748e-03   1.221757e-17   720
  3.616456e+00   2.904415e-16   2.128961e-03   1.520659e-17   432
  3.620733e+00   2.518061e-16   1.253189e-03   1.688186e-17   264
  3.628427e+00   2.949080e-16   1.730599e-03   1.229478e-17   672
  3.635310e+00   3.044167e-16   1.771868e-03   1.381709e-17   600
  3.643477e+00   2.376955e-16   1.037427e-03   1.577394e-17   270
  3.647594e+00   2.859886e-16   1.561617e-03   1.493639e-17   528
  3.654138e+00   3.307149e-16   1.069340e-03   1.306029e-17   840
  3.663112e+00   3.268681e-16   2.044769e-03   1.312793e-17   888
  3.671403e+00   2.720687e-16   1.523504e-03   1.081139e-17   744
  3.678411e+00   3.247179e-16   7.828584e-04   1.741728e-17   456
  3.681896e+00   3.507059e-16   1.069824e-03   1.812681e-17   360
  3.687860e+00   2.628992e-16   9.269427e-04   1.592703e-17   384
  3.697011e+00   2.880012e-16   1.486807e-03   1.079845e-17   816
  3.703877e+00   2.908288e-16   2.157150e-03   1.064956e-17   824
  3.712223e+00   2.706627e-16   1.002746e-03   1.728239e-17   360
  3.716692e+00   3.295994e-16   1.479676e-03   1.424963e-17   624
  3.722842e+00   2.759137e-16   9.998850e-04   1.606912e-17   360
  3.731036e+00   2.691861e-16   1.360137e-03   1.060922e-17   876
  3.738436e+00   2.567622e-16   1.615436e-03   1.181344e-17   696
  3.745899e+00   2.654490e-16   1.043143e-03   1.612853e-17   336
  3.749811e+00   3.137321e-16   1.041971e-03   1.880581e-17   504
  3.756273e+00   2.591384e-16   1.051000e-03   1.312505e-17   672
  3.765859e+00   2.353271e-16   2.092296e-03   9.394576e-18   720
  3.772508e+00   2.523439e-16   1.580506e-03   1.112256e-17   774
  3.779846e+00   3.193304e-16   9.046409e-04   2.229876e-17   384
  3.783690e+00   3.051334e-16   1.740917e-03   1.735680e-17   528
  3.789655e+00   2.786923e-16   1.659191e-03   1.174369e-17   744
  3.799249e+00   3.039025e-16   1.368481e-03   1.346205e-17   768
  3.805620e+00   2.675242e-16   1.536223e-03   1.449104e-17   552
  3.813568e+00   2.354449e-16   1.674309e-03   9.923557e-18   696
  3.819481e+00   3.017082e-16   2.034577e-03   1.815230e-17   408
  3.824174e+00   2.786965e-16   8.789532e-04   1.423125e-17   504
  3.831615e+00   2.476186e-16   1.579007e-03   1.070125e-17   888
  3.838937e+00   2.335780e-16   1.641044e-03   1.160403e-17   648
  3.846547e+00   2.338214e-16   1.626978e-03   1.028055e-17   648
  3.853707e+00   2.399142e-16   1.754281e-03   1.016242e-17   792
  3.861291e+00   2.183810e-16   2.566633e-03   1.022537e-17   600
  3.866880e+00   2.040939e-16   1.739428e-03   1.042956e-17   456
  3.872762e+00   2.450394e-16   8.477229e-04   1.113567e-17   648
  3.880317e+00   2.183396e-16   1.653183e-03   8.030170e-18   936
  3.888474e+00   2.682806e-16   1.015268e-03   1.417036e-17   384
  3.895575e+00   2.035372e-18   0.000000e+00   1.652985e-19   198
  3.901055e+00   2.018246e-18   2.575821e-03   7.013614e-20   1224
  3.906966e+00   1.709973e-18   1.875990e-03   1.058335e-19   420
  3.913957e+00   1.961953e-18   1.815566e-03   8.892370e-20   792
  3.920793e+00   2.014500e-18   1.501318e-03   8.897785e-20   680
  3.928594e+00   1.885279e-18   1.378581e-03   9.361252e-20   600
  3.934870e+00   1.951754e-18   1.999321e-03   7.853100e-20   840
  3.943251e+00   2.136736e-18   9.439865e-04   1.280956e-19   432
  3.946454e+00   1.738471e-18   8.846397e-04   8.249892e-20   720
  3.953417e+00   1.572091e-18   1.771778e-03   5.873718e-20   960
  3.962077e+00   1.814162e-18   1.579411e-03   9.821594e-20   528
  3.968405e+00   1.399871e-18   1.614459e-03   6.844446e-20   624
  3.975938e+00   1.451209e-18   1.268954e-03   6.173154e-20   816
  3.983415e+00   1.285470e-18   2.086821e-03   5.624468e-20   696
  3.991678e+00   1.489069e-18   1.150890e-07   1.164913e-19   240
  3.994784e+00   1.537636e-18   1.230648e-03   6.565137e-20   672
  4.001719e+00   1.269132e-18   2.199344e-03   4.829556e-20   864
  4.009498e+00   1.482466e-18   1.687640e-03   5.980416e-20   816
  4.016509e+00   1.329882e-18   9.659469e-04   5.835956e-20   648
  4.024060e+00   1.309257e-18   9.873737e-04   5.180546e-20   843
  4.030471e+00   1.266801e-18   1.776528e-03   5.658826e-20   780
  4.038111e+00   1.562795e-18   9.532520e-04   1.204322e-19   216
  4.042823e+00   1.143865e-18   2.298663e-03   3.932927e-20   1056
  4.050071e+00   1.431275e-18   1.880564e-03   1.003160e-19   228
  4.056781e+00   1.083396e-18   2.341349e-03   3.845666e-20   924
  4.063670e+00   1.018986e-18   8.685094e-04   4.273726e-20   696
  4.070964e+00   1.075170e-18   1.545698e-03   3.926304e-20   996
  4.078428e+00   1.099639e-18   9.125493e-04   4.779301e-20   576
  4.086192e+00   1.126876e-18   1.408459e-03   5.543810e-20   552
  4.091852e+00   1.086113e-18   1.681651e-03   5.533605e-20   516
  4.097596e+00   1.058251e-18   2.445470e-03   4.211130e-20   744
  4.104159e+00   1.243624e-18   1.199649e-03   6.626215e-20   576
  4.109868e+00   9.360815e-19   1.234742e-03   3.494313e-20   792
  4.117982e+00   9.183712e-19   1.411539e-03   3.604493e-20   792
  4.123927e+00   1.011564e-18   1.522330e-03   4.473045e-20   720
  4.131968e+00   8.732747e-19   1.735107e-03   3.649557e-20   656
  4.139503e+00   8.628108e-19   1.894646e-03   3.397390e-20   816
  4.147227e+00   8.588120e-19   1.021561e-03   4.174722e-20   492
  4.151618e+00   8.874783e-19   1.469588e-03   3.856892e-20   552
  4.159858e+00   8.952594e-19   2.555435e-03   3.869372e-20   780
  4.165209e+00   8.241913e-19   1.569773e-03   4.011861e-20   528
  4.170975e+00   7.838334e-19   1.832403e-03   2.934127e-20   600
  4.179472e+00   7.733680e-19   1.522872e-03   2.520282e-20   900
  4.185329e+00   8.167533e-19   8.430879e-04   3.237686e-20   696
  4.193388e+00   8.724080e-19   2.131780e-03   3.277877e-20   696
  4.201183e+00   8.622004e-19   8.648430e-04   3.804377e-20   552
  4.207739e+00   6.403473e-19   1.005732e-03   2.574042e-20   708
  4.214606e+00   7.833811e-19   1.660522e-03   3.236880e-20   876
  4.221752e+00   6.186623e-19   8.817041e-04   4.541951e-20   216
  4.226547e+00   6.700228e-19   2.411580e-03   2.190465e-20   1032
  4.233729e+00   7.340131e-19   2.685028e-03   3.196268e-20   600
  4.241182e+00   7.552636e-19   1.281196e-03   2.962411e-20   600
  4.246868e+00   6.532880e-19   2.262472e-03   3.457121e-20   528
  4.253589e+00   6.748583e-19   1.241998e-03   2.345554e-20   732
  4.260669e+00   5.464625e-19   9.171027e-04   2.627292e-20   336
  4.268820e+00   6.766294e-19   1.307053e-03   2.279229e-20   912
  4.274911e+00   6.273262e-19   1.311885e-03   2.432700e-20   624
  4.281565e+00   6.101056e-19   1.105498e-03   2.418051e-20   768
  4.289333e+00   6.849383e-19   1.994537e-03   2.753837e-20   792
  4.296957e+00   6.029206e-19   9.888090e-04   2.540461e-20   660
  4.302382e+00   5.863570e-19   1.457169e-03   2.764410e-20   504
  4.307992e+00   6.339363e-19   2.380735e-03   3.151400e-20   480
  4.316401e+00   4.951354e-19   2.201870e-03   1.751306e-20   912
  4.322985e+00   6.560674e-19   2.452123e-03   3.535620e-20   432
  4.329203e+00   5.351085e-19   1.456013e-03   2.541877e-20   564
  4.334724e+00   5.807214e-19   1.393605e-03   2.344956e-20   600
  4.342496e+00   5.508317e-19   1.942553e-03   1.851126e-20   876
  4.348334e+00   5.835481e-19   8.734307e-04   3.356992e-20   264
  4.356382e+00   6.091762e-19   1.694799e-03   2.716438e-20   560
  4.362850e+00   5.302527e-19   1.151652e-03   1.796189e-20   840
  4.370702e+00   5.405315e-19   1.775516e-03   1.933553e-20   1008
  4.377963e+00   6.256924e-19   7.942467e-04   2.835082e-20   456
  4.384595e+00   6.001669e-19   1.028834e-03   2.536209e-20   576
  4.390725e+00   5.544467e-19   1.580913e-03   2.392339e-20   612
  4.398809e+00   5.024333e-19   1.412012e-03   1.922631e-20   780
  4.405404e+00   5.178114e-19   1.618102e-03   2.105159e-20   648
  4.412155e+00   5.619877e-19   7.540562e-04   3.442386e-20   312
  4.416470e+00   5.151011e-19   1.915933e-03   2.485286e-20   528
  4.423945e+00   4.698359e-19   2.502113e-03   1.838243e-20   720
  4.431093e+00   4.643488e-19   2.509948e-03   1.971680e-20   576
  4.439759e+00   4.735508e-19   2.165154e-03   2.037551e-20   444
  4.445151e+00   4.938193e-19   2.123318e-03   1.574505e-20   996
  4.451759e+00   4.334682e-19   1.773610e-03   2.273274e-20   432
  4.458005e+00   4.806700e-19   1.941754e-03   2.251399e-20   504
  4.463400e+00   5.440579e-19   8.754449e-04   2.328233e-20   504
  4.471082e+00   5.000217e-19   1.722886e-03   1.922053e-20   876
  4.478033e+00   4.507449e-19   1.982878e-03   2.113472e-20   504
  4.485271e+00   4.089373e-19   1.264576e-03   1.533979e-20   696
  4.491253e+00   5.013872e-19   1.081079e-03   2.385751e-20   492
  4.499392e+00   4.217244e-19   1.547618e-03   2.042287e-20   432
  4.505420e+00   4.499866e-19   1.449174e-03   1.594767e-20   768
  4.512567e+00   4.122974e-19   1.805141e-03   1.904636e-20   648
  4.519390e+00   3.974426e-19   1.177661e-03   1.887668e-20   456
  4.527231e+00   3.969900e-19   1.619475e-03   1.673882e-20   552
  4.532676e+00   4.150073e-19   1.109989e-03   1.887069e-20   648
  4.540170e+00   3.920618e-19   1.809220e-03   1.370516e-20   840
  4.547491e+00   4.647145e-19   8.627791e-04   2.362958e-20   432
  4.554820e+00   3.777282e-19   1.056757e-03   1.537882e-20   600
  4.559917e+00   4.399313e-19   1.125905e-03   2.491340e-20   432
  4.568479e+00   3.927733e-19   1.120948e-03   1.876271e-20   560
  4.574277e+00   4.010752e-19   1.774344e-03   1.516221e-20   840
  4.581537e+00   4.495756e-19   1.050970e-03   2.025962e-20   504
  4.587303e+00   3.623015e-19   2.144966e-03   1.506981e-20   696
  4.595432e+00   4.224646e-19   1.171504e-03   2.173748e-20   384
  4.601763e+00   3.510925e-19   1.716116e-03   1.560840e-20   576
  4.609420e+00   3.533695e-19   1.059101e-03   2.186192e-20   360
  4.615593e+00   3.603018e-19   1.577258e-03   1.480319e-20   828
  4.622251e+00   3.517183e-19   1.404841e-03   1.770053e-20   372
  4.628352e+00   3.881827e-19   2.145462e-03   1.783696e-20   576
  4.636434e+00   3.850324e-19   8.985170e-04   1.595106e-20   636
  4.642192e+00   3.412586e-19   1.732109e-03   1.419896e-20   648
  4.649981e+00   3.753609e-19   1.408015e-03   1.716234e-20   576
  4.655573e+00   3.424028e-19   2.271277e-03   1.672269e-20   528
  4.663010e+00   3.330376e-19   9.710647e-04   1.799608e-20   360
  4.669165e+00   3.064902e-19   2.233813e-03   1.209426e-20   672
  4.677203e+00   3.246758e-19   1.144196e-03   1.228362e-20   804
  4.683893e+00   3.727204e-19   1.262185e-03   1.965518e-20   408
  4.691293e+00   2.960806e-19   7.801673e-04   1.429323e-20   384
  4.696276e+00   3.036193e-19   1.785323e-03   1.619117e-20   480
  4.703304e+00   3.333127e-19   1.153580e-03   1.551797e-20   432
  4.710045e+00   3.690982e-19   2.125802e-03   1.486273e-20   648
  4.718024e+00   3.325254e-19   1.319050e-03   1.542473e-20   624
  4.723861e+00   3.328917e-19   1.199787e-03   1.799512e-20   456
  4.731831e+00   2.911506e-19   1.639016e-03   1.495287e-20   588
  4.737172e+00   2.768172e-19   1.045685e-03   1.248138e-20   600
  4.744970e+00   2.900049e-19   1.631013e-03   1.133570e-20   708
  4.751130e+00   2.760633e-19   1.027507e-03   1.626780e-20   360
  4.757936e+00   3.124543e-19   1.181146e-03   1.509185e-20   552
  4.764461e+00   2.856977e-19   8.286020e-04   2.087273e-20   288
  4.771085e+00   2.566849e-19   1.557998e-03   1.131681e-20   528
  4.777309e+00   2.702733e-19   1.051098e-03   1.244073e-20   456
  4.784262e+00   2.927583e-19   1.863824e-03   1.297776e-20   608
  4.791256e+00   2.498544e-19   9.017389e-04   1.211242e-20   504
  4.798898e+00   2.485719e-19   1.935982e-03   1.295403e-20   540
  4.804891e+00   3.067089e-19   2.078222e-03   1.840754e-20   360
  4.811350e+00   3.148432e-19   9.411255e-04   1.412217e-20   540
  4.817063e+00   2.791478e-19   8.080679e-04   1.330740e-20   576
  4.825371e+00   2.631486e-19   1.873635e-03   1.113871e-20   588
  4.833270e+00   2.748752e-19   2.585051e-03   1.186422e-20   672
  4.840056e+00   2.867207e-19   1.975777e-03   1.384564e-20   552
  4.845526e+00   1.950901e-19   1.976776e-03   1.684383e-20   144
  4.852507e+00   2.691505e-19   1.679474e-03   1.197572e-20   600
  4.859125e+00   2.339260e-19   2.104747e-03   1.208022e-20   504
  4.866470e+00   2.630635e-19   2.162000e-03   1.838863e-20   336
  4.874196e+00   2.407611e-19   2.430098e-03   1.012628e-20   600
  4.881116e+00   2.333335e-19   1.568306e-03   1.088358e-20   636
  4.888585e+00   2.585362e-19   1.260932e-03   1.843514e-20   384
  4.893821e+00   2.568025e-19   1.758851e-03   1.524837e-20   504
  4.901368e+00   2.541084e-19   7.381651e-04   1.725587e-20   240
  4.907324e+00   2.563458e-19   1.734055e-03   9.781173e-21   744
  4.914470e+00   2.191400e-19   1.184096e-03   1.026999e-20   648
  4.920821e+00   3.682895e-19   7.860381e-04   3.014790e-20   120
  4.928265e+00   2.175684e-19   1.234764e-03   9.353337e-21   564
  4.933890e+00   2.687236e-19   1.939271e-03   1.422261e-20   432
  4.941396e+00   2.097090e-19   1.505258e-03   1.312669e-20   480
  4.947049e+00   1.815922e-19   1.107908e-03   1.049438e-20   456
  4.953721e+00   2.203759e-19   1.833424e-03   1.234144e-20   444
  4.961293e+00   2.135863e-19   2.805235e-03   1.021360e-20   528
  4.967944e+00   2.284891e-19   2.083390e-03   1.850157e-20   264
  4.974399e+00   2.090526e-19   2.135165e-03   1.125840e-20   444
  4.983082e+00   2.202303e-19   2.338759e-03   9.464591e-21   696
  4.990289e+00   2.233291e-19   1.250847e-03   1.206187e-20   384
  4.995560e+00   2.252375e-19   1.580550e-03   1.188847e-20   432
  5.003759e+00   2.719903e-19   1.092086e-03   1.751412e-20   488
  5.009082e+00   2.407767e-19   1.645909e-03   1.105468e-20   480
  5.016800e+00   2.031424e-19   1.835529e-03   1.166295e-20   480
  5.022777e+00   1.817436e-19   7.701318e-04   1.116253e-20   240
  5.029563e+00   2.133842e-19   1.798967e-03   1.028056e-20   600
  5.035964e+00   1.913139e-19   1.567616e-03   1.273669e-20   288
  5.042780e+00   2.093231e-19   1.507931e-03   1.196969e-20   480
  5.049682e+00   1.645132e-19   2.682341e-03   8.903309e-21   504
  5.056479e+00   2.392580e-19   1.150891e-03   1.623646e-20   216
  5.065146e+00   2.194691e-19   1.884192e-03   1.302422e-20   504
  5.071897e+00   1.857086e-19   1.515464e-03   1.088538e-20   456
  5.079286e+00   2.558867e-19   8.691442e-04   1.591604e-20   384
  5.084180e+00   2.438784e-19   1.764049e-03   1.359394e-20   480
  5.091134e+00   1.687823e-19   1.549032e-03   9.914520e-21   504
  5.097578e+00   2.063298e-19   9.826093e-04   1.460023e-20   312
  5.104521e+00   1.998161e-19   1.583441e-03   1.174639e-20   492
  5.110667e+00   2.104592e-19   1.484108e-03   1.235172e-20   312
  5.118579e+00   1.673787e-19   2.410815e-03   7.386611e-21   576
  5.125543e+00   2.202010e-19   2.225378e-03   1.665031e-20   336
  5.131328e+00   1.325556e-19   1.713438e-03   9.320130e-21   240
  5.139346e+00   1.756192e-19   2.271584e-03   9.446372e-21   468
  5.146270e+00   1.659040e-19   1.422340e-03   1.712427e-20   192
  5.153517e+00   1.421282e-19   1.426580e-03   9.699371e-21   324
  5.158828e+00   1.683764e-19   1.035388e-03   8.811194e-21   600
  5.166066e+00   1.719514e-19   1.679811e-03   9.254416e-21   456
  5.171442e+00   1.917609e-19   7.555789e-04   1.267113e-20   336
  5.180350e+00   1.757007e-19   2.262417e-03   8.703946e-21   612
  5.186832e+00   1.197528e-19   1.898719e-03   1.665249e-20   144
  5.192961e+00   1.866367e-19   2.216292e-03   1.009697e-20   552
  5.201296e+00   1.189782e-19   8.728032e-04   7.139125e-21   264
  5.206006e+00   1.560853e-19   2.020762e-03   1.075333e-20   336
  5.213435e+00   1.435100e-19   1.335250e-03   8.245215e-21   384
  5.219878e+00   1.447961e-19   7.516140e-04   1.311477e-20   216
  5.227010e+00   1.246933e-19   1.593577e-03   8.289774e-21   344
  5.233513e+00   1.205023e-19   2.377692e-03   7.302245e-21   408
  5.241438e+00   1.454387e-19   1.827101e-03   1.322094e-20   264
  5.248460e+00   1.448281e-19   2.547069e-03   7.323094e-21   612
  5.255476e+00   1.760365e-19   1.310917e-03   1.109669e-20   408
  5.262692e+00   1.360235e-19   1.312801e-03   9.900420e-21   444
  5.267993e+00   2.428995e-19   7.342396e-04   2.183489e-20   120
  5.275096e+00   1.603074e-19   2.028570e-03   1.150348e-20   336
  5.280368e+00   1.306537e-19   7.049199e-04   9.300254e-21   288
  5.287493e+00   1.345294e-19   2.193723e-03   6.959041e-21   552
  5.297288e+00   1.533795e-19   0.000000e+00   2.085662e-20   72
  5.302324e+00   1.323814e-19   2.178926e-03   7.376245e-21   504
  5.308207e+00   8.385287e-20   7.011571e-04   7.743887e-21   216
  5.315829e+00   1.201883e-19   1.251868e-03   8.802354e-21   312
  5.322672e+00   9.342941e-20   1.425448e-03   5.956097e-21   336
  5.329194e+00   1.148256e-19   1.975831e-03   1.005895e-20   204
  5.335689e+00   1.900496e-19   2.296216e-03   1.229322e-20   504
  5.342577e+00   1.745460e-19   2.186657e-03   1.093023e-20   396
  5.349201e+00   1.352412e-19   2.005279e-03   9.751924e-21   312
  5.357232e+00   1.922582e-19   1.225440e-03   1.704191e-20   216
  5.362890e+00   1.245320e-19   6.650698e-04   1.257429e-20   168
  5.369766e+00   1.281558e-19   1.679338e-03   6.925585e-21   588
  5.377613e+00   9.306413e-20   2.279505e-03   8.088997e-21   240
  5.383710e+00   9.464061e-20   2.013185e-03   8.688368e-21   264
  5.390860e+00   1.212367e-19   2.489717e-03   1.072199e-20   288
  5.397204e+00   1.294532e-19   1.243261e-03   1.102599e-20   288
  5.405244e+00   9.558149e-20   1.167620e-03   7.551669e-21   288
  5.410658e+00   1.106147e-19   1.352591e-03   8.423168e-21   192
  5.417469e+00   8.311955e-20   1.439292e-03   6.415265e-21   264
  5.423957e+00   1.895315e-19   2.367436e-03   1.301193e-20   372
  5.430940e+00   1.792904e-19   2.556933e-03   1.706427e-20   360
  5.439463e+00   1.627614e-19   1.082118e-03   2.293177e-20   144
  5.443868e+00   9.098435e-20   1.503015e-03   8.973160e-21   296
  5.450821e+00   1.060432e-19   1.619421e-03   9.889737e-21   288
  5.458782e+00   1.084776e-19   2.420184e-03   6.922034e-21   480
  5.465649e+00   1.052050e-19   2.010942e-03   1.801925e-20   192
  5.472326e+00   1.290955e-19   2.157009e-03   1.124209e-20   192
  5.478395e+00   8.766355e-20   1.374687e-03   6.999525e-21   288
  5.486835e+00   4.797583e-20   1.196646e-03   5.604980e-21   108
  5.491087e+00   9.672440e-20   1.150429e-03   8.943631e-21   240
  5.498595e+00   7.629422e-20   2.146152e-03   6.072852e-21   384
  5.506307e+00   1.171853e-19   2.618062e-03   1.263254e-20   108
  5.513127e+00   1.409167e-19   1.535018e-03   1.083770e-20   348
  5.520298e+00   8.573516e-20   1.602006e-03   9.907102e-21   312
  5.526703e+00   9.470447e-20   1.556684e-03   1.920993e-20   96
  5.532593e+00   9.917523e-20   2.072444e-03   7.723753e-21   384
  5.539190e+00   9.781781e-20   1.425422e-03   8.687771e-21   144
  5.545642e+00   1.042761e-19   2.190224e-03   7.802215e-21   408
  5.553663e+00   5.986997e-20   9.769946e-04   8.605125e-21   144
  5.561240e+00   1.023148e-19   1.878283e-03   1.166205e-20   192
  5.565734e+00   1.198811e-19   2.114042e-03   1.264944e-20   144
  5.573059e+00   6.695636e-20   1.718794e-03   6.418488e-21   144
  5.579969e+00   1.022031e-19   2.100644e-03   9.403962e-21   336
  5.588433e+00   4.933398e-20   1.554210e-03   3.488636e-21   240
  5.593800e+00   8.114427e-20   7.057532e-04   1.143996e-20   96
  5.601284e+00   1.058081e-19   2.069634e-03   8.688769e-21   372
  5.608856e+00   8.410398e-20   2.461786e-03   1.405148e-20   132
  5.615507e+00   5.671571e-20   1.523323e-03   4.198491e-21   264
  5.621457e+00   1.365416e-19   1.169843e-03   1.723704e-20   168
  5.627807e+00   9.238424e-20   1.870354e-03   7.595193e-21   216
  5.633417e+00   6.608377e-20   1.144306e-03   9.049361e-21   216
  5.641586e+00   3.593361e-20   2.099325e-03   4.149711e-21   96
  5.648999e+00   1.017999e-19   1.369618e-03   1.223716e-20   120
  5.655797e+00   6.693078e-20   1.741170e-03   7.016221e-21   216
  5.661397e+00   5.421404e-20   7.608972e-04   5.341390e-21   200
  5.668812e+00   7.629383e-20   1.969636e-03   1.027647e-20   288
  5.678322e+00   2.751510e-20   5.182495e-04   1.997219e-21   144
  5.682326e+00   7.830125e-20   1.612761e-03   1.346586e-20   168
  5.690504e+00   7.142727e-20   1.815012e-03   1.085197e-20   159
  5.696887e+00   5.027260e-20   1.904384e-03   3.796540e-21   174
  5.703065e+00   4.362567e-20   1.726829e-03   3.944739e-21   144
  5.711154e+00   7.220100e-20   9.971188e-04   6.796696e-21   222
  5.716564e+00   5.663332e-20   1.006181e-03   6.753250e-21   168
  5.725909e+00   7.726244e-20   2.206942e-03   1.587576e-20   30
  5.729769e+00   2.035367e-20   1.948567e-03   2.679645e-21   72
  5.737039e+00   5.703717e-20   1.739073e-03   6.059499e-21   258
  5.745032e+00   4.646958e-20   1.089226e-03   3.615696e-21   264
  5.749029e+00   5.429144e-20   1.174622e-07   8.784376e-21   72
  5.757357e+00   3.112778e-20   2.158892e-03   3.671941e-21   174
  5.764898e+00   6.113086e-20   2.298822e-03   8.640908e-21   168
  5.770961e+00   1.697973e-20   7.193062e-08   2.354014e-21   48
  5.777470e+00   3.169849e-20   1.298199e-03   3.999330e-21   150
  5.785016e+00   7.153028e-20   2.388130e-03   6.548022e-21   168
  5.792583e+00   3.480500e-20   1.454738e-03   3.754984e-21   144
  5.799541e+00   5.092246e-20   1.359056e-03   9.295917e-21   102
  5.804724e+00   1.902472e-20   2.011636e-03   1.678162e-21   96
  5.812948e+00   1.465154e-20   1.996414e-03   1.194188e-21   120
  5.819038e+00   1.432171e-20   2.141206e-03   1.144951e-21   168
  5.825625e+00   5.773801e-20   1.581111e-03   5.933313e-21   126
  5.831237e+00   3.678182e-20   1.192474e-03   4.986854e-21   168
  5.838969e+00   1.876810e-20   1.912134e-03   2.446613e-21   72
  5.845726e+00   2.029106e-20   2.394418e-03   1.671602e-21   168
  5.851646e+00   4.351581e-20   6.564276e-04   8.748355e-21   78
  5.859757e+00   1.999303e-20   1.077805e-03   2.574923e-21   60
  5.866288e+00   6.623538e-20   1.748374e-03   1.174908e-20   96
  5.873062e+00   2.504250e-20   2.121507e-03   1.977276e-21   168
  5.879428e+00   2.085392e-20   1.342407e-03   3.725175e-21   86
  5.886107e+00   1.820979e-20   1.199794e-03   2.258479e-21   120
  5.895681e+00   1.714527e-20   8.556122e-04   1.496643e-21   168
  5.900844e+00   1.186537e-20   0.000000e+00   1.153391e-21   48
  5.907798e+00   4.067683e-20   1.558833e-03   4.533262e-21   120
  5.911793e+00   2.677772e-20   1.137231e-03   3.619619e-21   126
  5.921548e+00   2.322502e-20   2.000073e-03   2.753463e-21   96
  5.927878e+00   2.165814e-20   5.767223e-04   2.152598e-21   96
  5.932871e+00   1.438627e-20   6.781684e-08   1.581394e-21   72
  5.943508e+00   1.919565e-20   7.193062e-08   3.429612e-21   24
  5.950147e+00   2.506890e-20   1.186881e-03   2.219095e-21   120
  5.955326e+00   1.956551e-20   1.731294e-03   2.529595e-21   126
  5.961084e+00   1.557720e-20   1.443268e-03   1.840812e-21   96
  5.967813e+00   1.044750e-20   2.494389e-03   1.125079e-21   72
  5.975306e+00   1.596847e-20   1.078907e-03   1.378672e-21   144
  5.981469e+00   1.509118e-20   6.222882e-04   1.861175e-21   72
  5.987626e+00   2.474829e-20   1.242932e-03   4.301932e-21   54
  5.993045e+00   2.138944e-20   1.095319e-03   2.226899e-21   108
  6.004306e+00   2.470917e-20   1.073696e-03   2.825008e-21   72
  6.007812e+00   1.813603e-20   6.195595e-04   1.856919e-21   72
  6.016129e+00   1.061897e-20   1.245875e-07   1.166166e-21   24
  6.023999e+00   6.764462e-21   1.310705e-03   1.113693e-21   48
  6.028777e+00   1.713617e-20   9.984188e-04   2.293352e-21   102
  6.035970e+00   1.205466e-20   2.258008e-03   9.893132e-22   168
  6.045369e+00   1.015633e-20   1.231465e-03   1.182770e-21   72
  6.048851e+00   1.107150e-20   0.000000e+00   1.535759e-21   48
  6.056156e+00   1.321534e-20   2.118194e-03   1.553364e-21   120
  6.065796e+00   1.381552e-20   1.301673e-03   1.255813e-21   96
  6.074901e+00   3.118599e-20   1.150890e-07   9.957776e-21   30
  6.085723e+00   1.711809e-20   6.115837e-04   2.542532e-21   72
  6.090478e+00   1.234332e-20   7.193062e-08   2.589294e-21   24
  6.096586e+00   5.643305e-21   9.065181e-04   7.772041e-22   56
  6.103428e+00   5.457928e-21   1.293647e-03   5.179632e-22   96
  6.111616e+00   1.061596e-20   1.428503e-03   1.016670e-21   144
  6.117928e+00   1.547518e-20   8.110480e-04   2.636567e-21   54
  6.127099e+00   9.831085e-21   1.215036e-03   9.975117e-22   108
  6.136327e+00   2.446487e-20   6.433558e-04   4.618820e-21   48
  6.145113e+00   1.066794e-20   2.422440e-03   1.290305e-21   72
  6.166195e+00   1.984322e-20   1.600514e-03   2.415978e-21   78
  6.172037e+00   5.994524e-21   1.206188e-03   7.171711e-22   72
  6.178856e+00   5.811397e-21   1.204690e-03   7.172321e-22   72
  6.185986e+00   9.442283e-21   2.907051e-03   8.770386e-22   96
  6.191621e+00   7.042358e-21   1.202207e-03   5.007993e-22   72
  6.198419e+00   1.024996e-20   0.000000e+00   1.706420e-21   24
  6.205208e+00   9.258584e-21   2.398986e-03   1.085768e-21   72
  6.220544e+00   1.154377e-20   1.523430e-03   2.125515e-21   30
  6.223843e+00   1.489061e-20   0.000000e+00   3.019853e-21   24
  6.241578e+00   5.387959e-21   1.265014e-03   7.424886e-22   48
  6.247142e+00   6.226837e-21   2.722309e-03   6.454050e-22   120
  6.254637e+00   5.338744e-21   1.190257e-03   5.928619e-22   72
  6.262206e+00   6.901429e-21   1.188818e-03   1.130698e-21   36
  6.267409e+00   6.634136e-21   2.349657e-03   6.110770e-22   78
  6.281928e+00   7.636274e-21   1.256888e-03   9.512496e-22   48
  6.300754e+00   1.091555e-20   1.017253e-07   1.745658e-21   24
  6.314166e+00   3.518296e-21   8.752715e-04   4.330075e-22   56
  6.320919e+00   3.342130e-21   1.346877e-03   2.807696e-22   102
  6.329510e+00   5.250222e-21   9.590750e-08   5.598158e-22   72
  6.334498e+00   5.051286e-21   7.193062e-08   6.197578e-22   24
  6.343217e+00   4.898861e-21   1.244744e-03   6.766860e-22   48
  6.359378e+00   6.504577e-21   0.000000e+00   9.068323e-22   24
  6.379213e+00   6.622996e-21   0.000000e+00   2.926703e-21   6
  6.385398e+00   2.772718e-21   0.000000e+00   4.673951e-22   24
  6.389518e+00   3.379695e-21   1.165127e-03   4.012269e-22   72
  6.397046e+00   3.378251e-21   2.173655e-03   3.403277e-22   84
  6.405152e+00   4.306885e-21   0.000000e+00   9.929961e-22   24
  6.407617e+00   5.051573e-21   1.017253e-07   6.103740e-22   24
  6.419927e+00   3.615233e-21   1.245875e-07   5.168545e-22   24
  6.437123e+00   4.587182e-21   0.000000e+00   1.655335e-21   6
  6.459163e+00   2.719891e-21   1.222400e-03   3.592795e-22   48
  6.464458e+00   2.954786e-21   2.302802e-03   3.207671e-22   72
  6.471376e+00   3.952694e-21   1.220094e-03   4.492842e-22   48
  6.482347e+00   5.630928e-21   0.000000e+00   8.662420e-22   24
  6.496947e+00   6.322973e-21   0.000000e+00   7.027780e-22   6
  6.529678e+00   1.958712e-21   0.000000e+00   6.561617e-22   8
  6.532096e+00   3.223301e-21   7.193062e-08   6.334960e-22   48
  6.537895e+00   2.457517e-21   1.183236e-03   2.755708e-22   60
  6.546585e+00   3.442109e-21   0.000000e+00   6.083572e-22   24
  6.558634e+00   2.286179e-21   0.000000e+00   6.818236e-22   6
  6.603027e+00   2.601455e-21   0.000000e+00   3.982568e-22   24
  6.606613e+00   2.024343e-21   1.195118e-03   2.546261e-22   48
  6.612586e+00   1.995772e-21   0.000000e+00   4.068215e-22   24
  6.622132e+00   1.071027e-21   0.000000e+00   3.035313e-22   6
  6.676359e+00   1.714000e-21   1.114931e-03   3.291632e-22   36
  6.680300e+00   2.455223e-21   0.000000e+00   4.144678e-22   24
  6.687387e+00   2.772231e-21   0.000000e+00   9.431229e-22   6
  6.749089e+00   2.557575e-21   1.013241e-03   2.817386e-22   32
  6.754351e+00   2.102247e-21   0.000000e+00   5.667776e-22   6
  6.820657e+00   3.260541e-21   0.000000e+00   5.403341e-22   12
  6.822972e+00   3.146357e-21   0.000000e+00   9.683654e-22   6
  6.893201e+00   8.312984e-22   0.000000e+00   2.275360e-22   6
