# power spectrum of zeta (dimensionless)
# redshift z=-0.900221
# k              Pk             sigma(k)       sigma(Pk)      count
  1.256637e-01   2.194273e-12   0.000000e+00   4.616956e-13   6
  1.777153e-01   1.417498e-12   0.000000e+00   1.449878e-13   12
  2.176559e-01   1.000465e-12   2.384186e-09   1.086618e-13   8
  2.513274e-01   2.143571e-12   0.000000e+00   6.047958e-13   6
  2.809926e-01   1.270231e-12   4.495664e-09   1.661334e-13   24
  3.078120e-01   9.399384e-13   4.495664e-09   1.256468e-13   24
  3.554306e-01   1.108115e-12   0.000000e+00   9.084217e-14   12
  3.769911e-01   1.078710e-12   5.086263e-09   1.362491e-13   30
  3.973835e-01   9.434712e-13   0.000000e+00   1.160900e-13   24
  4.167794e-01   9.196119e-13   7.786718e-09   7.102908e-14   24
  4.353118e-01   1.194902e-12   4.768372e-09   3.061696e-13   8
  4.530869e-01   9.192936e-13   6.357829e-09   1.202453e-13   24
  4.701905e-01   1.018449e-12   0.000000e+00   8.975473e-14   48
  5.026548e-01   4.544317e-13   0.000000e+00   1.511793e-13   6
  5.181247e-01   8.501303e-13   6.357829e-09   8.320313e-14   48
  5.331460e-01   6.371157e-13   5.994218e-09   5.595811e-14   36
  5.477554e-01   8.016206e-13   6.357829e-09   9.984620e-14   24
  5.619852e-01   7.106916e-13   8.991328e-09   9.720858e-14   24
  5.758634e-01   7.821230e-13   0.000000e+00   5.636457e-14   48
  5.894150e-01   9.192848e-13   8.991328e-09   7.285814e-14   24
  6.156239e-01   7.430482e-13   8.991328e-09   6.548953e-14   24
  6.283185e-01   4.574624e-13   0.000000e+00   4.213702e-14   30
  6.407617e-01   5.313886e-13   0.000000e+00   3.065998e-14   72
  6.529678e-01   5.484452e-13   9.536743e-09   4.349918e-14   32
  6.767198e-01   5.825399e-13   0.000000e+00   2.943381e-14   72
  6.882885e-01   5.135110e-13   0.000000e+00   3.495137e-14   48
  7.108613e-01   3.646514e-13   0.000000e+00   4.998161e-14   12
  7.218830e-01   4.384935e-13   0.000000e+00   2.973004e-14   48
  7.327390e-01   4.906254e-13   0.000000e+00   3.022190e-14   48
  7.434365e-01   3.981032e-13   8.991328e-09   2.992443e-14   48
  7.539822e-01   4.939424e-13   1.017253e-08   4.666562e-14   30
  7.643825e-01   3.684438e-13   0.000000e+00   2.378607e-14   24
  7.746431e-01   3.725637e-13   1.895538e-08   1.881213e-14   72
  7.947671e-01   3.452130e-13   0.000000e+00   3.900463e-14   24
  8.046403e-01   3.828225e-13   0.000000e+00   2.221662e-14   96
  8.143939e-01   3.821632e-13   0.000000e+00   3.530181e-14   48
  8.240320e-01   3.696820e-13   1.557344e-08   2.734212e-14   24
  8.335587e-01   2.789563e-13   1.557344e-08   3.923156e-14   24
  8.429778e-01   3.363057e-13   0.000000e+00   2.492406e-14   72
  8.522927e-01   2.305572e-13   0.000000e+00   2.242451e-14   48
  8.706237e-01   5.247437e-13   9.536743e-09   6.720463e-14   8
  8.796459e-01   2.331777e-13   1.130281e-08   2.198684e-14   54
  8.885766e-01   3.214298e-13   0.000000e+00   1.995288e-14   84
  8.974184e-01   2.203805e-13   0.000000e+00   1.709580e-14   48
  9.061739e-01   1.623728e-13   1.271566e-08   3.011711e-14   24
  9.148456e-01   1.669972e-13   1.695421e-08   1.664585e-14   72
  9.234359e-01   1.760499e-13   0.000000e+00   1.218575e-14   96
  9.403811e-01   1.663789e-13   0.000000e+00   1.910009e-14   48
  9.487402e-01   2.198080e-13   0.000000e+00   2.337395e-14   48
  9.570263e-01   1.286297e-13   0.000000e+00   2.537352e-14   24
  9.652412e-01   1.490919e-13   0.000000e+00   1.430715e-14   72
  9.814649e-01   1.265131e-13   0.000000e+00   1.231089e-14   72
  9.894770e-01   1.029710e-13   0.000000e+00   9.542278e-15   96
  1.005310e+00   2.430018e-13   0.000000e+00   6.584096e-14   6
  1.013133e+00   1.157222e-13   0.000000e+00   1.092090e-14   96
  1.020897e+00   1.182477e-13   1.271566e-08   9.486073e-15   96
  1.028602e+00   6.700174e-14   0.000000e+00   1.115303e-14   24
  1.036249e+00   1.270262e-13   1.271566e-08   1.315186e-14   48
  1.043841e+00   1.046504e-13   0.000000e+00   8.417735e-15   96
  1.051378e+00   9.394195e-14   0.000000e+00   1.079842e-14   48
  1.066292e+00   9.972205e-14   1.198844e-08   1.524877e-14   36
  1.073671e+00   9.065671e-14   2.202416e-08   1.161647e-14   48
  1.081000e+00   8.114607e-14   2.491750e-08   6.605631e-15   120
  1.088280e+00   8.220562e-14   0.000000e+00   9.177657e-15   56
  1.095511e+00   6.369473e-14   1.271566e-08   1.241610e-14   24
  1.102695e+00   9.113276e-14   0.000000e+00   7.328508e-15   96
  1.109832e+00   8.726037e-14   0.000000e+00   1.018713e-14   48
  1.123970e+00   7.617192e-14   1.798266e-08   1.193414e-14   24
  1.130973e+00   7.878834e-14   0.000000e+00   7.152238e-15   102
  1.137933e+00   1.133515e-13   1.271566e-08   1.189142e-14   48
  1.144851e+00   8.284648e-14   0.000000e+00   8.343649e-15   72
  1.151727e+00   9.401235e-14   0.000000e+00   1.165293e-14   48
  1.158562e+00   9.407472e-14   0.000000e+00   1.181587e-14   48
  1.165357e+00   8.156975e-14   2.877225e-08   6.661652e-15   120
  1.178830e+00   3.903515e-14   1.798266e-08   5.639363e-15   24
  1.185509e+00   6.480103e-14   1.695421e-08   4.843840e-15   144
  1.192151e+00   6.749215e-14   2.034505e-08   5.243483e-15   120
  1.198755e+00   9.087410e-14   1.798266e-08   9.338886e-15   48
  1.211857e+00   7.259343e-14   1.798266e-08   9.091224e-15   48
  1.218355e+00   6.383974e-14   1.798266e-08   5.827866e-15   96
  1.235512e+00   4.611987e-14   3.015167e-03   5.148890e-15   72
  1.244007e+00   6.342068e-14   1.598458e-08   4.986191e-15   108
  1.250338e+00   5.849940e-14   0.000000e+00   5.511543e-15   72
  1.256637e+00   5.372937e-14   0.000000e+00   8.823067e-15   30
  1.262905e+00   5.991580e-14   0.000000e+00   4.316999e-15   168
  1.269141e+00   5.291630e-14   0.000000e+00   4.957496e-15   48
  1.281523e+00   5.219942e-14   0.000000e+00   4.324882e-15   72
  1.287670e+00   6.022646e-14   0.000000e+00   4.363823e-15   96
  1.293787e+00   5.050396e-14   3.390842e-08   4.364285e-15   72
  1.299875e+00   4.898076e-14   0.000000e+00   5.670533e-15   72
  1.310112e+00   4.298402e-14   2.784031e-03   4.139161e-15   104
  1.317972e+00   5.130176e-14   2.397687e-08   4.101637e-15   144
  1.335824e+00   5.733640e-14   4.021044e-08   4.603602e-15   96
  1.341721e+00   4.900788e-14   0.000000e+00   4.778396e-15   96
  1.351101e+00   4.366877e-14   2.864148e-03   3.426508e-15   120
  1.359261e+00   4.773243e-14   0.000000e+00   3.642732e-15   120
  1.365057e+00   4.823834e-14   0.000000e+00   6.004987e-15   72
  1.376577e+00   4.829079e-14   0.000000e+00   5.541244e-15   48
  1.382301e+00   4.596792e-14   3.130008e-08   5.125548e-15   78
  1.389623e+00   4.741245e-14   2.564571e-03   3.301262e-15   168
  1.404963e+00   3.526953e-14   2.936555e-08   2.700311e-15   144
  1.410572e+00   4.129038e-14   2.397687e-08   3.047342e-15   144
  1.426839e+00   4.219079e-14   1.476986e-03   3.060800e-15   156
  1.432787e+00   3.731672e-14   3.114687e-08   6.344396e-15   48
  1.438287e+00   4.063073e-14   2.034505e-08   3.872703e-15   120
  1.443766e+00   3.349146e-14   0.000000e+00   4.526947e-15   48
  1.453454e+00   4.011551e-14   2.260797e-03   2.839509e-15   216
  1.465478e+00   2.739664e-14   0.000000e+00   2.734863e-15   48
  1.470856e+00   3.132623e-14   1.798266e-08   2.990473e-15   96
  1.478502e+00   3.715845e-14   2.642094e-03   2.715840e-15   168
  1.486873e+00   3.111951e-14   1.798266e-08   4.151170e-15   48
  1.492174e+00   3.786797e-14   0.000000e+00   4.026601e-15   96
  1.497456e+00   2.973577e-14   0.000000e+00   3.530297e-15   48
  1.507964e+00   3.795629e-14   2.034505e-08   5.419637e-15   30
  1.513191e+00   2.790596e-14   0.000000e+00   2.497927e-15   96
  1.519439e+00   3.400280e-14   2.076451e-03   2.045881e-15   240
  1.527472e+00   4.489924e-14   2.240191e-03   6.972766e-15   32
  1.533921e+00   3.030123e-14   0.000000e+00   2.008628e-15   168
  1.539060e+00   2.752504e-14   0.000000e+00   2.622040e-15   120
  1.549286e+00   2.583807e-14   3.791077e-08   2.899753e-15   72
  1.554374e+00   2.958868e-14   1.695421e-08   2.509708e-15   144
  1.559446e+00   3.236546e-14   0.000000e+00   2.896480e-15   96
  1.564501e+00   3.382100e-14   0.000000e+00   3.189820e-15   96
  1.574562e+00   3.027362e-14   0.000000e+00   3.299651e-15   72
  1.579568e+00   2.535926e-14   2.543132e-08   2.527841e-15   96
  1.589534e+00   2.360988e-14   0.000000e+00   4.661594e-15   24
  1.594494e+00   2.488728e-14   0.000000e+00   1.595093e-15   192
  1.600334e+00   3.660117e-14   1.901066e-03   2.944333e-15   132
  1.609281e+00   2.819716e-14   0.000000e+00   2.553730e-15   96
  1.614180e+00   2.261556e-14   0.000000e+00   2.144807e-15   96
  1.619064e+00   2.333742e-14   2.034505e-08   2.309667e-15   120
  1.628788e+00   2.490462e-14   0.000000e+00   2.971364e-15   48
  1.636759e+00   2.544905e-14   2.303939e-03   1.833189e-15   222
  1.643266e+00   2.372439e-14   0.000000e+00   2.218569e-15   120
  1.648064e+00   1.691035e-14   3.114687e-08   3.557301e-15   24
  1.655050e+00   2.350324e-14   2.378000e-03   1.253808e-15   312
  1.670270e+00   2.970834e-14   2.229470e-03   3.073144e-15   72
  1.676563e+00   2.220622e-14   3.114687e-08   2.209290e-15   96
  1.683024e+00   2.297387e-14   2.270407e-03   1.613421e-15   192
  1.690632e+00   2.185133e-14   2.877225e-08   1.750142e-15   120
  1.695296e+00   2.094772e-14   0.000000e+00   1.766401e-15   144
  1.704585e+00   1.914092e-14   0.000000e+00   2.513507e-15   48
  1.711188e+00   1.929756e-14   2.282974e-03   1.015784e-15   336
  1.718425e+00   2.328291e-14   0.000000e+00   2.359056e-15   48
  1.727590e+00   1.932655e-14   0.000000e+00   1.427443e-15   192
  1.732155e+00   2.136142e-14   0.000000e+00   2.433347e-15   48
  1.745129e+00   1.507084e-14   1.584683e-03   2.049647e-15   56
  1.751580e+00   1.932489e-14   2.035272e-03   1.181681e-15   336
  1.759292e+00   1.280594e-14   2.260561e-08   2.133368e-15   54
  1.766010e+00   2.022888e-14   2.235459e-03   1.287293e-15   240
  1.779956e+00   1.825112e-14   2.140470e-03   1.193160e-15   228
  1.786017e+00   1.766954e-14   2.397687e-08   1.810591e-15   72
  1.791900e+00   1.822583e-14   2.076308e-03   1.572520e-15   144
  1.799230e+00   1.707633e-14   0.000000e+00   1.785404e-15   96
  1.803613e+00   1.689286e-14   2.877225e-08   1.105646e-15   240
  1.812348e+00   1.002332e-14   2.543132e-08   1.546171e-15   24
  1.817939e+00   1.534981e-14   1.961057e-03   8.116152e-16   336
  1.825371e+00   1.542859e-14   0.000000e+00   2.102401e-15   72
  1.832154e+00   1.713176e-14   2.133012e-03   1.359897e-15   168
  1.838302e+00   1.485293e-14   0.000000e+00   1.720231e-15   72
  1.846872e+00   1.647216e-14   0.000000e+00   2.061309e-15   96
  1.853509e+00   1.457811e-14   2.117011e-03   1.000352e-15   216
  1.859653e+00   1.283850e-14   0.000000e+00   1.351741e-15   96
  1.868125e+00   1.491818e-14   2.543132e-08   1.282256e-15   192
  1.872347e+00   1.689780e-14   2.397687e-08   1.392909e-15   144
  1.880762e+00   1.251480e-14   0.000000e+00   1.776774e-15   48
  1.886588e+00   1.603998e-14   2.041047e-03   1.027637e-15   246
  1.894505e+00   1.372385e-14   1.881878e-03   1.164410e-15   168
  1.901637e+00   1.242270e-14   4.983500e-08   1.243264e-15   120
  1.905784e+00   1.433893e-14   0.000000e+00   8.787044e-16   240
  1.914053e+00   1.690432e-14   0.000000e+00   3.952364e-15   24
  1.920640e+00   1.280998e-14   2.014384e-03   7.005052e-16   360
  1.928845e+00   1.500140e-14   2.005812e-03   1.138671e-15   120
  1.934568e+00   1.395110e-14   0.000000e+00   1.122398e-15   144
  1.938645e+00   1.355033e-14   0.000000e+00   1.397100e-15   96
  1.950825e+00   1.268042e-14   0.000000e+00   1.151925e-15   144
  1.954868e+00   1.189387e-14   0.000000e+00   1.033159e-15   132
  1.960551e+00   1.223006e-14   1.979707e-03   9.565207e-16   176
  1.968799e+00   1.238125e-14   1.999105e-03   7.253761e-16   312
  1.978954e+00   1.234287e-14   0.000000e+00   1.594455e-15   96
  1.982940e+00   9.977683e-15   0.000000e+00   7.497537e-16   144
  1.989055e+00   1.132152e-14   1.979053e-03   5.997573e-16   312
  1.998804e+00   1.014079e-14   0.000000e+00   1.432502e-15   48
  2.002750e+00   1.142472e-14   2.543132e-08   9.047684e-16   192
  2.010619e+00   1.605404e-14   0.000000e+00   5.446302e-15   6
  2.015848e+00   1.060237e-14   1.845802e-03   6.825592e-16   288
  2.024316e+00   1.029429e-14   1.950210e-03   7.513486e-16   192
  2.030159e+00   1.066117e-14   5.980883e-08   7.402235e-16   216
  2.034045e+00   1.112952e-14   0.000000e+00   1.421436e-15   72
  2.043725e+00   9.452232e-15   1.931689e-03   7.048963e-16   192
  2.050154e+00   9.029931e-15   1.434383e-03   5.219999e-16   288
  2.057204e+00   1.251227e-14   0.000000e+00   2.309507e-15   24
  2.062650e+00   8.950397e-15   1.889681e-03   4.764588e-16   456
  2.072499e+00   1.076688e-14   0.000000e+00   1.245962e-15   48
  2.078585e+00   9.694811e-15   1.861260e-03   6.475764e-16   240
  2.085579e+00   1.065376e-14   1.881013e-03   8.087611e-16   216
  2.091461e+00   9.204652e-15   0.000000e+00   1.115606e-15   72
  2.095233e+00   7.301735e-15   6.498988e-08   5.459766e-16   168
  2.105882e+00   8.037135e-15   1.398129e-03   5.386865e-16   288
  2.111855e+00   8.274166e-15   1.849965e-03   6.335854e-16   168
  2.121448e+00   7.889976e-15   0.000000e+00   7.117220e-16   192
  2.125166e+00   8.820391e-15   2.397687e-08   7.369343e-16   144
  2.132584e+00   6.264125e-15   2.397687e-08   1.309443e-15   36
  2.138874e+00   7.639480e-15   1.689411e-03   4.956419e-16   342
  2.144889e+00   8.039877e-15   1.734820e-03   6.459821e-16   144
  2.152621e+00   7.672801e-15   1.819392e-03   4.104704e-16   384
  2.162000e+00   7.809678e-15   4.983500e-08   7.397775e-16   120
  2.166643e+00   7.000517e-15   1.622368e-03   4.808315e-16   264
  2.172929e+00   7.952737e-15   8.042088e-08   6.477825e-16   192
  2.178848e+00   5.524282e-15   1.748412e-03   5.415210e-16   152
  2.183802e+00   7.764557e-15   4.795375e-08   7.524426e-16   144
  2.194222e+00   6.903984e-15   1.131589e-03   5.242439e-16   216
  2.199045e+00   8.077678e-15   1.512105e-03   5.072231e-16   312
  2.207535e+00   7.433227e-15   1.752500e-03   5.828533e-16   240
  2.212538e+00   6.600458e-15   2.543132e-08   8.398731e-16   96
  2.222033e+00   5.861442e-15   1.675517e-03   5.475159e-16   144
  2.227885e+00   6.615409e-15   1.646885e-03   3.404253e-16   456
  2.237379e+00   7.047602e-15   0.000000e+00   7.244344e-16   120
  2.240905e+00   6.233532e-15   0.000000e+00   5.915867e-16   144
  2.247941e+00   8.724718e-15   3.596531e-08   2.027070e-15   24
  2.252452e+00   6.430517e-15   1.583038e-03   4.232067e-16   336
  2.260253e+00   6.028178e-15   1.745876e-03   5.236172e-16   198
  2.267563e+00   5.621306e-15   1.697764e-03   2.984980e-16   432
  2.275867e+00   8.002521e-15   5.086263e-08   9.875465e-16   48
  2.280199e+00   6.435733e-15   1.498832e-03   3.797783e-16   384
  2.287976e+00   6.354855e-15   1.725473e-03   6.778627e-16   144
  2.295024e+00   6.833516e-15   1.713168e-03   4.518046e-16   264
  2.303454e+00   6.222293e-15   0.000000e+00   7.537751e-16   48
  2.309110e+00   6.848866e-15   1.628943e-03   4.840010e-16   276
  2.314567e+00   6.020126e-15   1.476593e-03   4.928648e-16   192
  2.321860e+00   5.771220e-15   1.659366e-03   2.676493e-16   552
  2.330715e+00   6.750738e-15   4.069010e-08   7.563340e-16   120
  2.335978e+00   5.327643e-15   1.679687e-03   4.292238e-16   216
  2.340855e+00   5.030035e-15   4.069010e-08   4.086666e-16   120
  2.349569e+00   5.365585e-15   1.654080e-03   2.857328e-16   408
  2.357660e+00   4.370859e-15   3.596531e-08   1.136098e-15   24
  2.362678e+00   5.467195e-15   1.670919e-03   3.272817e-16   384
  2.369685e+00   4.809362e-15   1.632547e-03   3.469049e-16   240
  2.375770e+00   5.634824e-15   1.644502e-03   5.262771e-16   168
  2.384301e+00   4.097288e-15   0.000000e+00   5.197264e-16   120
  2.389801e+00   5.061570e-15   1.714308e-03   2.778693e-16   350
  2.398744e+00   5.036185e-15   2.822081e-03   2.522022e-16   384
  2.404088e+00   5.059737e-15   0.000000e+00   5.079102e-16   144
  2.413921e+00   5.152598e-15   3.390842e-08   3.562975e-16   288
  2.419055e+00   4.200295e-15   1.615394e-03   2.712911e-16   336
  2.426039e+00   4.478223e-15   1.470682e-03   3.747335e-16   168
  2.430220e+00   4.723286e-15   9.639558e-08   2.993847e-16   336
  2.438868e+00   4.005846e-15   1.526480e-03   2.526886e-16   288
  2.444062e+00   4.942202e-15   1.438335e-03   3.217752e-16   264
  2.452858e+00   4.226820e-15   0.000000e+00   3.122014e-16   240
  2.456075e+00   4.906386e-15   0.000000e+00   5.565253e-16   96
  2.467620e+00   4.658113e-15   1.956039e-03   2.959101e-16   360
  2.473008e+00   3.999811e-15   1.441936e-03   3.928765e-16   168
  2.479816e+00   3.663135e-15   1.571860e-03   2.117742e-16   456
  2.488014e+00   4.364169e-15   4.521123e-08   4.573784e-16   108
  2.492626e+00   3.447847e-15   1.577159e-03   2.563271e-16   264
  2.498378e+00   3.702066e-15   1.407083e-03   2.779221e-16   264
  2.506256e+00   4.364049e-15   1.327788e-03   2.588866e-16   312
  2.516065e+00   3.474362e-15   9.866910e-04   2.347756e-16   270
  2.520176e+00   3.887234e-15   1.252729e-03   2.649699e-16   240
  2.527567e+00   4.130468e-15   1.549783e-03   2.159945e-16   384
  2.532054e+00   3.271924e-15   5.086263e-08   2.374554e-16   192
  2.540769e+00   4.160937e-15   1.243495e-03   3.171119e-16   240
  2.545825e+00   3.734891e-15   1.534673e-03   2.173663e-16   336
  2.555333e+00   3.927231e-15   1.544942e-03   2.034853e-16   480
  2.563047e+00   4.273984e-15   3.390842e-08   6.813371e-16   72
  2.567356e+00   3.843655e-15   1.506459e-03   3.081331e-16   240
  2.573216e+00   3.663916e-15   1.415865e-03   2.412917e-16   312
  2.579934e+00   3.569282e-15   1.530210e-03   3.037737e-16   240
  2.590086e+00   3.827255e-15   1.162564e-03   2.222508e-16   408
  2.594104e+00   3.335050e-15   1.064628e-03   1.992788e-16   336
  2.601958e+00   3.548317e-15   1.351816e-03   2.544593e-16   264
  2.605818e+00   3.013959e-15   0.000000e+00   3.094078e-16   144
  2.616557e+00   3.438634e-15   1.873697e-03   1.899994e-16   464
  2.622215e+00   3.554950e-15   1.489973e-03   3.454339e-16   168
  2.627801e+00   2.790148e-15   1.357041e-03   1.992975e-16   336
  2.637897e+00   3.118747e-15   1.425837e-03   1.926574e-16   414
  2.643588e+00   3.099356e-15   1.484211e-03   2.194525e-16   216
  2.650879e+00   4.138848e-15   3.596531e-08   3.799720e-16   96
  2.653856e+00   2.912215e-15   8.809666e-08   1.697315e-16   384
  2.664284e+00   3.187071e-15   1.481344e-03   1.836981e-16   492
  2.669873e+00   3.291993e-15   1.448627e-03   2.386017e-16   240
  2.676189e+00   3.259185e-15   1.470864e-03   2.195932e-16   312
  2.684913e+00   2.576171e-15   1.470380e-03   2.218531e-16   192
  2.690439e+00   2.819382e-15   1.424976e-03   1.644467e-16   504
  2.697770e+00   3.015041e-15   9.433586e-04   1.796366e-16   408
  2.703542e+00   2.564944e-15   2.890096e-03   2.725882e-16   168
  2.710765e+00   3.203304e-15   1.372821e-03   2.217079e-16   288
  2.716826e+00   2.916739e-15   1.432656e-03   1.896424e-16   288
  2.723035e+00   2.531297e-15   1.440903e-03   1.256384e-16   432
  2.732042e+00   3.407898e-15   1.362614e-03   2.641159e-16   216
  2.736854e+00   2.607159e-15   1.359739e-03   1.653060e-16   360
  2.745421e+00   2.935352e-15   1.327092e-03   2.027323e-16   312
  2.753154e+00   3.704845e-15   0.000000e+00   4.577187e-16   48
  2.757611e+00   2.506132e-15   1.422834e-03   1.240906e-16   432
  2.765594e+00   2.415223e-15   2.373302e-03   1.401924e-16   414
  2.770308e+00   2.385244e-15   5.421333e-08   1.600842e-16   312
  2.779102e+00   2.349742e-15   2.082441e-03   1.224854e-16   528
  2.785037e+00   2.674392e-15   1.093105e-03   1.982860e-16   264
  2.792167e+00   2.420328e-15   1.296122e-03   1.231256e-16   480
  2.801483e+00   2.372281e-15   0.000000e+00   1.705730e-16   288
  2.805506e+00   2.654201e-15   1.392643e-03   2.350383e-16   168
  2.812867e+00   2.287657e-15   2.204550e-03   1.401617e-16   504
  2.821143e+00   2.523949e-15   3.390842e-08   2.457985e-16   144
  2.826350e+00   2.284307e-15   1.415850e-03   1.171918e-16   464
  2.834173e+00   2.240279e-15   2.077839e-03   1.155753e-16   432
  2.837886e+00   2.323387e-15   3.596531e-08   2.111757e-16   192
  2.847481e+00   2.096924e-15   1.540373e-03   1.268331e-16   396
  2.853147e+00   2.264757e-15   1.383680e-03   1.698899e-16   288
  2.858874e+00   2.022220e-15   1.366839e-03   1.363516e-16   336
  2.868021e+00   2.026957e-15   8.655099e-04   1.194794e-16   432
  2.873827e+00   1.911129e-15   2.243281e-03   1.057430e-16   360
  2.880345e+00   2.319100e-15   1.326934e-03   1.342603e-16   384
  2.889603e+00   2.080281e-15   1.171274e-03   1.747157e-16   198
  2.894063e+00   2.095600e-15   1.331357e-03   9.672575e-17   552
  2.902381e+00   2.098358e-15   1.863809e-03   1.177411e-16   432
  2.909325e+00   2.127258e-15   7.119285e-08   1.624667e-16   168
  2.915153e+00   2.080161e-15   2.310442e-03   1.106101e-16   480
  2.922863e+00   2.194406e-15   0.000000e+00   2.239717e-16   120
  2.926334e+00   1.910438e-15   1.887069e-03   1.380235e-16   336
  2.934802e+00   1.846364e-15   1.331298e-03   9.103739e-17   672
  2.943175e+00   2.036819e-15   1.936554e-03   1.057371e-16   528
  2.947075e+00   1.334529e-15   5.812872e-08   1.071800e-16   168
  2.956085e+00   1.716645e-15   2.160213e-03   9.333961e-17   456
  2.961583e+00   2.147997e-15   1.319260e-03   1.950632e-16   168
  2.967291e+00   1.988010e-15   1.316892e-03   1.058021e-16   504
  2.976778e+00   1.534582e-15   1.694638e-03   9.271052e-17   336
  2.982515e+00   1.812523e-15   1.221633e-03   1.194683e-16   312
  2.988879e+00   1.785151e-15   1.193619e-03   9.320770e-17   504
  2.997254e+00   1.767725e-15   8.281656e-04   1.103355e-16   432
  3.001192e+00   1.695114e-15   1.279790e-03   1.053706e-16   312
  3.009377e+00   1.685010e-15   1.311847e-03   9.532758e-17   384
  3.017923e+00   1.588741e-15   1.114566e-03   1.495946e-16   126
  3.023199e+00   1.641020e-15   1.956913e-03   8.057172e-17   492
  3.029938e+00   1.622095e-15   1.253405e-03   8.001840e-17   528
  3.038360e+00   1.664596e-15   1.273190e-03   9.500354e-17   480
  3.043581e+00   1.849838e-15   1.758905e-03   1.053949e-16   432
  3.051137e+00   1.705807e-15   1.383146e-03   9.886096e-17   440
  3.059913e+00   1.929764e-15   6.878330e-04   1.371461e-16   312
  3.063206e+00   1.497328e-15   1.030775e-03   9.002460e-17   480
  3.069960e+00   1.669848e-15   2.018238e-03   1.037126e-16   408
  3.079829e+00   1.865732e-15   1.208696e-03   8.978072e-17   360
  3.083998e+00   1.426533e-15   1.166348e-03   9.868000e-17   408
  3.091725e+00   1.336876e-15   1.186907e-03   7.762158e-17   456
  3.100425e+00   1.494112e-15   1.134390e-03   8.842216e-17   264
  3.105254e+00   1.509022e-15   1.231098e-03   8.042661e-17   384
  3.112283e+00   1.406125e-15   2.072640e-03   5.890910e-17   672
  3.120409e+00   1.488162e-15   1.239707e-03   1.109919e-16   240
  3.125099e+00   1.341706e-15   1.257992e-03   9.080475e-17   264
  3.131717e+00   1.184909e-15   1.551526e-03   5.122542e-17   624
  3.141593e+00   9.785745e-16   0.000000e+00   9.627160e-17   150
  3.145109e+00   1.355693e-15   1.738607e-03   5.899102e-17   600
  3.152524e+00   1.438538e-15   1.199942e-03   6.404888e-17   672
  3.160921e+00   1.280996e-15   1.128630e-03   8.214107e-17   336
  3.165599e+00   1.603457e-15   1.227621e-03   9.005735e-17   408
  3.173072e+00   1.311245e-15   1.224729e-03   7.741865e-17   408
  3.181385e+00   1.458058e-15   6.192886e-04   9.016908e-17   360
  3.186510e+00   1.359155e-15   2.273829e-03   7.533613e-17   456
  3.192699e+00   1.376780e-15   1.236522e-03   7.541993e-17   384
  3.200577e+00   1.185912e-15   1.141466e-03   7.016732e-17   348
  3.204835e+00   1.286126e-15   1.407202e-03   5.950045e-17   576
  3.212832e+00   1.239754e-15   1.158646e-03   5.891051e-17   504
  3.221013e+00   1.208015e-15   1.634203e-03   6.175729e-17   432
  3.228154e+00   1.181223e-15   2.223325e-03   6.140176e-17   576
  3.233247e+00   1.107032e-15   0.000000e+00   8.335542e-17   264
  3.241325e+00   1.117532e-15   1.769212e-03   4.661191e-17   768
  3.248351e+00   8.369346e-16   2.381921e-03   5.026306e-17   240
  3.253937e+00   1.064057e-15   2.100629e-03   9.204598e-17   192
  3.262073e+00   1.083729e-15   1.546319e-03   5.085691e-17   504
  3.268108e+00   1.205660e-15   2.083724e-03   5.399040e-17   590
  3.273894e+00   1.279876e-15   2.334698e-03   7.243411e-17   384
  3.281151e+00   1.095367e-15   1.951120e-03   6.068906e-17   504
  3.289911e+00   1.113305e-15   1.877651e-03   5.016791e-17   648
  3.298409e+00   9.729215e-16   5.099453e-04   5.723284e-17   504
  3.301835e+00   1.039931e-15   1.163281e-03   8.385159e-17   312
  3.307884e+00   1.198516e-15   1.676002e-03   5.838593e-17   576
  3.316189e+00   1.191231e-15   1.166339e-03   8.432837e-17   240
  3.321030e+00   1.017200e-15   1.178530e-03   4.891140e-17   552
  3.327882e+00   1.087385e-15   1.106612e-03   5.180422e-17   600
  3.337643e+00   1.091121e-15   1.351639e-03   5.136189e-17   600
  3.343511e+00   9.245211e-16   2.164544e-03   6.612822e-17   312
  3.349356e+00   1.103750e-15   1.885103e-03   6.308103e-17   480
  3.356656e+00   8.586264e-16   1.176123e-03   3.808778e-17   576
  3.363084e+00   9.988794e-16   1.893814e-03   6.068700e-17   408
  3.368787e+00   6.352164e-16   2.209222e-03   4.415143e-17   216
  3.376156e+00   1.033219e-15   1.692015e-03   5.402149e-17   516
  3.384050e+00   9.018362e-16   1.614354e-03   3.899192e-17   744
  3.392194e+00   9.772927e-16   1.078246e-03   5.265487e-17   462
  3.396796e+00   8.175981e-16   1.095881e-03   5.192847e-17   432
  3.403934e+00   9.887127e-16   1.016670e-03   4.578968e-17   648
  3.412327e+00   8.678080e-16   1.487578e-03   4.584408e-17   528
  3.419069e+00   1.006944e-15   1.791415e-03   4.169712e-17   600
  3.425805e+00   1.140035e-15   2.258506e-03   9.109986e-17   240
  3.432329e+00   9.331420e-16   1.729994e-03   4.261256e-17   720
  3.439912e+00   9.199943e-16   1.368738e-03   3.919642e-17   720
  3.448318e+00   5.997028e-16   0.000000e+00   7.079033e-17   144
  3.452742e+00   9.705183e-16   1.764713e-03   4.252035e-17   720
  3.459035e+00   8.334518e-16   1.058157e-03   4.452427e-17   384
  3.466913e+00   7.719844e-16   1.173023e-03   3.403208e-17   672
  3.474387e+00   8.351546e-16   2.053834e-03   5.346781e-17   336
  3.477957e+00   8.287985e-16   0.000000e+00   5.956798e-17   288
  3.486699e+00   7.065712e-16   1.625472e-03   3.045365e-17   776
  3.494792e+00   7.754732e-16   1.390838e-03   3.603651e-17   720
  3.501588e+00   6.844925e-16   1.120422e-03   4.088019e-17   432
  3.507024e+00   8.301583e-16   1.597303e-03   4.022189e-17   504
  3.513071e+00   8.174760e-16   1.119137e-03   3.850075e-17   528
  3.521533e+00   7.385275e-16   1.524759e-03   4.031538e-17   438
  3.528495e+00   8.553855e-16   1.774680e-03   4.004527e-17   624
  3.533741e+00   7.706436e-16   2.173744e-03   5.057036e-17   312
  3.540952e+00   7.942667e-16   1.171159e-03   3.415838e-17   696
  3.548410e+00   7.353613e-16   1.059686e-03   3.940284e-17   552
  3.556166e+00   8.273750e-16   8.198436e-04   4.529290e-17   516
  3.560964e+00   8.271296e-16   1.637576e-03   3.596602e-17   528
  3.566805e+00   5.586118e-16   1.064960e-03   2.875856e-17   528
  3.575102e+00   7.350775e-16   1.404467e-03   2.844537e-17   864
  3.580734e+00   6.736072e-16   1.923830e-03   3.713128e-17   408
  3.586372e+00   8.266239e-16   1.906039e-03   5.903835e-17   192
  3.594362e+00   6.464834e-16   1.577339e-03   2.850786e-17   720
  3.601108e+00   5.987000e-16   1.454384e-03   2.835689e-17   696
  3.609123e+00   7.172992e-16   1.570748e-03   3.096485e-17   720
  3.616456e+00   7.735536e-16   2.128961e-03   4.498690e-17   432
  3.620733e+00   5.783080e-16   1.253189e-03   4.394656e-17   264
  3.628427e+00   6.952664e-16   1.730599e-03   3.028635e-17   672
  3.635310e+00   6.795519e-16   1.771868e-03   3.033611e-17   600
  3.643477e+00   4.836328e-16   1.037427e-03   3.700837e-17   270
  3.647594e+00   6.483257e-16   1.561617e-03   3.677806e-17   528
  3.654138e+00   7.651728e-16   1.069340e-03   2.876557e-17   840
  3.663112e+00   7.142355e-16   2.044769e-03   2.928890e-17   888
  3.671403e+00   5.752127e-16   1.523504e-03   2.523072e-17   744
  3.678411e+00   7.406851e-16   7.828584e-04   3.983458e-17   456
  3.681896e+00   8.530892e-16   1.069824e-03   4.732292e-17   360
  3.687860e+00   5.728823e-16   9.269427e-04   3.806981e-17   384
  3.697011e+00   6.469414e-16   1.486807e-03   2.787553e-17   816
  3.703877e+00   5.971848e-16   2.157150e-03   2.579714e-17   824
  3.712223e+00   6.116955e-16   1.002746e-03   3.880040e-17   360
  3.716692e+00   6.258193e-16   1.479676e-03   2.915687e-17   624
  3.722842e+00   7.529145e-16   9.998850e-04   4.716275e-17   360
  3.731036e+00   5.746308e-16   1.360137e-03   2.404477e-17   876
  3.738436e+00   5.682344e-16   1.615436e-03   2.585253e-17   696
  3.745899e+00   5.366549e-16   1.043143e-03   3.922043e-17   336
  3.749811e+00   6.512957e-16   1.041971e-03   3.550786e-17   504
  3.756273e+00   5.078636e-16   1.051000e-03   2.366949e-17   672
  3.765859e+00   5.857922e-16   2.092296e-03   2.850641e-17   720
  3.772508e+00   6.046224e-16   1.580506e-03   2.493290e-17   774
  3.779846e+00   6.642795e-16   9.046409e-04   4.079064e-17   384
  3.783690e+00   6.725362e-16   1.740917e-03   3.427053e-17   528
  3.789655e+00   6.034711e-16   1.659191e-03   2.505059e-17   744
  3.799249e+00   6.097413e-16   1.368481e-03   2.562182e-17   768
  3.805620e+00   5.537560e-16   1.536223e-03   3.263440e-17   552
  3.813568e+00   5.307998e-16   1.674309e-03   2.555797e-17   696
  3.819481e+00   6.486975e-16   2.034577e-03   3.722306e-17   408
  3.824174e+00   6.439755e-16   8.789532e-04   3.450594e-17   504
  3.831615e+00   5.338647e-16   1.579007e-03   2.072578e-17   888
  3.838937e+00   4.866453e-16   1.641044e-03   2.388999e-17   648
  3.846547e+00   5.392894e-16   1.626978e-03   2.629378e-17   648
  3.853707e+00   5.134639e-16   1.754281e-03   2.352484e-17   792
  3.861291e+00   5.115097e-16   2.566633e-03   2.562363e-17   600
  3.866880e+00   4.499563e-16   1.739428e-03   2.444268e-17   456
  3.872762e+00   5.278259e-16   8.477229e-04   2.564741e-17   648
  3.880317e+00   4.840174e-16   1.653183e-03   1.927977e-17   936
  3.888474e+00   5.971265e-16   1.015268e-03   3.444168e-17   384
  3.895575e+00   4.934616e-16   0.000000e+00   4.812779e-17   198
  3.901055e+00   5.360915e-16   2.575821e-03   2.014983e-17   1224
  3.906966e+00   7.053218e-16   1.875990e-03   4.300741e-17   420
  3.913957e+00   5.612716e-16   1.815566e-03   2.551413e-17   792
  3.920793e+00   5.674068e-16   1.501318e-03   3.333943e-17   680
  3.928594e+00   5.081605e-16   1.378581e-03   2.718308e-17   600
  3.934870e+00   5.199816e-16   1.999321e-03   2.416692e-17   840
  3.943251e+00   4.681624e-16   9.439865e-04   2.391456e-17   432
  3.946454e+00   5.662367e-16   8.846397e-04   2.525980e-17   720
  3.953417e+00   5.017292e-16   1.771778e-03   2.135735e-17   960
  3.962077e+00   4.998187e-16   1.579411e-03   2.822615e-17   528
  3.968405e+00   5.124122e-16   1.614459e-03   2.870920e-17   624
  3.975938e+00   5.175159e-16   1.268954e-03   2.321721e-17   816
  3.983415e+00   4.321595e-16   2.086821e-03   1.872052e-17   696
  3.991678e+00   4.513201e-16   1.150890e-07   3.699462e-17   240
  3.994784e+00   4.919338e-16   1.230648e-03   2.370228e-17   672
  4.001719e+00   4.602524e-16   2.199344e-03   2.057434e-17   864
  4.009498e+00   4.121412e-16   1.687640e-03   1.944479e-17   816
  4.016509e+00   3.646572e-16   9.659469e-04   1.858927e-17   648
  4.024060e+00   5.670985e-16   9.873737e-04   2.351754e-17   843
  4.030471e+00   4.699062e-16   1.776528e-03   2.917748e-17   780
  4.038111e+00   5.480304e-16   9.532520e-04   5.010545e-17   216
  4.042823e+00   4.677099e-16   2.298663e-03   1.991604e-17   1056
  4.050071e+00   4.298217e-16   1.880564e-03   3.340318e-17   228
  4.056781e+00   4.927308e-16   2.341349e-03   2.288631e-17   924
  4.063670e+00   4.959196e-16   8.685094e-04   2.210010e-17   696
  4.070964e+00   4.547575e-16   1.545698e-03   2.290793e-17   996
  4.078428e+00   3.506712e-16   9.125493e-04   2.132789e-17   576
  4.086192e+00   3.791292e-16   1.408459e-03   2.340308e-17   552
  4.091852e+00   4.872640e-16   1.681651e-03   2.790339e-17   516
  4.097596e+00   4.076816e-16   2.445470e-03   1.891447e-17   744
  4.104159e+00   3.162834e-16   1.199649e-03   1.688671e-17   576
  4.109868e+00   4.187013e-16   1.234742e-03   2.147367e-17   792
  4.117982e+00   3.918922e-16   1.411539e-03   1.863397e-17   792
  4.123927e+00   3.981781e-16   1.522330e-03   2.029830e-17   720
  4.131968e+00   3.896029e-16   1.735107e-03   1.984299e-17   656
  4.139503e+00   3.505902e-16   1.894646e-03   1.789271e-17   816
  4.147227e+00   3.715683e-16   1.021561e-03   2.837335e-17   492
  4.151618e+00   3.542025e-16   1.469588e-03   2.058676e-17   552
  4.159858e+00   3.005428e-16   2.555435e-03   1.410350e-17   780
  4.165209e+00   3.561992e-16   1.569773e-03   2.084352e-17   528
  4.170975e+00   3.057131e-16   1.832403e-03   1.587730e-17   600
  4.179472e+00   3.654116e-16   1.522872e-03   1.595529e-17   900
  4.185329e+00   3.154682e-16   8.430879e-04   1.760707e-17   696
  4.193388e+00   3.298561e-16   2.131780e-03   1.710673e-17   696
  4.201183e+00   2.624875e-16   8.648430e-04   1.403718e-17   552
  4.207739e+00   3.197720e-16   1.005732e-03   1.685028e-17   708
  4.214606e+00   2.903185e-16   1.660522e-03   1.317397e-17   876
  4.221752e+00   3.262128e-16   8.817041e-04   2.850409e-17   216
  4.226547e+00   3.337605e-16   2.411580e-03   1.245693e-17   1032
  4.233729e+00   2.387492e-16   2.685028e-03   1.229014e-17   600
  4.241182e+00   2.268766e-16   1.281196e-03   1.337684e-17   600
  4.246868e+00   3.162993e-16   2.262472e-03   1.756214e-17   528
  4.253589e+00   2.653046e-16   1.241998e-03   1.276386e-17   732
  4.260669e+00   3.195221e-16   9.171027e-04   2.621470e-17   336
  4.268820e+00   2.471106e-16   1.307053e-03   1.022573e-17   912
  4.274911e+00   2.259086e-16   1.311885e-03   1.081297e-17   624
  4.281565e+00   2.669054e-16   1.105498e-03   1.248588e-17   768
  4.289333e+00   2.652840e-16   1.994537e-03   1.215380e-17   792
  4.296957e+00   2.585442e-16   9.888090e-04   1.365831e-17   660
  4.302382e+00   2.385088e-16   1.457169e-03   1.354038e-17   504
  4.307992e+00   2.091511e-16   2.380735e-03   1.082801e-17   480
  4.316401e+00   2.047178e-16   2.201870e-03   8.285594e-18   912
  4.322985e+00   2.273597e-16   2.452123e-03   1.357207e-17   432
  4.329203e+00   2.677754e-16   1.456013e-03   1.616759e-17   564
  4.334724e+00   2.549717e-16   1.393605e-03   1.333866e-17   600
  4.342496e+00   2.389058e-16   1.942553e-03   9.825053e-18   876
  4.348334e+00   2.257349e-16   8.734307e-04   1.658496e-17   264
  4.356382e+00   1.834288e-16   1.694799e-03   9.160494e-18   560
  4.362850e+00   2.126216e-16   1.151652e-03   8.808917e-18   840
  4.370702e+00   1.919688e-16   1.775516e-03   7.975341e-18   1008
  4.377963e+00   1.646414e-16   7.942467e-04   8.802805e-18   456
  4.384595e+00   2.412801e-16   1.028834e-03   1.282176e-17   576
  4.390725e+00   2.344664e-16   1.580913e-03   1.074298e-17   612
  4.398809e+00   2.106729e-16   1.412012e-03   9.804191e-18   780
  4.405404e+00   1.807932e-16   1.618102e-03   9.045941e-18   648
  4.412155e+00   1.964927e-16   7.540562e-04   1.468292e-17   312
  4.416470e+00   1.981682e-16   1.915933e-03   1.102177e-17   528
  4.423945e+00   1.715945e-16   2.502113e-03   7.450802e-18   720
  4.431093e+00   1.827156e-16   2.509948e-03   1.058438e-17   576
  4.439759e+00   1.828052e-16   2.165154e-03   1.279574e-17   444
  4.445151e+00   1.917060e-16   2.123318e-03   7.669009e-18   996
  4.451759e+00   1.555803e-16   1.773610e-03   8.828152e-18   432
  4.458005e+00   2.078392e-16   1.941754e-03   1.079882e-17   504
  4.463400e+00   1.301648e-16   8.754449e-04   6.509638e-18   504
  4.471082e+00   1.933120e-16   1.722886e-03   8.612798e-18   876
  4.478033e+00   1.586171e-16   1.982878e-03   8.572524e-18   504
  4.485271e+00   1.604985e-16   1.264576e-03   8.711475e-18   696
  4.491253e+00   1.622520e-16   1.081079e-03   8.064450e-18   492
  4.499392e+00   1.411070e-16   1.547618e-03   1.034329e-17   432
  4.505420e+00   1.792603e-16   1.449174e-03   8.859446e-18   768
  4.512567e+00   1.595966e-16   1.805141e-03   7.808576e-18   648
  4.519390e+00   1.488835e-16   1.177661e-03   9.093067e-18   456
  4.527231e+00   1.895677e-16   1.619475e-03   1.231614e-17   552
  4.532676e+00   1.386075e-16   1.109989e-03   7.325697e-18   648
  4.540170e+00   1.374230e-16   1.809220e-03   5.279574e-18   840
  4.547491e+00   1.425518e-16   8.627791e-04   7.071365e-18   432
  4.554820e+00   1.462712e-16   1.056757e-03   7.941073e-18   600
  4.559917e+00   1.585766e-16   1.125905e-03   1.028217e-17   432
  4.568479e+00   1.668679e-16   1.120948e-03   9.159591e-18   560
  4.574277e+00   1.259468e-16   1.774344e-03   4.598237e-18   840
  4.581537e+00   1.249328e-16   1.050970e-03   7.665043e-18   504
  4.587303e+00   1.283689e-16   2.144966e-03   5.690222e-18   696
  4.595432e+00   1.555616e-16   1.171504e-03   1.037992e-17   384
  4.601763e+00   1.116466e-16   1.716116e-03   5.929782e-18   576
  4.609420e+00   1.234154e-16   1.059101e-03   7.752714e-18   360
  4.615593e+00   1.358722e-16   1.577258e-03   5.980297e-18   828
  4.622251e+00   1.252790e-16   1.404841e-03   7.213672e-18   372
  4.628352e+00   1.241647e-16   2.145462e-03   5.914472e-18   576
  4.636434e+00   1.405046e-16   8.985170e-04   5.930300e-18   636
  4.642192e+00   1.164447e-16   1.732109e-03   5.537735e-18   648
  4.649981e+00   1.136918e-16   1.408015e-03   5.088784e-18   576
  4.655573e+00   1.079673e-16   2.271277e-03   5.940427e-18   528
  4.663010e+00   1.175385e-16   9.710647e-04   7.815417e-18   360
  4.669165e+00   1.044172e-16   2.233813e-03   4.519369e-18   672
  4.677203e+00   1.140554e-16   1.144196e-03   5.037467e-18   804
  4.683893e+00   1.174443e-16   1.262185e-03   6.730832e-18   408
  4.691293e+00   1.262322e-16   7.801673e-04   7.819575e-18   384
  4.696276e+00   1.026685e-16   1.785323e-03   6.112018e-18   480
  4.703304e+00   9.581435e-17   1.153580e-03   6.855408e-18   432
  4.710045e+00   1.152654e-16   2.125802e-03   4.944442e-18   648
  4.718024e+00   1.077713e-16   1.319050e-03   5.226393e-18   624
  4.723861e+00   1.108583e-16   1.199787e-03   6.996900e-18   456
  4.731831e+00   9.063109e-17   1.639016e-03   4.442621e-18   588
  4.737172e+00   9.412626e-17   1.045685e-03   4.326757e-18   600
  4.744970e+00   9.290110e-17   1.631013e-03   4.074646e-18   708
  4.751130e+00   1.140636e-16   1.027507e-03   7.098126e-18   360
  4.757936e+00   1.027077e-16   1.181146e-03   5.290044e-18   552
  4.764461e+00   8.374685e-17   8.286020e-04   5.250228e-18   288
  4.771085e+00   8.823574e-17   1.557998e-03   4.827908e-18   528
  4.777309e+00   1.095827e-16   1.051098e-03   5.750790e-18   456
  4.784262e+00   9.753405e-17   1.863824e-03   4.705128e-18   608
  4.791256e+00   8.736582e-17   9.017389e-04   4.591541e-18   504
  4.798898e+00   7.458279e-17   1.935982e-03   4.136052e-18   540
  4.804891e+00   9.248173e-17   2.078222e-03   5.739711e-18   360
  4.811350e+00   1.015032e-16   9.411255e-04   5.254902e-18   540
  4.817063e+00   8.725790e-17   8.080679e-04   4.440772e-18   576
  4.825371e+00   8.808462e-17   1.873635e-03   4.761868e-18   588
  4.833270e+00   8.605298e-17   2.585051e-03   3.934740e-18   672
  4.840056e+00   9.574414e-17   1.975777e-03   4.704126e-18   552
  4.845526e+00   8.828559e-17   1.976776e-03   8.254664e-18   144
  4.852507e+00   8.552866e-17   1.679474e-03   3.994426e-18   600
  4.859125e+00   7.803678e-17   2.104747e-03   4.227235e-18   504
  4.866470e+00   8.196994e-17   2.162000e-03   5.709057e-18   336
  4.874196e+00   7.861468e-17   2.430098e-03   3.718666e-18   600
  4.881116e+00   7.420135e-17   1.568306e-03   3.628489e-18   636
  4.888585e+00   8.349917e-17   1.260932e-03   5.003798e-18   384
  4.893821e+00   8.347897e-17   1.758851e-03   4.259114e-18   504
  4.901368e+00   7.968284e-17   7.381651e-04   6.132312e-18   240
  4.907324e+00   7.530249e-17   1.734055e-03   3.346042e-18   744
  4.914470e+00   7.277936e-17   1.184096e-03   3.085735e-18   648
  4.920821e+00   1.088608e-16   7.860381e-04   1.043706e-17   120
  4.928265e+00   6.899678e-17   1.234764e-03   3.504782e-18   564
  4.933890e+00   8.473640e-17   1.939271e-03   4.971595e-18   432
  4.941396e+00   6.460567e-17   1.505258e-03   3.407620e-18   480
  4.947049e+00   6.468499e-17   1.107908e-03   3.515262e-18   456
  4.953721e+00   7.380120e-17   1.833424e-03   4.820477e-18   444
  4.961293e+00   6.702088e-17   2.805235e-03   3.967449e-18   528
  4.967944e+00   7.146141e-17   2.083390e-03   5.144894e-18   264
  4.974399e+00   6.720250e-17   2.135165e-03   3.688075e-18   444
  4.983082e+00   7.802079e-17   2.338759e-03   3.719343e-18   696
  4.990289e+00   7.294026e-17   1.250847e-03   3.967022e-18   384
  4.995560e+00   6.433879e-17   1.580550e-03   4.126761e-18   432
  5.003759e+00   7.068919e-17   1.092086e-03   4.268399e-18   488
  5.009082e+00   7.894085e-17   1.645909e-03   4.595885e-18   480
  5.016800e+00   6.438191e-17   1.835529e-03   3.972938e-18   480
  5.022777e+00   6.051178e-17   7.701318e-04   4.560380e-18   240
  5.029563e+00   6.977705e-17   1.798967e-03   3.993035e-18   600
  5.035964e+00   6.120674e-17   1.567616e-03   4.824227e-18   288
  5.042780e+00   6.315347e-17   1.507931e-03   3.470279e-18   480
  5.049682e+00   5.141623e-17   2.682341e-03   3.177350e-18   504
  5.056479e+00   6.370320e-17   1.150891e-03   4.787882e-18   216
  5.065146e+00   6.374201e-17   1.884192e-03   3.409223e-18   504
  5.071897e+00   5.640497e-17   1.515464e-03   3.335602e-18   456
  5.079286e+00   7.199408e-17   8.691442e-04   4.405846e-18   384
  5.084180e+00   6.831812e-17   1.764049e-03   4.239746e-18   480
  5.091134e+00   5.326389e-17   1.549032e-03   2.695183e-18   504
  5.097578e+00   6.216805e-17   9.826093e-04   4.773135e-18   312
  5.104521e+00   6.185383e-17   1.583441e-03   3.449850e-18   492
  5.110667e+00   6.755917e-17   1.484108e-03   5.711228e-18   312
  5.118579e+00   5.429093e-17   2.410815e-03   2.845792e-18   576
  5.125543e+00   6.316837e-17   2.225378e-03   3.877180e-18   336
  5.131328e+00   4.418603e-17   1.713438e-03   3.519601e-18   240
  5.139346e+00   6.556009e-17   2.271584e-03   4.026110e-18   468
  5.146270e+00   4.954053e-17   1.422340e-03   4.704506e-18   192
  5.153517e+00   5.360691e-17   1.426580e-03   3.561002e-18   324
  5.158828e+00   4.928910e-17   1.035388e-03   2.484534e-18   600
  5.166066e+00   6.929119e-17   1.679811e-03   4.444649e-18   456
  5.171442e+00   5.622884e-17   7.555789e-04   4.519208e-18   336
  5.180350e+00   5.837741e-17   2.262417e-03   3.141951e-18   612
  5.186832e+00   4.870863e-17   1.898719e-03   5.459671e-18   144
  5.192961e+00   5.898431e-17   2.216292e-03   3.464974e-18   552
  5.201296e+00   4.047597e-17   8.728032e-04   2.683841e-18   264
  5.206006e+00   5.866902e-17   2.020762e-03   4.355315e-18   336
  5.213435e+00   5.403694e-17   1.335250e-03   3.102450e-18   384
  5.219878e+00   6.287908e-17   7.516140e-04   5.393142e-18   216
  5.227010e+00   4.250868e-17   1.593577e-03   2.776022e-18   344
  5.233513e+00   4.552907e-17   2.377692e-03   2.499449e-18   408
  5.241438e+00   5.159952e-17   1.827101e-03   4.026684e-18   264
  5.248460e+00   5.589931e-17   2.547069e-03   3.236680e-18   612
  5.255476e+00   6.144784e-17   1.310917e-03   4.220400e-18   408
  5.262692e+00   5.050080e-17   1.312801e-03   3.651151e-18   444
  5.267993e+00   8.795059e-17   7.342396e-04   9.804689e-18   120
  5.275096e+00   5.624342e-17   2.028570e-03   3.992344e-18   336
  5.280368e+00   4.554185e-17   7.049199e-04   3.590554e-18   288
  5.287493e+00   4.706873e-17   2.193723e-03   2.843251e-18   552
  5.297288e+00   6.103687e-17   0.000000e+00   9.087982e-18   72
  5.302324e+00   4.196723e-17   2.178926e-03   2.251242e-18   504
  5.308207e+00   3.448508e-17   7.011571e-04   2.540673e-18   216
  5.315829e+00   4.026709e-17   1.251868e-03   3.042278e-18   312
  5.322672e+00   4.026069e-17   1.425448e-03   2.703799e-18   336
  5.329194e+00   4.156410e-17   1.975831e-03   3.474059e-18   204
  5.335689e+00   5.297556e-17   2.296216e-03   3.288302e-18   504
  5.342577e+00   6.026539e-17   2.186657e-03   4.251908e-18   396
  5.349201e+00   4.540876e-17   2.005279e-03   3.437303e-18   312
  5.357232e+00   6.461413e-17   1.225440e-03   5.895032e-18   216
  5.362890e+00   4.024113e-17   6.650698e-04   4.195107e-18   168
  5.369766e+00   4.508969e-17   1.679338e-03   2.758565e-18   588
  5.377613e+00   3.004427e-17   2.279505e-03   2.301002e-18   240
  5.383710e+00   3.912442e-17   2.013185e-03   3.729807e-18   264
  5.390860e+00   3.365651e-17   2.489717e-03   2.966333e-18   288
  5.397204e+00   3.879822e-17   1.243261e-03   3.349271e-18   288
  5.405244e+00   4.250643e-17   1.167620e-03   3.935940e-18   288
  5.410658e+00   3.574710e-17   1.352591e-03   3.795646e-18   192
  5.417469e+00   2.941513e-17   1.439292e-03   1.806823e-18   264
  5.423957e+00   6.437937e-17   2.367436e-03   4.879297e-18   372
  5.430940e+00   5.739840e-17   2.556933e-03   4.510666e-18   360
  5.439463e+00   5.327636e-17   1.082118e-03   7.211126e-18   144
  5.443868e+00   3.543131e-17   1.503015e-03   3.454157e-18   296
  5.450821e+00   3.788925e-17   1.619421e-03   3.652519e-18   288
  5.458782e+00   3.714559e-17   2.420184e-03   2.434176e-18   480
  5.465649e+00   2.908207e-17   2.010942e-03   3.096436e-18   192
  5.472326e+00   3.884664e-17   2.157009e-03   3.693438e-18   192
  5.478395e+00   3.339340e-17   1.374687e-03   3.216617e-18   288
  5.486835e+00   2.137926e-17   1.196646e-03   2.246358e-18   108
  5.491087e+00   4.285050e-17   1.150429e-03   3.467564e-18   240
  5.498595e+00   2.701759e-17   2.146152e-03   1.769225e-18   384
  5.506307e+00   3.911995e-17   2.618062e-03   5.146760e-18   108
  5.513127e+00   4.980021e-17   1.535018e-03   4.091836e-18   348
  5.520298e+00   3.734263e-17   1.602006e-03   3.633299e-18   312
  5.526703e+00   3.730849e-17   1.556684e-03   7.537877e-18   96
  5.532593e+00   3.449388e-17   2.072444e-03   2.683943e-18   384
  5.539190e+00   3.257941e-17   1.425422e-03   4.086343e-18   144
  5.545642e+00   3.324684e-17   2.190224e-03   2.520760e-18   408
  5.553663e+00   1.960904e-17   9.769946e-04   1.446994e-18   144
  5.561240e+00   3.613479e-17   1.878283e-03   4.858311e-18   192
  5.565734e+00   3.702434e-17   2.114042e-03   3.808972e-18   144
  5.573059e+00   2.708536e-17   1.718794e-03   2.627974e-18   144
  5.579969e+00   3.148456e-17   2.100644e-03   2.955062e-18   336
  5.588433e+00   2.611456e-17   1.554210e-03   2.268268e-18   240
  5.593800e+00   2.835580e-17   7.057532e-04   4.747226e-18   96
  5.601284e+00   3.776978e-17   2.069634e-03   3.759875e-18   372
  5.608856e+00   3.216369e-17   2.461786e-03   5.343822e-18   132
  5.615507e+00   2.199270e-17   1.523323e-03   1.621961e-18   264
  5.621457e+00   4.125857e-17   1.169843e-03   6.329543e-18   168
  5.627807e+00   3.285325e-17   1.870354e-03   3.417086e-18   216
  5.633417e+00   3.080735e-17   1.144306e-03   3.959529e-18   216
  5.641586e+00   1.631785e-17   2.099325e-03   1.738868e-18   96
  5.648999e+00   3.801281e-17   1.369618e-03   4.721388e-18   120
  5.655797e+00   2.745656e-17   1.741170e-03   2.802183e-18   216
  5.661397e+00   1.925075e-17   7.608972e-04   1.685691e-18   200
  5.668812e+00   2.564641e-17   1.969636e-03   2.220259e-18   288
  5.678322e+00   1.708263e-17   5.182495e-04   1.382774e-18   144
  5.682326e+00   2.444233e-17   1.612761e-03   2.904794e-18   168
  5.690504e+00   3.531058e-17   1.815012e-03   5.668046e-18   159
  5.696887e+00   2.895673e-17   1.904384e-03   3.427399e-18   174
  5.703065e+00   2.428705e-17   1.726829e-03   2.373656e-18   144
  5.711154e+00   2.671876e-17   9.971188e-04   2.528821e-18   222
  5.716564e+00   1.903254e-17   1.006181e-03   1.851622e-18   168
  5.725909e+00   3.896545e-17   2.206942e-03   1.396537e-17   30
  5.729769e+00   1.282678e-17   1.948567e-03   1.172278e-18   72
  5.737039e+00   2.355927e-17   1.739073e-03   2.408277e-18   258
  5.745032e+00   2.034993e-17   1.089226e-03   1.587675e-18   264
  5.749029e+00   1.958113e-17   1.174622e-07   3.758963e-18   72
  5.757357e+00   1.607200e-17   2.158892e-03   1.893121e-18   174
  5.764898e+00   2.076433e-17   2.298822e-03   2.443775e-18   168
  5.770961e+00   1.205057e-17   7.193062e-08   1.767014e-18   48
  5.777470e+00   1.371240e-17   1.298199e-03   1.187196e-18   150
  5.785016e+00   2.772293e-17   2.388130e-03   2.482799e-18   168
  5.792583e+00   1.442258e-17   1.454738e-03   1.134212e-18   144
  5.799541e+00   2.137042e-17   1.359056e-03   3.359868e-18   102
  5.804724e+00   1.420912e-17   2.011636e-03   1.891631e-18   96
  5.812948e+00   1.123637e-17   1.996414e-03   9.072287e-19   120
  5.819038e+00   9.969983e-18   2.141206e-03   7.564733e-19   168
  5.825625e+00   2.689026e-17   1.581111e-03   3.143355e-18   126
  5.831237e+00   1.601739e-17   1.192474e-03   1.772548e-18   168
  5.838969e+00   1.374133e-17   1.912134e-03   1.871797e-18   72
  5.845726e+00   1.344682e-17   2.394418e-03   1.077197e-18   168
  5.851646e+00   1.434911e-17   6.564276e-04   1.484968e-18   78
  5.859757e+00   1.162456e-17   1.077805e-03   1.516553e-18   60
  5.866288e+00   2.713270e-17   1.748374e-03   3.561305e-18   96
  5.873062e+00   1.477463e-17   2.121507e-03   1.218103e-18   168
  5.879428e+00   1.868072e-17   1.342407e-03   4.718465e-18   86
  5.886107e+00   9.666804e-18   1.199794e-03   7.964441e-19   120
  5.895681e+00   1.161764e-17   8.556122e-04   7.685035e-19   168
  5.900844e+00   6.694017e-18   0.000000e+00   1.167281e-18   48
  5.907798e+00   1.664622e-17   1.558833e-03   1.716820e-18   120
  5.911793e+00   1.143228e-17   1.137231e-03   1.254399e-18   126
  5.921548e+00   1.680878e-17   2.000073e-03   2.094620e-18   96
  5.927878e+00   1.209339e-17   5.767223e-04   8.852070e-19   96
  5.932871e+00   1.447949e-17   6.781684e-08   1.832751e-18   72
  5.943508e+00   1.474189e-17   7.193062e-08   2.304317e-18   24
  5.950147e+00   1.517215e-17   1.186881e-03   1.854001e-18   120
  5.955326e+00   1.592106e-17   1.731294e-03   2.442577e-18   126
  5.961084e+00   1.083810e-17   1.443268e-03   1.169459e-18   96
  5.967813e+00   7.951208e-18   2.494389e-03   7.177335e-19   72
  5.975306e+00   9.832162e-18   1.078907e-03   8.097907e-19   144
  5.981469e+00   1.528767e-17   6.222882e-04   2.308680e-18   72
  5.987626e+00   1.332971e-17   1.242932e-03   2.678416e-18   54
  5.993045e+00   1.101112e-17   1.095319e-03   1.278676e-18   108
  6.004306e+00   1.247927e-17   1.073696e-03   1.361404e-18   72
  6.007812e+00   1.499874e-17   6.195595e-04   1.627460e-18   72
  6.016129e+00   7.028917e-18   1.245875e-07   9.012150e-19   24
  6.023999e+00   7.954673e-18   1.310705e-03   8.661795e-19   48
  6.028777e+00   8.336149e-18   9.984188e-04   8.225131e-19   102
  6.035970e+00   1.113820e-17   2.258008e-03   1.242226e-18   168
  6.045369e+00   6.899813e-18   1.231465e-03   6.433577e-19   72
  6.048851e+00   7.623607e-18   0.000000e+00   9.401977e-19   48
  6.056156e+00   1.248988e-17   2.118194e-03   1.247427e-18   120
  6.065796e+00   1.128118e-17   1.301673e-03   1.139495e-18   96
  6.074901e+00   2.226229e-17   1.150890e-07   4.412550e-18   30
  6.085723e+00   1.303946e-17   6.115837e-04   1.476609e-18   72
  6.090478e+00   9.428319e-18   7.193062e-08   1.564707e-18   24
  6.096586e+00   6.213687e-18   9.065181e-04   5.814244e-19   56
  6.103428e+00   7.214334e-18   1.293647e-03   5.906071e-19   96
  6.111616e+00   1.054264e-17   1.428503e-03   8.224378e-19   144
  6.117928e+00   8.499186e-18   8.110480e-04   9.436707e-19   54
  6.127099e+00   8.255400e-18   1.215036e-03   7.770776e-19   108
  6.136327e+00   1.154182e-17   6.433558e-04   2.518907e-18   48
  6.145113e+00   1.243177e-17   2.422440e-03   1.510946e-18   72
  6.166195e+00   1.245170e-17   1.600514e-03   1.193816e-18   78
  6.172037e+00   6.896986e-18   1.206188e-03   7.802684e-19   72
  6.178856e+00   7.269317e-18   1.204690e-03   6.170648e-19   72
  6.185986e+00   1.278811e-17   2.907051e-03   1.373137e-18   96
  6.191621e+00   7.889799e-18   1.202207e-03   8.599727e-19   72
  6.198419e+00   1.265426e-17   0.000000e+00   1.512285e-18   24
  6.205208e+00   1.003189e-17   2.398986e-03   9.126128e-19   72
  6.220544e+00   1.578700e-17   1.523430e-03   2.273308e-18   30
  6.223843e+00   1.061472e-17   0.000000e+00   1.414761e-18   24
  6.241578e+00   6.256180e-18   1.265014e-03   8.607006e-19   48
  6.247142e+00   1.026002e-17   2.722309e-03   9.219224e-19   120
  6.254637e+00   8.596367e-18   1.190257e-03   8.515822e-19   72
  6.262206e+00   6.686074e-18   1.188818e-03   7.749619e-19   36
  6.267409e+00   1.111265e-17   2.349657e-03   9.205477e-19   78
  6.281928e+00   9.609729e-18   1.256888e-03   1.284806e-18   48
  6.300754e+00   1.036947e-17   1.017253e-07   1.517061e-18   24
  6.314166e+00   5.769731e-18   8.752715e-04   4.405342e-19   56
  6.320919e+00   8.244986e-18   1.346877e-03   7.818659e-19   102
  6.329510e+00   7.146606e-18   9.590750e-08   6.642569e-19   72
  6.334498e+00   6.037583e-18   7.193062e-08   1.291054e-18   24
  6.343217e+00   1.121002e-17   1.244744e-03   1.264031e-18   48
  6.359378e+00   1.195948e-17   0.000000e+00   2.103718e-18   24
  6.379213e+00   5.408979e-18   0.000000e+00   1.033687e-18   6
  6.385398e+00   4.768045e-18   0.000000e+00   9.199145e-19   24
  6.389518e+00   6.430790e-18   1.165127e-03   7.757543e-19   72
  6.397046e+00   8.227417e-18   2.173655e-03   7.233725e-19   84
  6.405152e+00   7.859883e-18   0.000000e+00   9.713289e-19   24
  6.407617e+00   4.705469e-18   1.017253e-07   7.212344e-19   24
  6.419927e+00   1.417987e-17   1.245875e-07   1.711838e-18   24
  6.437123e+00   1.810269e-17   0.000000e+00   7.997089e-18   6
  6.459163e+00   5.322964e-18   1.222400e-03   6.303964e-19   48
  6.464458e+00   7.366099e-18   2.302802e-03   8.361068e-19   72
  6.471376e+00   6.928121e-18   1.220094e-03   7.717417e-19   48
  6.482347e+00   7.374747e-18   0.000000e+00   1.347853e-18   24
  6.496947e+00   2.539107e-18   0.000000e+00   9.692791e-19   6
  6.529678e+00   2.262352e-18   0.000000e+00   3.463022e-19   8
  6.532096e+00   4.462958e-18   7.193062e-08   4.684169e-19   48
  6.537895e+00   7.753116e-18   1.183236e-03   7.429448e-19   60
  6.546585e+00   7.072858e-18   0.000000e+00   1.037365e-18   24
  6.558634e+00   2.452655e-18   0.000000e+00   3.852447e-19   6
  6.603027e+00   3.527175e-18   0.000000e+00   6.172483e-19   24
  6.606613e+00   5.567279e-18   1.195118e-03   6.463220e-19   48
  6.612586e+00   7.008801e-18   0.000000e+00   1.137432e-18   24
  6.622132e+00   4.275611e-18   0.000000e+00   1.591786e-18   6
  6.676359e+00   5.061949e-18   1.114931e-03   6.831524e-19   36
  6.680300e+00   3.504465e-18   0.000000e+00   6.118299e-19   24
  6.687387e+00   1.476744e-17   0.000000e+00   4.971778e-18   6
  6.749089e+00   3.641812e-18   1.013241e-03   4.596631e-19   32
  6.754351e+00   4.923277e-18   0.000000e+00   1.044274e-18   6
  6.820657e+00   3.974090e-18   0.000000e+00   1.017998e-18   12
  6.822972e+00   5.117578e-18   0.000000e+00   1.446156e-18   6
  6.893201e+00   7.591274e-18   0.000000e+00   1.735324e-18   6
