# power spectrum of zeta (dimensionless)
# redshift z=9.995300
# k              Pk             sigma(k)       sigma(Pk)      count
  4.487990e-03   2.463911e-11   0.000000e+00   3.961696e-12   6
  6.346976e-03   2.244568e-10   0.000000e+00   8.715643e-11   12
  7.773426e-03   7.311286e-10   8.514949e-11   1.883615e-10   8
  8.975979e-03   6.742969e-10   0.000000e+00   3.361269e-10   6
  1.003545e-02   1.369675e-09   1.605594e-10   2.060955e-10   24
  1.099328e-02   1.750308e-09   1.605594e-10   2.874476e-10   24
  1.269395e-02   1.980921e-09   0.000000e+00   2.798785e-10   12
  1.346397e-02   3.310476e-09   1.816523e-10   4.451231e-10   30
  1.419227e-02   1.740062e-09   0.000000e+00   4.080137e-10   24
  1.488498e-02   2.612910e-09   2.780971e-10   3.698828e-10   24
  1.554685e-02   3.966820e-09   1.702990e-10   1.206345e-10   8
  1.618168e-02   4.402040e-09   2.270653e-10   9.192613e-10   24
  1.679252e-02   4.943254e-09   0.000000e+00   5.928510e-10   48
  1.795196e-02   5.468301e-09   0.000000e+00   1.715462e-09   6
  1.850445e-02   4.973980e-09   2.270653e-10   5.894496e-10   48
  1.904093e-02   5.753779e-09   2.140792e-10   9.101250e-10   36
  1.956269e-02   5.470076e-09   2.270653e-10   1.135583e-09   24
  2.007090e-02   5.872344e-09   3.211188e-10   9.411608e-10   24
  2.056655e-02   6.709352e-09   0.000000e+00   8.011521e-10   48
  2.105054e-02   1.126486e-08   3.211188e-10   1.757538e-09   24
  2.198657e-02   8.165912e-09   3.211188e-10   1.362102e-09   24
  2.243995e-02   8.220436e-09   0.000000e+00   1.058089e-09   30
  2.288435e-02   6.704494e-09   0.000000e+00   6.113847e-10   72
  2.332028e-02   7.611515e-09   3.405980e-10   1.121589e-09   32
  2.416856e-02   8.542191e-09   0.000000e+00   8.857493e-10   72
  2.458173e-02   7.764414e-09   0.000000e+00   8.847843e-10   48
  2.538790e-02   1.639016e-08   0.000000e+00   3.746947e-09   12
  2.578154e-02   6.352217e-09   0.000000e+00   8.564028e-10   48
  2.616925e-02   6.236350e-09   0.000000e+00   7.797384e-10   48
  2.655130e-02   9.255274e-09   3.211188e-10   1.080459e-09   48
  2.692794e-02   6.509400e-09   3.633045e-10   8.298246e-10   30
  2.729937e-02   1.059653e-08   0.000000e+00   2.451066e-09   24
  2.766583e-02   1.009361e-08   6.769780e-10   1.252770e-09   72
  2.838454e-02   1.022734e-08   0.000000e+00   1.973987e-09   24
  2.873715e-02   1.162402e-08   0.000000e+00   1.095611e-09   96
  2.908550e-02   1.257060e-08   0.000000e+00   1.302295e-09   48
  2.942972e-02   1.626453e-08   5.561942e-10   1.971751e-09   24
  2.976995e-02   9.661688e-09   5.561942e-10   1.075670e-09   24
  3.010635e-02   1.206437e-08   0.000000e+00   1.281896e-09   72
  3.043903e-02   1.381344e-08   0.000000e+00   1.674214e-09   48
  3.109370e-02   1.208976e-08   3.405980e-10   3.556006e-09   8
  3.141593e-02   1.126060e-08   4.036717e-10   1.402509e-09   54
  3.173488e-02   1.001295e-08   0.000000e+00   8.632507e-10   84
  3.205066e-02   1.442394e-08   0.000000e+00   1.925434e-09   48
  3.236335e-02   1.848871e-08   4.541306e-10   3.401146e-09   24
  3.267306e-02   1.329682e-08   6.055075e-10   1.545478e-09   72
  3.297985e-02   1.350964e-08   0.000000e+00   1.326587e-09   96
  3.358504e-02   1.798043e-08   0.000000e+00   2.216944e-09   48
  3.388358e-02   1.354877e-08   0.000000e+00   2.010650e-09   48
  3.417951e-02   1.205101e-08   0.000000e+00   1.528637e-09   24
  3.447290e-02   1.157401e-08   0.000000e+00   1.189901e-09   72
  3.505232e-02   1.729378e-08   0.000000e+00   1.955178e-09   72
  3.533846e-02   1.583314e-08   0.000000e+00   1.356809e-09   96
  3.590392e-02   1.076299e-08   0.000000e+00   1.616891e-09   6
  3.618333e-02   1.597187e-08   0.000000e+00   1.474067e-09   96
  3.646060e-02   1.414393e-08   4.541306e-10   1.213736e-09   96
  3.673578e-02   1.518180e-08   0.000000e+00   2.540700e-09   24
  3.700891e-02   1.675133e-08   4.541306e-10   1.974397e-09   48
  3.728004e-02   1.616269e-08   0.000000e+00   1.835089e-09   96
  3.754921e-02   1.149354e-08   0.000000e+00   1.475971e-09   48
  3.808185e-02   9.552352e-09   4.281585e-10   1.269014e-09   36
  3.834540e-02   1.195960e-08   7.865773e-10   1.480296e-09   48
  3.860715e-02   1.509530e-08   8.899106e-10   1.520598e-09   120
  3.886713e-02   1.767736e-08   0.000000e+00   2.480056e-09   56
  3.912539e-02   7.309380e-09   4.541306e-10   1.369819e-09   24
  3.938195e-02   1.777014e-08   0.000000e+00   1.593735e-09   96
  3.963685e-02   2.041391e-08   0.000000e+00   4.080006e-09   48
  4.014180e-02   2.150801e-08   6.422377e-10   3.496852e-09   24
  4.039191e-02   1.592542e-08   0.000000e+00   1.640363e-09   102
  4.064047e-02   2.125216e-08   4.541306e-10   2.990427e-09   48
  4.088753e-02   1.385741e-08   0.000000e+00   1.946619e-09   72
  4.113310e-02   1.606913e-08   0.000000e+00   2.626368e-09   48
  4.137722e-02   1.463017e-08   0.000000e+00   2.486789e-09   48
  4.161990e-02   1.632048e-08   1.027580e-09   1.498384e-09   120
  4.210107e-02   1.873539e-08   6.422377e-10   3.414908e-09   24
  4.233961e-02   1.462648e-08   6.055075e-10   1.005917e-09   144
  4.257681e-02   1.614080e-08   7.266090e-10   1.064785e-09   120
  4.281269e-02   1.771933e-08   6.422377e-10   2.505740e-09   48
  4.328060e-02   2.013969e-08   6.422377e-10   2.331288e-09   48
  4.351267e-02   1.694752e-08   6.422377e-10   1.542287e-09   96
  4.412543e-02   1.923764e-08   1.076845e-04   2.400122e-09   72
  4.442883e-02   1.639836e-08   5.708779e-10   1.274658e-09   108
  4.465493e-02   1.847608e-08   0.000000e+00   1.700299e-09   72
  4.487990e-02   1.809209e-08   0.000000e+00   2.687528e-09   30
  4.510374e-02   1.826403e-08   0.000000e+00   1.408756e-09   168
  4.532647e-02   2.413959e-08   0.000000e+00   3.320280e-09   48
  4.576869e-02   1.615092e-08   0.000000e+00   1.931111e-09   72
  4.598821e-02   1.731374e-08   0.000000e+00   1.673384e-09   96
  4.620668e-02   1.564891e-08   1.211015e-09   1.526098e-09   72
  4.642412e-02   1.373953e-08   0.000000e+00   1.578758e-09   72
  4.678970e-02   2.172149e-08   9.942967e-05   1.995060e-09   104
  4.707043e-02   1.755487e-08   8.563169e-10   1.346179e-09   144
  4.770798e-02   1.897972e-08   1.436087e-09   1.543666e-09   96
  4.791862e-02   1.439364e-08   0.000000e+00   1.199038e-09   96
  4.825361e-02   1.438290e-08   1.022910e-04   1.124042e-09   120
  4.854503e-02   1.978265e-08   0.000000e+00   1.502979e-09   120
  4.875204e-02   1.616507e-08   0.000000e+00   1.421681e-09   72
  4.916346e-02   2.317150e-08   0.000000e+00   4.172976e-09   48
  4.936788e-02   1.457478e-08   1.117860e-09   1.673727e-09   78
  4.962939e-02   1.900042e-08   9.159181e-05   1.573772e-09   168
  5.017725e-02   2.022072e-08   1.048770e-09   1.426784e-09   144
  5.037756e-02   1.662529e-08   8.563169e-10   1.329805e-09   144
  5.095853e-02   1.705334e-08   5.274950e-05   1.355813e-09   156
  5.117095e-02   1.884251e-08   1.112388e-09   2.311048e-09   48
  5.136739e-02   2.044361e-08   7.266090e-10   1.703876e-09   120
  5.156307e-02   1.948435e-08   0.000000e+00   2.994616e-09   48
  5.190908e-02   1.736010e-08   8.074274e-05   1.102572e-09   216
  5.233850e-02   1.551950e-08   0.000000e+00   1.965521e-09   48
  5.253057e-02   1.487482e-08   6.422377e-10   1.470155e-09   96
  5.280366e-02   1.683364e-08   9.436050e-05   1.134491e-09   168
  5.310261e-02   1.643023e-08   6.422377e-10   2.169458e-09   48
  5.329192e-02   1.561223e-08   0.000000e+00   1.427293e-09   96
  5.348057e-02   1.868468e-08   0.000000e+00   2.346481e-09   48
  5.385587e-02   1.688565e-08   7.266090e-10   1.811964e-09   30
  5.404255e-02   1.396510e-08   0.000000e+00   1.302538e-09   96
  5.426566e-02   1.506931e-08   7.415896e-05   8.987544e-10   240
  5.455256e-02   1.439342e-08   8.000683e-05   1.841966e-09   32
  5.478289e-02   1.749724e-08   0.000000e+00   1.301032e-09   168
  5.496642e-02   1.813312e-08   0.000000e+00   1.483755e-09   120
  5.533165e-02   1.431987e-08   1.353956e-09   1.342759e-09   72
  5.551336e-02   1.745943e-08   6.055075e-10   1.342854e-09   144
  5.569449e-02   1.372901e-08   0.000000e+00   1.596846e-09   96
  5.587502e-02   1.582825e-08   0.000000e+00   1.452182e-09   96
  5.623435e-02   1.968438e-08   0.000000e+00   1.949080e-09   72
  5.641315e-02   1.299517e-08   9.082613e-10   1.412695e-09   96
  5.676908e-02   1.467339e-08   0.000000e+00   2.619945e-09   24
  5.694620e-02   1.581935e-08   0.000000e+00   1.034505e-09   192
  5.715479e-02   1.501156e-08   6.789523e-05   1.158652e-09   132
  5.747431e-02   1.815065e-08   0.000000e+00   1.557525e-09   96
  5.764927e-02   1.552632e-08   0.000000e+00   1.602012e-09   96
  5.782370e-02   1.675960e-08   7.266090e-10   1.445995e-09   120
  5.817099e-02   1.344827e-08   0.000000e+00   1.223924e-09   48
  5.845566e-02   1.445990e-08   8.228355e-05   9.116544e-10   222
  5.868808e-02   1.677885e-08   0.000000e+00   1.484521e-09   120
  5.885943e-02   1.500283e-08   1.112388e-09   3.430453e-09   24
  5.910891e-02   1.350853e-08   8.492858e-05   7.631067e-10   312
  5.965251e-02   1.966508e-08   7.962394e-05   2.308920e-09   72
  5.987725e-02   1.933304e-08   1.112388e-09   1.849773e-09   96
  6.010802e-02   1.564317e-08   8.108596e-05   1.001800e-09   192
  6.037972e-02   1.327738e-08   1.027580e-09   1.046051e-09   120
  6.054629e-02   1.421177e-08   0.000000e+00   1.223127e-09   144
  6.087805e-02   1.852439e-08   0.000000e+00   2.549016e-09   48
  6.111387e-02   1.515348e-08   8.153477e-05   8.097332e-10   336
  6.137233e-02   1.375093e-08   0.000000e+00   1.503351e-09   48
  6.169965e-02   1.318490e-08   0.000000e+00   8.397402e-10   192
  6.186267e-02   9.334758e-09   0.000000e+00   1.342886e-09   48
  6.232604e-02   1.217206e-08   5.659583e-05   1.665767e-09   56
  6.255643e-02   1.646006e-08   7.268827e-05   9.323195e-10   336
  6.283185e-02   1.459347e-08   8.073433e-10   1.363750e-09   54
  6.307177e-02   1.228845e-08   7.983781e-05   6.992430e-10   240
  6.356985e-02   1.460363e-08   7.644534e-05   1.007878e-09   228
  6.378632e-02   1.121223e-08   8.563169e-10   1.282682e-09   72
  6.399644e-02   1.363152e-08   7.415385e-05   1.170770e-09   144
  6.425823e-02   1.637330e-08   0.000000e+00   1.404922e-09   96
  6.441477e-02   1.332959e-08   1.027580e-09   7.994642e-10   240
  6.472671e-02   1.313084e-08   9.082613e-10   2.733274e-09   24
  6.492641e-02   1.331347e-08   7.003773e-05   7.109380e-10   336
  6.519181e-02   1.406794e-08   0.000000e+00   1.496888e-09   72
  6.543408e-02   1.373007e-08   7.617900e-05   9.253693e-10   168
  6.565363e-02   1.541545e-08   0.000000e+00   1.792913e-09   72
  6.595971e-02   1.332790e-08   0.000000e+00   1.407261e-09   96
  6.619675e-02   1.491111e-08   7.560752e-05   8.474725e-10   216
  6.641618e-02   1.223969e-08   0.000000e+00   1.236825e-09   96
  6.671876e-02   1.225644e-08   9.082613e-10   7.766092e-10   192
  6.686954e-02   1.270181e-08   8.563169e-10   1.079012e-09   144
  6.717008e-02   1.361440e-08   0.000000e+00   2.032890e-09   48
  6.737816e-02   1.305901e-08   7.289453e-05   7.169035e-10   246
  6.766089e-02   1.359362e-08   6.720992e-05   8.075114e-10   168
  6.791561e-02   1.297102e-08   1.779821e-09   1.186949e-09   120
  6.806373e-02   1.329682e-08   0.000000e+00   8.519727e-10   240
  6.835902e-02   9.714081e-09   0.000000e+00   3.053873e-09   24
  6.859430e-02   1.195051e-08   7.194229e-05   6.075375e-10   360
  6.888731e-02   1.233169e-08   7.163615e-05   1.042013e-09   120
  6.909172e-02   1.392269e-08   0.000000e+00   9.661269e-10   144
  6.923733e-02   1.246426e-08   0.000000e+00   1.236817e-09   96
  6.967233e-02   1.066697e-08   0.000000e+00   8.968136e-10   144
  6.981673e-02   1.291337e-08   0.000000e+00   1.000665e-09   132
  7.001966e-02   1.050250e-08   7.070381e-05   7.605318e-10   176
  7.031425e-02   1.417091e-08   7.139661e-05   7.157742e-10   312
  7.067693e-02   1.210160e-08   0.000000e+00   1.446741e-09   96
  7.081928e-02   1.049633e-08   0.000000e+00   1.034151e-09   144
  7.103769e-02   1.339219e-08   7.068048e-05   7.723545e-10   312
  7.138584e-02   1.039809e-08   0.000000e+00   1.524024e-09   48
  7.152678e-02   1.116798e-08   9.082613e-10   7.440360e-10   192
  7.180783e-02   1.572353e-08   0.000000e+00   2.986265e-09   6
  7.199456e-02   1.194447e-08   6.592151e-05   7.491699e-10   288
  7.229701e-02   1.246742e-08   6.965036e-05   9.096268e-10   192
  7.250569e-02   1.073720e-08   2.136030e-09   6.708711e-10   216
  7.264446e-02   1.523902e-08   0.000000e+00   1.600620e-09   72
  7.299019e-02   1.136217e-08   6.898890e-05   8.740712e-10   192
  7.321980e-02   1.065785e-08   5.122797e-05   5.281454e-10   288
  7.347155e-02   8.713081e-09   0.000000e+00   1.120111e-09   24
  7.366606e-02   1.037573e-08   6.748859e-05   5.612820e-10   456
  7.401782e-02   1.244610e-08   0.000000e+00   1.835119e-09   48
  7.423517e-02   1.094185e-08   6.647357e-05   7.531687e-10   240
  7.448497e-02   1.136951e-08   6.717903e-05   9.225928e-10   216
  7.469503e-02   8.670628e-09   0.000000e+00   8.688173e-10   72
  7.482974e-02   1.130297e-08   2.321067e-09   1.020289e-09   168
  7.521008e-02   1.061142e-08   4.993319e-05   6.042771e-10   288
  7.542338e-02   1.107431e-08   6.607016e-05   7.439071e-10   168
  7.576598e-02   1.097093e-08   0.000000e+00   7.724164e-10   192
  7.589879e-02   1.017193e-08   8.563169e-10   7.945626e-10   144
  7.616371e-02   8.861937e-09   8.563169e-10   1.309660e-09   36
  7.638837e-02   1.073436e-08   6.033611e-05   6.219628e-10   342
  7.660318e-02   1.008767e-08   6.195787e-05   7.144420e-10   144
  7.687931e-02   1.080613e-08   6.497828e-05   6.379139e-10   384
  7.721429e-02   1.081380e-08   1.779821e-09   9.557557e-10   120
  7.738009e-02   1.002015e-08   5.794173e-05   5.628331e-10   264
  7.760459e-02   1.170198e-08   2.872174e-09   7.612249e-10   192
  7.781602e-02   1.083607e-08   6.244329e-05   1.096902e-09   152
  7.799294e-02   1.000396e-08   1.712634e-09   8.156425e-10   144
  7.836508e-02   1.029633e-08   4.041391e-05   7.596136e-10   216
  7.853733e-02   1.069425e-08   5.400376e-05   6.245514e-10   312
  7.884055e-02   9.723809e-09   6.258929e-05   5.165818e-10   240
  7.901921e-02   9.467736e-09   9.082613e-10   7.676234e-10   96
  7.935833e-02   1.226037e-08   5.983988e-05   1.113276e-09   144
  7.956734e-02   1.052776e-08   5.881734e-05   4.663901e-10   456
  7.990638e-02   8.177935e-09   0.000000e+00   7.051654e-10   120
  8.003232e-02   1.135163e-08   0.000000e+00   1.206105e-09   144
  8.028360e-02   1.272727e-08   1.284475e-09   2.642434e-09   24
  8.044470e-02   8.989479e-09   5.653709e-05   4.900805e-10   336
  8.072332e-02   9.892641e-09   6.235271e-05   7.313143e-10   198
  8.098439e-02   9.481432e-09   6.063443e-05   4.728615e-10   432
  8.128095e-02   1.102613e-08   1.816523e-09   1.486483e-09   48
  8.143566e-02   1.018444e-08   5.352971e-05   4.564289e-10   384
  8.171344e-02   1.052946e-08   6.162404e-05   9.320660e-10   144
  8.196515e-02   8.883079e-09   6.118458e-05   5.518073e-10   264
  8.226621e-02   8.685084e-09   0.000000e+00   1.126848e-09   48
  8.246820e-02   9.777537e-09   5.817654e-05   6.039220e-10   276
  8.266310e-02   9.043688e-09   5.273546e-05   6.636933e-10   192
  8.292356e-02   9.065813e-09   5.926306e-05   3.579804e-10   552
  8.323980e-02   9.340961e-09   1.453218e-09   8.144284e-10   120
  8.342777e-02   8.402823e-09   5.998883e-05   5.465105e-10   216
  8.360198e-02   7.132501e-09   1.453218e-09   7.731720e-10   120
  8.391317e-02   9.038251e-09   5.907428e-05   3.873591e-10   408
  8.420215e-02   6.892435e-09   1.284475e-09   1.221024e-09   24
  8.438134e-02   8.435074e-09   5.967566e-05   4.376771e-10   384
  8.463161e-02   8.719667e-09   5.830526e-05   6.670205e-10   240
  8.484893e-02   8.574965e-09   5.873223e-05   6.750063e-10   168
  8.515361e-02   8.476345e-09   0.000000e+00   9.718519e-10   120
  8.535003e-02   8.784832e-09   6.122527e-05   4.677368e-10   350
  8.566942e-02   8.618045e-09   1.007886e-04   4.162043e-10   384
  8.586029e-02   8.891305e-09   0.000000e+00   6.838717e-10   144
  8.621146e-02   1.043650e-08   1.211015e-09   6.176681e-10   288
  8.639482e-02   8.476721e-09   5.769264e-05   4.946992e-10   336
  8.664426e-02   7.149513e-09   5.252436e-05   5.717288e-10   168
  8.679359e-02   7.297748e-09   3.442699e-09   4.003422e-10   336
  8.710244e-02   8.167884e-09   5.451716e-05   4.945244e-10   288
  8.728795e-02   7.894922e-09   5.136910e-05   4.484702e-10   264
  8.760206e-02   9.612418e-09   0.000000e+00   5.975999e-10   240
  8.771695e-02   6.821711e-09   0.000000e+00   5.830602e-10   96
  8.812928e-02   8.630808e-09   6.985852e-05   4.922413e-10   360
  8.832172e-02   9.803857e-09   5.149772e-05   8.156869e-10   168
  8.856486e-02   8.133637e-09   5.613787e-05   4.205042e-10   456
  8.885766e-02   6.257669e-09   1.614687e-09   5.087588e-10   108
  8.902234e-02   8.125424e-09   5.632711e-05   5.941534e-10   264
  8.922780e-02   7.196442e-09   5.025296e-05   4.454967e-10   264
  8.950914e-02   7.955528e-09   4.742099e-05   4.508247e-10   312
  8.985946e-02   7.312902e-09   3.523897e-05   4.512093e-10   270
  9.000628e-02   7.607210e-09   4.474031e-05   5.877298e-10   240
  9.027023e-02   7.593171e-09   5.534940e-05   4.576988e-10   384
  9.043048e-02   7.929530e-09   1.816523e-09   6.361812e-10   192
  9.074177e-02   7.709250e-09   4.441052e-05   5.035285e-10   240
  9.092233e-02   8.162101e-09   5.480976e-05   4.416154e-10   336
  9.126190e-02   8.184590e-09   5.517650e-05   4.426944e-10   480
  9.153738e-02   7.212511e-09   1.211015e-09   7.599689e-10   72
  9.169127e-02   8.284383e-09   5.380211e-05   6.061714e-10   240
  9.190057e-02   7.365030e-09   5.056661e-05   4.688503e-10   312
  9.214050e-02   7.602030e-09   5.465037e-05   5.165942e-10   240
  9.250305e-02   7.913012e-09   4.152014e-05   4.977451e-10   408
  9.264658e-02   7.561204e-09   3.802244e-05   4.445637e-10   336
  9.292709e-02   6.987546e-09   4.827913e-05   4.571161e-10   264
  9.306493e-02   7.302592e-09   0.000000e+00   5.545095e-10   144
  9.344847e-02   7.132526e-09   6.691774e-05   3.560215e-10   464
  9.365053e-02   6.172516e-09   5.321333e-05   4.679859e-10   168
  9.385003e-02   7.820649e-09   4.846574e-05   4.638879e-10   336
  9.421059e-02   6.789675e-09   5.092274e-05   3.813663e-10   414
  9.441384e-02   7.432021e-09   5.300755e-05   5.692606e-10   216
  9.467424e-02   7.160797e-09   1.284475e-09   9.679423e-10   96
  9.478056e-02   7.896548e-09   3.146309e-09   4.344800e-10   384
  9.515300e-02   7.626492e-09   5.290514e-05   4.005858e-10   492
  9.535260e-02   6.975178e-09   5.173669e-05   4.214924e-10   240
  9.557820e-02   6.380362e-09   5.253086e-05   3.612526e-10   312
  9.588974e-02   9.487252e-09   5.251357e-05   7.344896e-10   192
  9.608709e-02   7.780990e-09   5.089201e-05   3.757736e-10   504
  9.634892e-02   6.658543e-09   3.369138e-05   3.354918e-10   408
  9.655507e-02   8.248924e-09   1.032177e-04   7.351608e-10   168
  9.681304e-02   7.019184e-09   4.902931e-05   4.232273e-10   288
  9.702952e-02   6.551784e-09   5.116628e-05   4.029731e-10   288
  9.725127e-02   7.624112e-09   5.146081e-05   4.270017e-10   432
  9.757291e-02   6.705167e-09   4.866478e-05   4.603259e-10   216
  9.774479e-02   6.557089e-09   4.856211e-05   3.732684e-10   360
  9.805077e-02   6.613101e-09   4.739615e-05   4.744656e-10   312
  9.832692e-02   7.838819e-09   0.000000e+00   9.219640e-10   48
  9.848611e-02   6.807368e-09   5.081550e-05   3.513013e-10   432
  9.877120e-02   7.569833e-09   8.476078e-05   3.591311e-10   414
  9.893956e-02   7.042039e-09   1.936190e-09   4.462621e-10   312
  9.925365e-02   7.683888e-09   7.437288e-05   3.631929e-10   528
  9.946561e-02   7.256196e-09   3.903945e-05   4.738986e-10   264
  9.972025e-02   6.641497e-09   4.629008e-05   3.200085e-10   480
  1.000530e-01   7.006948e-09   0.000000e+00   4.186157e-10   288
  1.001967e-01   7.313712e-09   4.973726e-05   5.746379e-10   168
  1.004595e-01   6.077808e-09   7.873394e-05   3.006515e-10   504
  1.007551e-01   6.411022e-09   1.211015e-09   5.335546e-10   144
  1.009411e-01   6.077860e-09   5.056606e-05   2.985586e-10   464
  1.012205e-01   7.433761e-09   7.420855e-05   4.204683e-10   432
  1.013531e-01   7.789037e-09   1.284475e-09   5.878910e-10   192
  1.016957e-01   6.810141e-09   5.501332e-05   3.903033e-10   396
  1.018981e-01   6.895765e-09   4.941713e-05   4.627318e-10   288
  1.021026e-01   7.113320e-09   4.881567e-05   3.967053e-10   336
  1.024293e-01   6.974110e-09   3.091107e-05   4.159465e-10   432
  1.026367e-01   7.231205e-09   8.011717e-05   4.547409e-10   360
  1.028695e-01   6.716996e-09   4.739049e-05   3.850950e-10   384
  1.032001e-01   6.599224e-09   4.183121e-05   4.018241e-10   198
  1.033594e-01   6.833522e-09   4.754848e-05   3.024860e-10   552
  1.036565e-01   8.509651e-09   6.656461e-05   4.767281e-10   432
  1.039045e-01   6.007998e-09   2.542602e-09   6.005679e-10   168
  1.041126e-01   6.123450e-09   8.251578e-05   3.105730e-10   480
  1.043880e-01   5.318872e-09   0.000000e+00   5.594987e-10   120
  1.045119e-01   7.304475e-09   6.739531e-05   4.696677e-10   336
  1.048143e-01   6.914023e-09   4.754634e-05   3.149370e-10   672
  1.051134e-01   6.723654e-09   6.916265e-05   2.802331e-10   528
  1.052527e-01   7.930778e-09   2.076026e-09   5.875128e-10   168
  1.055745e-01   7.052731e-09   7.715047e-05   3.917961e-10   456
  1.057708e-01   5.791835e-09   4.711644e-05   4.375330e-10   168
  1.059747e-01   6.831228e-09   4.703185e-05   3.379806e-10   504
  1.063135e-01   6.932403e-09   6.052278e-05   4.365387e-10   336
  1.065184e-01   6.045190e-09   4.362976e-05   3.972877e-10   312
  1.067457e-01   7.293576e-09   4.262923e-05   3.474694e-10   504
  1.070448e-01   7.095230e-09   2.957734e-05   3.928372e-10   432
  1.071854e-01   6.219778e-09   4.570679e-05   4.372463e-10   312
  1.074777e-01   5.752115e-09   4.685168e-05   3.374577e-10   384
  1.077830e-01   6.177529e-09   3.980594e-05   5.410233e-10   126
  1.079714e-01   6.073618e-09   6.988975e-05   3.018251e-10   492
  1.082121e-01   6.458331e-09   4.476446e-05   3.151056e-10   528
  1.085129e-01   6.423483e-09   4.547108e-05   3.477586e-10   480
  1.086993e-01   5.887781e-09   6.281804e-05   3.081689e-10   432
  1.089692e-01   6.663654e-09   4.939807e-05   3.487086e-10   440
  1.092826e-01   7.146913e-09   2.456546e-05   4.561307e-10   312
  1.094002e-01   7.694830e-09   3.681340e-05   4.305146e-10   480
  1.096414e-01   6.628370e-09   7.207992e-05   3.781621e-10   408
  1.099939e-01   5.893423e-09   4.316772e-05   3.184231e-10   360
  1.101428e-01   7.868369e-09   4.165528e-05   4.600355e-10   408
  1.104187e-01   6.874813e-09   4.238952e-05   3.445877e-10   456
  1.107295e-01   7.178800e-09   4.051394e-05   4.341140e-10   264
  1.109019e-01   5.820222e-09   4.396779e-05   2.930956e-10   384
  1.111530e-01   6.875382e-09   7.402287e-05   2.912513e-10   672
  1.114432e-01   6.988602e-09   4.427524e-05   5.192958e-10   240
  1.116107e-01   6.088131e-09   4.492830e-05   4.412049e-10   264
  1.118470e-01   7.230952e-09   5.541164e-05   3.004836e-10   624
  1.121997e-01   7.745361e-09   0.000000e+00   5.925907e-10   150
  1.123253e-01   7.196409e-09   6.209312e-05   3.354930e-10   600
  1.125901e-01   6.740571e-09   4.285507e-05   2.736989e-10   672
  1.128900e-01   6.183043e-09   4.030821e-05   3.373634e-10   336
  1.130571e-01   7.037386e-09   4.384359e-05   3.502615e-10   408
  1.133240e-01   6.454336e-09   4.374031e-05   3.376507e-10   408
  1.136209e-01   6.004481e-09   2.211745e-05   3.873951e-10   360
  1.138039e-01   6.691490e-09   8.120816e-05   3.809230e-10   456
  1.140250e-01   7.259835e-09   4.416149e-05   3.991628e-10   384
  1.143063e-01   7.624622e-09   4.076666e-05   4.496420e-10   348
  1.144584e-01   6.825133e-09   5.025723e-05   3.122719e-10   576
  1.147440e-01   5.959478e-09   4.138022e-05   2.673896e-10   504
  1.150362e-01   6.678152e-09   5.836440e-05   3.502129e-10   432
  1.152912e-01   6.461624e-09   7.940448e-05   3.087276e-10   576
  1.154731e-01   6.574006e-09   0.000000e+00   5.281638e-10   264
  1.157616e-01   6.362391e-09   6.318613e-05   2.418524e-10   768
  1.160125e-01   6.664287e-09   8.506861e-05   5.320375e-10   240
  1.162120e-01   7.534992e-09   7.502246e-05   5.116944e-10   192
  1.165026e-01   6.311348e-09   5.522570e-05   3.074445e-10   504
  1.167181e-01   6.977348e-09   7.441870e-05   3.741758e-10   590
  1.169248e-01   6.362282e-09   8.338208e-05   4.460024e-10   384
  1.171839e-01   8.181903e-09   6.968286e-05   4.051423e-10   504
  1.174968e-01   6.940346e-09   6.705897e-05   3.174936e-10   648
  1.178003e-01   6.399259e-09   1.821233e-05   3.041319e-10   504
  1.179227e-01   7.107446e-09   4.154576e-05   4.852623e-10   312
  1.181387e-01   6.746138e-09   5.985722e-05   3.145248e-10   576
  1.184353e-01   5.979251e-09   4.165498e-05   4.413356e-10   240
  1.186082e-01   7.088125e-09   4.209035e-05   3.311696e-10   552
  1.188529e-01   6.818777e-09   3.952187e-05   3.262160e-10   600
  1.192015e-01   7.036335e-09   4.827284e-05   3.531127e-10   600
  1.194111e-01   6.979339e-09   7.730513e-05   4.705872e-10   312
  1.196198e-01   6.842201e-09   6.732512e-05   4.030416e-10   480
  1.198806e-01   7.134927e-09   4.200441e-05   3.944229e-10   576
  1.201101e-01   7.197152e-09   6.763622e-05   4.593772e-10   408
  1.203138e-01   7.989707e-09   7.890077e-05   6.216321e-10   216
  1.205770e-01   6.701747e-09   6.042911e-05   3.325476e-10   516
  1.208589e-01   6.526332e-09   5.765552e-05   2.863104e-10   744
  1.211498e-01   6.341891e-09   3.850879e-05   3.370489e-10   462
  1.213141e-01   7.677262e-09   3.913862e-05   4.025752e-10   432
  1.215691e-01   7.003202e-09   3.630965e-05   3.069280e-10   648
  1.218688e-01   7.973641e-09   5.312777e-05   4.230186e-10   528
  1.221096e-01   6.704648e-09   6.397910e-05   2.996267e-10   600
  1.223502e-01   6.010116e-09   8.066092e-05   5.304231e-10   240
  1.225832e-01   6.976289e-09   6.178548e-05   3.506485e-10   720
  1.228540e-01   6.663356e-09   4.888350e-05   3.175746e-10   720
  1.231542e-01   7.320128e-09   0.000000e+00   8.396625e-10   144
  1.233122e-01   6.168461e-09   6.302546e-05   3.016389e-10   720
  1.235369e-01   7.065625e-09   3.779131e-05   4.631068e-10   384
  1.238183e-01   6.901261e-09   4.189367e-05   3.330114e-10   672
  1.240853e-01   6.181283e-09   7.335120e-05   3.508941e-10   336
  1.242128e-01   7.250714e-09   0.000000e+00   5.974302e-10   288
  1.245250e-01   6.901359e-09   5.805257e-05   2.961335e-10   776
  1.248140e-01   7.256994e-09   4.967278e-05   3.202642e-10   720
  1.250567e-01   7.623085e-09   4.001507e-05   4.783171e-10   432
  1.252509e-01   6.921722e-09   5.704653e-05   3.767815e-10   504
  1.254668e-01   7.111584e-09   3.996919e-05   3.908209e-10   528
  1.257690e-01   6.700525e-09   5.445569e-05   3.702854e-10   438
  1.260177e-01   6.153891e-09   6.338144e-05   3.171402e-10   624
  1.262050e-01   6.238321e-09   7.763371e-05   4.752361e-10   312
  1.264626e-01   6.504026e-09   4.182709e-05   3.086672e-10   696
  1.267289e-01   6.521352e-09   3.784594e-05   3.576843e-10   552
  1.270059e-01   7.346771e-09   2.928013e-05   4.513467e-10   516
  1.271773e-01   6.339445e-09   5.848486e-05   3.389557e-10   528
  1.273859e-01   8.220284e-09   3.803430e-05   4.814957e-10   528
  1.276822e-01   7.590901e-09   5.015953e-05   3.271861e-10   864
  1.278834e-01   7.278285e-09   6.870823e-05   4.782381e-10   408
  1.280847e-01   5.940361e-09   6.807282e-05   5.632640e-10   192
  1.283701e-01   6.440629e-09   5.633353e-05   3.044436e-10   720
  1.286110e-01   7.473471e-09   5.194228e-05   3.698682e-10   696
  1.288973e-01   7.254040e-09   5.609815e-05   3.348188e-10   720
  1.291592e-01   6.987367e-09   7.603431e-05   4.812153e-10   432
  1.293119e-01   7.704963e-09   4.475677e-05   5.801813e-10   264
  1.295867e-01   7.306186e-09   6.180712e-05   3.472357e-10   672
  1.298325e-01   6.560572e-09   6.328100e-05   3.353488e-10   600
  1.301242e-01   8.097764e-09   3.705096e-05   5.621892e-10   270
  1.302712e-01   7.897708e-09   5.577202e-05   4.698447e-10   528
  1.305049e-01   7.274794e-09   3.819070e-05   2.863391e-10   840
  1.308254e-01   7.137898e-09   7.302747e-05   3.396846e-10   888
  1.311216e-01   6.818303e-09   5.441084e-05   3.011009e-10   744
  1.313718e-01   5.442292e-09   2.795923e-05   2.775426e-10   456
  1.314963e-01   5.780900e-09   3.820801e-05   3.753155e-10   360
  1.317093e-01   8.268130e-09   3.310510e-05   4.623642e-10   384
  1.320361e-01   7.051336e-09   5.310026e-05   3.201385e-10   816
  1.322813e-01   6.899146e-09   7.704106e-05   3.499540e-10   824
  1.325794e-01   7.414691e-09   3.581235e-05   4.610639e-10   360
  1.327390e-01   7.521866e-09   5.284558e-05   3.851192e-10   624
  1.329587e-01   6.641853e-09   3.571018e-05   4.109854e-10   360
  1.332513e-01   6.531174e-09   4.857633e-05   2.896684e-10   876
  1.335156e-01   7.701854e-09   5.769416e-05   4.226362e-10   696
  1.337821e-01   7.132964e-09   3.725510e-05   3.878548e-10   336
  1.339218e-01   6.805693e-09   3.721324e-05   3.722288e-10   504
  1.341526e-01   7.992468e-09   3.753571e-05   4.099763e-10   672
  1.344950e-01   6.965580e-09   7.472486e-05   3.466593e-10   720
  1.347324e-01   6.358073e-09   5.644666e-05   2.646095e-10   774
  1.349945e-01   7.138929e-09   3.230860e-05   4.065919e-10   384
  1.351318e-01   7.198362e-09   6.217562e-05   3.600377e-10   528
  1.353448e-01   7.030021e-09   5.925683e-05   3.288261e-10   744
  1.356875e-01   6.656773e-09   4.887432e-05   3.206540e-10   768
  1.359150e-01   7.646855e-09   5.486510e-05   4.228196e-10   552
  1.361989e-01   7.098187e-09   5.979675e-05   3.409619e-10   696
  1.364100e-01   6.432257e-09   7.266345e-05   4.191450e-10   408
  1.365777e-01   6.323141e-09   3.139119e-05   3.494577e-10   504
  1.368434e-01   6.919173e-09   5.639309e-05   2.848218e-10   888
  1.371049e-01   7.109571e-09   5.860872e-05   3.352202e-10   648
  1.373767e-01   6.786071e-09   5.810635e-05   3.291510e-10   648
  1.376324e-01   7.521042e-09   6.265289e-05   3.132271e-10   792
  1.379033e-01   8.920348e-09   9.166547e-05   4.703467e-10   600
  1.381028e-01   7.589806e-09   6.212242e-05   4.230089e-10   456
  1.383129e-01   6.777600e-09   3.027582e-05   3.025873e-10   648
  1.385828e-01   7.261928e-09   5.904226e-05   3.040251e-10   936
  1.388741e-01   5.913133e-09   3.625955e-05   3.666025e-10   384
  1.391277e-01   7.611506e-09   0.000000e+00   5.800338e-10   198
  1.393234e-01   6.733501e-09   9.199360e-05   2.217729e-10   1224
  1.395345e-01   5.838891e-09   6.699966e-05   2.993113e-10   420
  1.397842e-01   6.528950e-09   6.484166e-05   2.721336e-10   792
  1.400283e-01   7.026545e-09   5.361851e-05   3.552138e-10   680
  1.403069e-01   7.157835e-09   4.923504e-05   3.756043e-10   600
  1.405311e-01   6.712066e-09   7.140431e-05   3.157117e-10   840
  1.408304e-01   6.371789e-09   3.371380e-05   3.766766e-10   432
  1.409448e-01   7.152549e-09   3.159427e-05   3.309900e-10   720
  1.411934e-01   6.671066e-09   6.327780e-05   2.429663e-10   960
  1.415027e-01   7.032822e-09   5.640753e-05   3.342670e-10   528
  1.417288e-01   8.345895e-09   5.765925e-05   4.177737e-10   624
  1.419978e-01   5.783868e-09   4.531978e-05   2.276452e-10   816
  1.422648e-01   6.409136e-09   7.452934e-05   2.875996e-10   696
  1.425599e-01   7.634603e-09   4.110321e-09   6.182646e-10   240
  1.426709e-01   6.958321e-09   4.395173e-05   3.138703e-10   672
  1.429185e-01   7.781118e-09   7.854802e-05   3.327262e-10   864
  1.431964e-01   7.183069e-09   6.027286e-05   3.084076e-10   816
  1.434467e-01   6.795660e-09   3.449810e-05   3.248701e-10   648
  1.437164e-01   6.326100e-09   3.526335e-05   2.514878e-10   843
  1.439454e-01   7.479324e-09   6.344743e-05   3.223899e-10   780
  1.442182e-01   8.816127e-09   3.404471e-05   7.505819e-10   216
  1.443865e-01   6.726486e-09   8.209510e-05   2.397446e-10   1056
  1.446454e-01   7.003619e-09   6.716301e-05   5.482760e-10   228
  1.448850e-01   6.616421e-09   8.361962e-05   2.669149e-10   924
  1.451311e-01   5.625039e-09   3.101819e-05   2.300442e-10   696
  1.453916e-01   7.686497e-09   5.520350e-05   3.188743e-10   996
  1.456581e-01   6.642675e-09   3.259105e-05   3.821931e-10   576
  1.459354e-01   8.554237e-09   5.030212e-05   4.691160e-10   552
  1.461376e-01   6.801478e-09   6.005898e-05   3.571709e-10   516
  1.463427e-01   6.260957e-09   8.733821e-05   2.620222e-10   744
  1.465771e-01   7.027374e-09   4.284460e-05   3.256916e-10   576
  1.467810e-01   7.120690e-09   4.409794e-05   2.939604e-10   792
  1.470708e-01   6.874363e-09   5.041212e-05   2.963973e-10   792
  1.472831e-01   6.547345e-09   5.436894e-05   2.677706e-10   720
  1.475703e-01   6.300689e-09   6.196809e-05   2.781760e-10   656
  1.478394e-01   7.027600e-09   6.766594e-05   2.888711e-10   816
  1.481153e-01   7.580439e-09   3.648433e-05   4.376060e-10   492
  1.482721e-01   6.849828e-09   5.248529e-05   4.311609e-10   552
  1.485663e-01   7.682440e-09   9.126553e-05   3.366739e-10   780
  1.487575e-01   6.551277e-09   5.606333e-05   3.230926e-10   528
  1.489634e-01   6.604598e-09   6.544296e-05   3.090198e-10   600
  1.492669e-01   6.586580e-09   5.438828e-05   2.353732e-10   900
  1.494760e-01   6.987642e-09   3.011028e-05   3.081699e-10   696
  1.497638e-01   6.176828e-09   7.613501e-05   2.544561e-10   696
  1.500423e-01   6.811250e-09   3.088725e-05   3.437247e-10   552
  1.502764e-01   7.926981e-09   3.591902e-05   3.630675e-10   708
  1.505217e-01   7.468620e-09   5.930435e-05   3.276862e-10   876
  1.507769e-01   5.519872e-09   3.148943e-05   3.814947e-10   216
  1.509481e-01   6.257265e-09   8.612787e-05   2.340845e-10   1032
  1.512046e-01   6.798456e-09   9.589387e-05   3.044628e-10   600
  1.514708e-01   8.000538e-09   4.575699e-05   3.828666e-10   600
  1.516739e-01   6.720816e-09   8.080257e-05   3.871305e-10   528
  1.519139e-01   7.456421e-09   4.435707e-05   3.664390e-10   732
  1.521668e-01   7.570967e-09   3.275367e-05   4.554031e-10   336
  1.524578e-01   6.838405e-09   4.668048e-05   2.707105e-10   912
  1.526754e-01   7.579332e-09   4.685305e-05   3.314310e-10   624
  1.529130e-01   6.603475e-09   3.948208e-05   2.799045e-10   768
  1.531905e-01   7.328234e-09   7.123345e-05   3.212112e-10   792
  1.534628e-01   6.832368e-09   3.531461e-05   3.388597e-10   660
  1.536565e-01   7.479593e-09   5.204174e-05   3.666951e-10   504
  1.538569e-01   7.603942e-09   8.502625e-05   4.134478e-10   480
  1.541572e-01   7.108668e-09   7.863820e-05   2.566725e-10   912
  1.543923e-01   7.288957e-09   8.757583e-05   3.491204e-10   432
  1.546144e-01   6.963587e-09   5.200047e-05   2.863949e-10   564
  1.548116e-01   7.931324e-09   4.977161e-05   3.587667e-10   600
  1.550891e-01   6.464797e-09   6.937691e-05   2.579982e-10   876
  1.552976e-01   7.810187e-09   3.119395e-05   5.268572e-10   264
  1.555851e-01   6.940372e-09   6.052853e-05   3.246476e-10   560
  1.558161e-01   7.580992e-09   4.113044e-05   2.921077e-10   840
  1.560965e-01   8.376845e-09   6.341128e-05   3.003171e-10   1008
  1.563558e-01   8.656231e-09   2.836595e-05   4.600273e-10   456
  1.565927e-01   7.086565e-09   3.674408e-05   3.300929e-10   576
  1.568116e-01   6.633320e-09   5.646120e-05   3.165385e-10   612
  1.571003e-01   7.472595e-09   5.042901e-05   3.132889e-10   780
  1.573359e-01   6.498661e-09   5.778934e-05   2.989636e-10   648
  1.575770e-01   7.664346e-09   2.693058e-05   4.761593e-10   312
  1.577311e-01   7.302382e-09   6.842617e-05   3.815405e-10   528
  1.579980e-01   8.202931e-09   8.936117e-05   3.388815e-10   720
  1.582533e-01   8.117756e-09   8.964102e-05   3.857347e-10   576
  1.585628e-01   8.042914e-09   7.732694e-05   4.962857e-10   444
  1.587554e-01   7.109880e-09   7.583279e-05   2.601994e-10   996
  1.589914e-01   7.790203e-09   6.334320e-05   4.255483e-10   432
  1.592145e-01   8.019445e-09   6.934834e-05   4.952276e-10   504
  1.594071e-01   8.528491e-09   3.126589e-05   4.356358e-10   504
  1.596815e-01   7.953604e-09   6.153164e-05   2.957434e-10   876
  1.599297e-01   8.304616e-09   7.081706e-05   3.880050e-10   504
  1.601882e-01   8.613403e-09   4.516342e-05   3.798700e-10   696
  1.604019e-01   7.562290e-09   3.860998e-05   3.871361e-10   492
  1.606926e-01   7.791040e-09   5.527206e-05   4.356788e-10   432
  1.609079e-01   7.762167e-09   5.175622e-05   3.419044e-10   768
  1.611631e-01   8.055769e-09   6.446933e-05   3.505233e-10   648
  1.614068e-01   8.553974e-09   4.205932e-05   4.781867e-10   456
  1.616868e-01   7.021764e-09   5.783839e-05   3.328949e-10   552
  1.618813e-01   8.145647e-09   3.964248e-05   4.026227e-10   648
  1.621489e-01   7.775228e-09   6.461501e-05   3.058798e-10   840
  1.624104e-01   8.188304e-09   3.081354e-05   5.600058e-10   432
  1.626721e-01   8.550812e-09   3.774132e-05   3.874741e-10   600
  1.628542e-01   6.382522e-09   4.021090e-05   3.479046e-10   432
  1.631600e-01   7.186110e-09   4.003387e-05   3.064103e-10   560
  1.633670e-01   8.640267e-09   6.336941e-05   3.332312e-10   840
  1.636263e-01   8.944503e-09   3.753463e-05   4.631370e-10   504
  1.638323e-01   7.663455e-09   7.660593e-05   3.337734e-10   696
  1.641226e-01   9.314522e-09   4.183943e-05   5.277254e-10   384
  1.643487e-01   8.480416e-09   6.128984e-05   4.016034e-10   576
  1.646222e-01   8.198209e-09   3.782503e-05   5.423843e-10   360
  1.648426e-01   8.011319e-09   5.633064e-05   3.231209e-10   828
  1.650804e-01   8.071633e-09   5.017290e-05   4.583311e-10   372
  1.652983e-01   8.823463e-09   7.662364e-05   4.021262e-10   576
  1.655869e-01   8.043693e-09   3.208989e-05   3.687169e-10   636
  1.657926e-01   8.901289e-09   6.186102e-05   4.328084e-10   648
  1.660708e-01   8.240557e-09   5.028625e-05   3.935253e-10   576
  1.662705e-01   8.762961e-09   8.111703e-05   4.575268e-10   528
  1.665361e-01   8.490529e-09   3.468088e-05   5.319430e-10   360
  1.667559e-01   9.295574e-09   7.977902e-05   4.152094e-10   672
  1.670430e-01   8.779509e-09   4.086413e-05   3.895864e-10   804
  1.672819e-01   7.916670e-09   4.507802e-05   4.275907e-10   408
  1.675462e-01   8.730226e-09   2.786312e-05   4.731828e-10   384
  1.677241e-01   9.820992e-09   6.376152e-05   5.537657e-10   480
  1.679752e-01   8.482486e-09   4.119929e-05   4.414210e-10   432
  1.682159e-01   7.523328e-09   7.592150e-05   3.262072e-10   648
  1.685009e-01   8.884883e-09   4.710893e-05   3.918505e-10   624
  1.687093e-01   9.166021e-09   4.284955e-05   4.555410e-10   456
  1.689940e-01   9.375235e-09   5.853629e-05   4.421111e-10   588
  1.691847e-01   8.596350e-09   3.734591e-05   3.903778e-10   600
  1.694632e-01   9.621203e-09   5.825046e-05   3.952627e-10   708
  1.696832e-01   1.019591e-08   3.669667e-05   6.583398e-10   360
  1.699263e-01   8.143782e-09   4.218379e-05   4.374706e-10   552
  1.701593e-01   9.909286e-09   2.959293e-05   6.300458e-10   288
  1.703959e-01   1.052945e-08   5.564280e-05   5.459009e-10   528
  1.706182e-01   9.176965e-09   3.753920e-05   4.598547e-10   456
  1.708665e-01   8.758018e-09   6.656515e-05   3.911346e-10   608
  1.711163e-01   9.192822e-09   3.220496e-05   4.395754e-10   504
  1.713892e-01   1.108899e-08   6.914223e-05   5.990632e-10   540
  1.716032e-01   6.727181e-09   7.422222e-05   3.874203e-10   360
  1.718339e-01   9.093195e-09   3.361162e-05   4.811950e-10   540
  1.720380e-01   1.031353e-08   2.885957e-05   5.656226e-10   576
  1.723347e-01   9.657513e-09   6.691555e-05   4.747024e-10   588
  1.726168e-01   9.750811e-09   9.232326e-05   4.499003e-10   672
  1.728592e-01   8.861453e-09   7.056345e-05   4.462326e-10   552
  1.730545e-01   8.851141e-09   7.059913e-05   8.913704e-10   144
  1.733038e-01   9.094785e-09   5.998121e-05   4.440400e-10   600
  1.735402e-01   1.071805e-08   7.516955e-05   5.649876e-10   504
  1.738025e-01   9.699169e-09   7.721430e-05   6.410408e-10   336
  1.740784e-01   9.539497e-09   8.678922e-05   4.626603e-10   600
  1.743256e-01   1.110973e-08   5.601092e-05   5.375716e-10   636
  1.745923e-01   9.529481e-09   4.503329e-05   5.811068e-10   384
  1.747793e-01   9.291569e-09   6.281612e-05   5.079285e-10   504
  1.750488e-01   8.785507e-09   2.636304e-05   6.416487e-10   240
  1.752616e-01   9.881338e-09   6.193054e-05   4.224761e-10   744
  1.755168e-01   1.070265e-08   4.228914e-05   5.110772e-10   648
  1.757436e-01   6.067801e-09   2.807279e-05   5.253450e-10   120
  1.760095e-01   1.146601e-08   4.409871e-05   6.002438e-10   564
  1.762103e-01   9.937721e-09   6.925969e-05   5.940057e-10   432
  1.764784e-01   1.236878e-08   5.375921e-05   7.226134e-10   480
  1.766803e-01   1.251340e-08   3.956814e-05   5.923774e-10   456
  1.769186e-01   8.587902e-09   6.547942e-05   4.670391e-10   444
  1.771890e-01   1.045565e-08   1.001870e-04   5.351805e-10   528
  1.774266e-01   9.997173e-09   7.440679e-05   8.043742e-10   264
  1.776571e-01   1.043779e-08   7.625589e-05   6.656680e-10   444
  1.779672e-01   9.495712e-09   8.352712e-05   4.733946e-10   696
  1.782246e-01   9.469545e-09   4.467309e-05   4.974599e-10   384
  1.784129e-01   1.212340e-08   5.644820e-05   7.686413e-10   432
  1.787057e-01   1.075831e-08   3.900306e-05   5.933286e-10   488
  1.788958e-01   9.248041e-09   5.878247e-05   4.991025e-10   480
  1.791714e-01   1.101452e-08   6.555462e-05   5.980413e-10   480
  1.793849e-01   1.209094e-08   2.750471e-05   7.659088e-10   240
  1.796272e-01   9.697925e-09   6.424882e-05   4.624814e-10   600
  1.798559e-01   1.320576e-08   5.598627e-05   9.336644e-10   288
  1.800993e-01   1.113424e-08   5.385469e-05   5.679295e-10   480
  1.803458e-01   1.301039e-08   9.579788e-05   7.353555e-10   504
  1.805885e-01   1.124692e-08   4.110325e-05   9.988540e-10   216
  1.808981e-01   1.107656e-08   6.729256e-05   5.365497e-10   504
  1.811392e-01   1.323131e-08   5.412370e-05   7.295783e-10   456
  1.814031e-01   8.803763e-09   3.104087e-05   4.963156e-10   384
  1.815779e-01   1.042025e-08   6.300174e-05   6.186347e-10   480
  1.818262e-01   1.268063e-08   5.532259e-05   5.873340e-10   504
  1.820564e-01   1.043185e-08   3.509319e-05   6.496683e-10   312
  1.823043e-01   1.086595e-08   5.655148e-05   5.875359e-10   492
  1.825238e-01   1.130608e-08   5.300385e-05   9.171240e-10   312
  1.828064e-01   1.248064e-08   8.610055e-05   6.414310e-10   576
  1.830551e-01   1.064634e-08   7.947777e-05   6.578289e-10   336
  1.832617e-01   1.340316e-08   6.119421e-05   9.756079e-10   240
  1.835481e-01   1.244806e-08   8.112802e-05   6.341662e-10   468
  1.837954e-01   1.153222e-08   5.079787e-05   9.346113e-10   192
  1.840542e-01   1.373977e-08   5.094927e-05   8.713569e-10   324
  1.842439e-01   1.063718e-08   3.697814e-05   4.767860e-10   600
  1.845024e-01   1.136320e-08   5.999324e-05   6.699647e-10   456
  1.846943e-01   1.215178e-08   2.698496e-05   8.584435e-10   336
  1.850125e-01   1.225364e-08   8.080061e-05   5.603787e-10   612
  1.852440e-01   1.272064e-08   6.781139e-05   1.112328e-09   144
  1.854629e-01   1.102286e-08   7.915330e-05   5.423711e-10   552
  1.857606e-01   1.529584e-08   3.117154e-05   9.833832e-10   264
  1.859288e-01   1.143882e-08   7.217008e-05   7.303321e-10   336
  1.861941e-01   1.339693e-08   4.768752e-05   7.315866e-10   384
  1.864242e-01   1.129577e-08   2.684336e-05   8.959280e-10   216
  1.866789e-01   1.392119e-08   5.691346e-05   7.400137e-10   344
  1.869112e-01   1.345963e-08   8.491756e-05   6.698302e-10   408
  1.871942e-01   1.234568e-08   6.525361e-05   9.054641e-10   264
  1.874450e-01   1.294100e-08   9.096676e-05   6.417215e-10   612
  1.876956e-01   1.095017e-08   4.681845e-05   5.801303e-10   408
  1.879533e-01   1.517063e-08   4.688574e-05   8.505639e-10   444
  1.881426e-01   9.003089e-09   2.622284e-05   7.813908e-10   120
  1.883963e-01   1.140306e-08   7.244892e-05   7.321153e-10   336
  1.885846e-01   1.376054e-08   2.517571e-05   8.136999e-10   288
  1.888390e-01   1.387815e-08   7.834725e-05   5.983259e-10   552
  1.891889e-01   1.237659e-08   0.000000e+00   1.555737e-09   72
  1.893687e-01   1.355854e-08   7.781878e-05   6.651936e-10   504
  1.895788e-01   2.001946e-08   2.504133e-05   1.544596e-09   216
  1.898511e-01   1.532709e-08   4.470956e-05   9.818268e-10   312
  1.900954e-01   1.751009e-08   5.090887e-05   1.020165e-09   336
  1.903283e-01   1.457237e-08   7.056539e-05   1.021685e-09   204
  1.905603e-01   1.261761e-08   8.200772e-05   6.508949e-10   504
  1.908063e-01   1.409312e-08   7.809491e-05   8.800722e-10   396
  1.910429e-01   1.577309e-08   7.161711e-05   1.071888e-09   312
  1.913297e-01   1.024925e-08   4.376572e-05   7.632841e-10   216
  1.915318e-01   1.460459e-08   2.375249e-05   1.252327e-09   168
  1.917774e-01   1.400186e-08   5.997637e-05   6.681357e-10   588
  1.920576e-01   1.658047e-08   8.141090e-05   1.235595e-09   240
  1.922754e-01   1.816265e-08   7.189946e-05   1.324353e-09   264
  1.925307e-01   1.528384e-08   8.891848e-05   9.013589e-10   288
  1.927573e-01   1.628281e-08   4.440219e-05   1.071410e-09   288
  1.930444e-01   1.540114e-08   4.170072e-05   1.096990e-09   288
  1.932378e-01   1.611839e-08   4.830681e-05   1.187266e-09   192
  1.934810e-01   1.915176e-08   5.140329e-05   1.293647e-09   264
  1.937128e-01   1.271947e-08   8.455129e-05   7.262209e-10   372
  1.939621e-01   1.290616e-08   9.131904e-05   8.744023e-10   360
  1.942665e-01   1.397211e-08   3.864708e-05   1.524229e-09   144
  1.944239e-01   1.686994e-08   5.367910e-05   1.134540e-09   296
  1.946722e-01   1.528967e-08   5.783646e-05   9.461887e-10   288
  1.949565e-01   1.688204e-08   8.643513e-05   9.335289e-10   480
  1.952017e-01   1.715459e-08   7.181934e-05   1.298578e-09   192
  1.954402e-01   1.579574e-08   7.703604e-05   1.098300e-09   192
  1.956569e-01   1.991334e-08   4.909597e-05   1.365225e-09   288
  1.959584e-01   1.825170e-08   4.273737e-05   1.804154e-09   108
  1.961102e-01   1.637547e-08   4.108675e-05   1.074927e-09   240
  1.963784e-01   1.732922e-08   7.664829e-05   8.551170e-10   384
  1.966538e-01   1.289231e-08   9.350223e-05   1.364599e-09   108
  1.968974e-01   1.478780e-08   5.482209e-05   9.223117e-10   348
  1.971535e-01   2.132470e-08   5.721449e-05   1.468913e-09   312
  1.973823e-01   2.301502e-08   5.559587e-05   2.013112e-09   96
  1.975926e-01   1.705374e-08   7.401586e-05   9.713222e-10   384
  1.978282e-01   1.764602e-08   5.090793e-05   1.628970e-09   144
  1.980586e-01   1.788281e-08   7.822228e-05   9.675329e-10   408
  1.983451e-01   2.099971e-08   3.489266e-05   1.690087e-09   144
  1.986157e-01   1.741036e-08   6.708152e-05   1.407701e-09   192
  1.987762e-01   1.191302e-08   7.550148e-05   1.021039e-09   144
  1.990378e-01   2.000807e-08   6.138549e-05   1.860579e-09   144
  1.992846e-01   1.619510e-08   7.502301e-05   9.983590e-10   336
  1.995869e-01   1.927318e-08   5.550751e-05   1.454648e-09   240
  1.997786e-01   1.933187e-08   2.520547e-05   1.591653e-09   96
  2.000459e-01   1.882766e-08   7.391551e-05   1.300227e-09   372
  2.003163e-01   2.373443e-08   8.792091e-05   2.365649e-09   132
  2.005538e-01   1.918416e-08   5.440441e-05   1.231528e-09   264
  2.007663e-01   1.965957e-08   4.178011e-05   1.598201e-09   168
  2.009931e-01   2.045427e-08   6.679837e-05   1.699929e-09   216
  2.011935e-01   1.902759e-08   4.086808e-05   1.485617e-09   216
  2.014852e-01   2.003454e-08   7.497591e-05   1.518286e-09   96
  2.017500e-01   2.063769e-08   4.891494e-05   2.728651e-09   120
  2.019928e-01   1.938558e-08   6.218465e-05   1.403886e-09   216
  2.021928e-01   2.261659e-08   2.717490e-05   1.591093e-09   200
  2.024576e-01   2.186473e-08   7.034415e-05   1.401684e-09   288
  2.027972e-01   2.415087e-08   1.850891e-05   1.888136e-09   144
  2.029402e-01   2.158177e-08   5.759860e-05   1.799158e-09   168
  2.032323e-01   1.913029e-08   6.482186e-05   1.417763e-09   159
  2.034603e-01   2.085238e-08   6.801371e-05   1.570318e-09   174
  2.036809e-01   1.906747e-08   6.167246e-05   1.651311e-09   144
  2.039698e-01   2.120945e-08   3.561139e-05   1.580716e-09   222
  2.041630e-01   2.051340e-08   3.593504e-05   1.468921e-09   168
  2.044967e-01   1.887246e-08   7.881934e-05   2.904464e-09   30
  2.046346e-01   2.641633e-08   6.959169e-05   2.729543e-09   72
  2.048942e-01   2.134568e-08   6.210975e-05   1.371467e-09   258
  2.051797e-01   2.448439e-08   3.890094e-05   1.648600e-09   264
  2.053225e-01   2.078649e-08   4.195079e-09   2.347043e-09   72
  2.056199e-01   2.741261e-08   7.710330e-05   2.441598e-09   174
  2.058892e-01   2.434156e-08   8.210077e-05   1.936224e-09   168
  2.061058e-01   2.408956e-08   2.568951e-09   2.812029e-09   48
  2.063382e-01   2.592325e-08   4.636424e-05   2.128996e-09   150
  2.066077e-01   2.276680e-08   8.529035e-05   1.936524e-09   168
  2.068780e-01   2.242932e-08   5.195492e-05   1.853123e-09   144
  2.071265e-01   2.054434e-08   4.853772e-05   2.141268e-09   102
  2.073116e-01   2.845203e-08   7.184416e-05   2.696145e-09   96
  2.076053e-01   3.190839e-08   7.130050e-05   3.236018e-09   120
  2.078228e-01   2.766585e-08   7.647166e-05   2.056168e-09   168
  2.080580e-01   2.732379e-08   5.646827e-05   2.838289e-09   126
  2.082585e-01   3.059164e-08   4.258836e-05   2.436950e-09   168
  2.085346e-01   2.870069e-08   6.829049e-05   3.812042e-09   72
  2.087759e-01   3.323097e-08   8.551492e-05   2.741238e-09   168
  2.089873e-01   2.328776e-08   2.344384e-05   2.532241e-09   78
  2.092770e-01   2.584309e-08   3.849304e-05   3.487932e-09   60
  2.095103e-01   1.954350e-08   6.244194e-05   2.112196e-09   96
  2.097522e-01   2.458773e-08   7.576810e-05   1.827135e-09   168
  2.099796e-01   3.968155e-08   4.794311e-05   4.985934e-09   86
  2.102181e-01   3.302774e-08   4.284977e-05   3.131309e-09   120
  2.105600e-01   2.985180e-08   3.055758e-05   2.376601e-09   168
  2.107444e-01   2.945728e-08   0.000000e+00   2.956613e-09   48
  2.109928e-01   3.449521e-08   5.567259e-05   3.141015e-09   120
  2.111355e-01   2.856036e-08   4.061540e-05   2.069094e-09   126
  2.114838e-01   2.830409e-08   7.143116e-05   3.356259e-09   96
  2.117099e-01   2.442852e-08   2.059722e-05   2.025322e-09   96
  2.118882e-01   3.348571e-08   2.422030e-09   4.215326e-09   72
  2.122681e-01   2.429600e-08   2.568951e-09   4.361439e-09   24
  2.125052e-01   3.059346e-08   4.238860e-05   2.427124e-09   120
  2.126902e-01   2.785599e-08   6.183193e-05   2.097399e-09   126
  2.128959e-01   3.261632e-08   5.154529e-05   2.840714e-09   96
  2.131362e-01   3.786333e-08   8.908530e-05   5.130561e-09   72
  2.134038e-01   3.168844e-08   3.853239e-05   2.537501e-09   144
  2.136239e-01   3.036754e-08   2.222458e-05   3.570392e-09   72
  2.138438e-01   3.623653e-08   4.439042e-05   4.502903e-09   54
  2.140373e-01   2.935378e-08   3.911854e-05   2.244291e-09   108
  2.144395e-01   2.953639e-08   3.834628e-05   3.120923e-09   72
  2.145647e-01   3.861101e-08   2.212712e-05   3.428387e-09   72
  2.148618e-01   2.572681e-08   4.449553e-09   4.148500e-09   24
  2.151428e-01   3.200429e-08   4.681088e-05   4.070721e-09   48
  2.153135e-01   2.857862e-08   3.565781e-05   2.585882e-09   102
  2.155704e-01   3.227484e-08   8.064314e-05   2.418678e-09   168
  2.159060e-01   3.282351e-08   4.398088e-05   3.670069e-09   72
  2.160304e-01   5.544097e-08   0.000000e+00   1.103553e-08   48
  2.162913e-01   3.200385e-08   7.564979e-05   2.630469e-09   120
  2.166356e-01   3.325472e-08   4.648832e-05   3.215028e-09   96
  2.169608e-01   3.437060e-08   4.110321e-09   6.207855e-09   30
  2.173472e-01   3.029317e-08   2.184227e-05   2.754723e-09   72
  2.175171e-01   2.682171e-08   2.568951e-09   4.839842e-09   24
  2.177352e-01   5.344502e-08   3.237565e-05   7.552773e-09   56
  2.179796e-01   4.123850e-08   4.620169e-05   3.778410e-09   96
  2.182720e-01   3.960946e-08   5.101796e-05   2.978931e-09   144
  2.184974e-01   4.359379e-08   2.896600e-05   4.467317e-09   54
  2.188250e-01   3.535132e-08   4.339413e-05   3.515450e-09   108
  2.191546e-01   4.053526e-08   2.297699e-05   7.429764e-09   48
  2.194683e-01   3.557314e-08   8.651572e-05   3.759353e-09   72
  2.202213e-01   3.748297e-08   5.716121e-05   4.064459e-09   78
  2.204299e-01   4.510160e-08   4.307814e-05   4.046327e-09   72
  2.206734e-01   3.220196e-08   4.302466e-05   3.234677e-09   72
  2.209281e-01   4.102820e-08   1.038232e-04   3.596485e-09   96
  2.211293e-01   4.622192e-08   4.293597e-05   4.627395e-09   72
  2.213721e-01   2.696273e-08   0.000000e+00   5.787734e-09   24
  2.216146e-01   3.859492e-08   8.567808e-05   4.033364e-09   72
  2.221623e-01   3.622874e-08   5.440820e-05   5.393590e-09   30
  2.222801e-01   2.621283e-08   0.000000e+00   5.281802e-09   24
  2.229135e-01   3.543100e-08   4.517907e-05   3.542517e-09   48
  2.231122e-01   4.887573e-08   9.722532e-05   4.544456e-09   120
  2.233799e-01   4.784969e-08   4.250917e-05   5.107447e-09   72
  2.236502e-01   3.496213e-08   4.245777e-05   5.858005e-09   36
  2.238360e-01   4.461918e-08   8.391632e-05   4.297372e-09   78
  2.243546e-01   4.769696e-08   4.488887e-05   6.042233e-09   48
  2.250269e-01   6.163085e-08   3.633045e-09   8.905683e-09   24
  2.255059e-01   5.794678e-08   3.125970e-05   5.727337e-09   56
  2.257471e-01   4.280378e-08   4.810277e-05   3.923139e-09   102
  2.260539e-01   5.347071e-08   3.425268e-09   5.407706e-09   72
  2.262321e-01   4.946511e-08   2.568951e-09   1.125381e-08   24
  2.265435e-01   3.258033e-08   4.445516e-05   4.029110e-09   48
  2.271206e-01   2.255833e-08   0.000000e+00   4.529519e-09   24
  2.278290e-01   2.036974e-08   0.000000e+00   5.491580e-09   6
  2.280499e-01   5.866749e-08   0.000000e+00   7.662497e-09   24
  2.281971e-01   5.263262e-08   4.161169e-05   5.519127e-09   72
  2.284659e-01   6.567203e-08   7.763053e-05   5.041346e-09   84
  2.287554e-01   5.742100e-08   0.000000e+00   8.792357e-09   24
  2.288435e-01   4.433098e-08   3.633045e-09   6.455276e-09   24
  2.292831e-01   4.048820e-08   4.449553e-09   4.582755e-09   24
  2.298972e-01   1.601964e-08   0.000000e+00   5.198175e-09   6
  2.306844e-01   7.338544e-08   4.365716e-05   8.903492e-09   48
  2.308735e-01   5.436471e-08   8.224294e-05   8.344500e-09   72
  2.311206e-01   6.643274e-08   4.357477e-05   7.345855e-09   48
  2.315124e-01   5.803865e-08   0.000000e+00   1.257015e-08   24
  2.320338e-01   1.118066e-07   0.000000e+00   4.324427e-08   6
  2.332028e-01   3.018518e-08   0.000000e+00   9.351487e-09   8
  2.332891e-01   6.752904e-08   2.568951e-09   6.899943e-09   48
  2.334962e-01   6.091004e-08   4.225843e-05   6.048184e-09   60
  2.338066e-01   3.548126e-08   0.000000e+00   4.369948e-09   24
  2.342369e-01   1.629386e-08   0.000000e+00   4.382138e-09   6
  2.358224e-01   7.180742e-08   0.000000e+00   1.796214e-08   24
  2.359505e-01   7.400222e-08   4.268279e-05   1.072065e-08   48
  2.361638e-01   5.544655e-08   0.000000e+00   8.964950e-09   24
  2.365047e-01   8.601663e-08   0.000000e+00   2.001614e-08   6
  2.384414e-01   9.000208e-08   3.981898e-05   1.430969e-08   36
  2.385821e-01   7.642449e-08   0.000000e+00   1.471490e-08   24
  2.388353e-01   7.599916e-08   0.000000e+00   1.182805e-08   6
  2.410389e-01   8.702567e-08   3.618719e-05   1.564233e-08   32
  2.412268e-01   9.465582e-08   0.000000e+00   2.621084e-08   6
  2.435949e-01   1.045673e-07   0.000000e+00   1.102869e-08   12
  2.436776e-01   8.137057e-08   0.000000e+00   2.295923e-08   6
  2.461858e-01   1.224259e-07   0.000000e+00   3.843968e-08   6
