# power spectrum of phi
# redshift z=9.995300
# k              Pk             sigma(k)       sigma(Pk)      count
  4.487990e-03   4.173798e-10   0.000000e+00   1.682477e-10   6
  6.346976e-03   2.489102e-10   0.000000e+00   4.967003e-11   12
  7.773426e-03   1.880225e-10   8.514949e-11   3.830445e-11   8
  8.975979e-03   6.407392e-10   0.000000e+00   6.890384e-11   6
  1.003545e-02   4.428769e-10   1.605594e-10   1.411570e-10   24
  1.099328e-02   6.285264e-10   1.605594e-10   1.059662e-10   24
  1.269395e-02   2.793332e-10   0.000000e+00   1.256212e-10   12
  1.346397e-02   3.224342e-10   1.816523e-10   5.890666e-11   30
  1.419227e-02   4.141511e-10   0.000000e+00   9.124430e-11   24
  1.488498e-02   3.724187e-10   2.780971e-10   9.242487e-11   24
  1.554685e-02   4.200839e-10   1.702990e-10   8.511285e-11   8
  1.618168e-02   3.627419e-10   2.270653e-10   4.518046e-11   24
  1.679252e-02   3.372420e-10   0.000000e+00   4.742604e-11   48
  1.795196e-02   4.217152e-10   0.000000e+00   1.855203e-10   6
  1.850445e-02   3.215384e-10   2.270653e-10   4.489006e-11   48
  1.904093e-02   3.003279e-10   2.140792e-10   3.156505e-11   36
  1.956269e-02   4.129907e-10   2.270653e-10   8.649375e-11   24
  2.007090e-02   2.501215e-10   3.211188e-10   4.287791e-11   24
  2.056655e-02   2.209029e-10   0.000000e+00   2.997023e-11   48
  2.105054e-02   3.249658e-10   3.211188e-10   4.625306e-11   24
  2.198657e-02   2.635322e-10   3.211188e-10   4.139812e-11   24
  2.243995e-02   1.798484e-10   0.000000e+00   2.940229e-11   30
  2.288435e-02   1.939446e-10   0.000000e+00   2.108916e-11   72
  2.332028e-02   1.976008e-10   3.405980e-10   4.070035e-11   32
  2.416856e-02   2.421479e-10   0.000000e+00   2.767240e-11   72
  2.458173e-02   1.550884e-10   0.000000e+00   2.270499e-11   48
  2.538790e-02   7.711072e-11   0.000000e+00   2.289160e-11   12
  2.578154e-02   1.530899e-10   0.000000e+00   2.291687e-11   48
  2.616925e-02   1.328027e-10   0.000000e+00   1.305600e-11   48
  2.655130e-02   1.794439e-10   3.211188e-10   2.268680e-11   48
  2.692794e-02   2.118536e-10   3.633045e-10   3.709282e-11   30
  2.729937e-02   2.126613e-10   0.000000e+00   4.778231e-11   24
  2.766583e-02   2.012453e-10   6.769780e-10   2.122285e-11   72
  2.838454e-02   1.227117e-10   0.000000e+00   2.331771e-11   24
  2.873715e-02   1.712814e-10   0.000000e+00   1.647796e-11   96
  2.908550e-02   1.287735e-10   0.000000e+00   1.719252e-11   48
  2.942972e-02   1.043353e-10   5.561942e-10   2.556597e-11   24
  2.976995e-02   8.216063e-11   5.561942e-10   1.689979e-11   24
  3.010635e-02   1.846914e-10   0.000000e+00   2.254189e-11   72
  3.043903e-02   1.440654e-10   0.000000e+00   2.217795e-11   48
  3.109370e-02   1.094541e-10   3.405980e-10   3.238804e-11   8
  3.141593e-02   1.807635e-10   4.036717e-10   2.253251e-11   54
  3.173488e-02   1.136897e-10   0.000000e+00   1.904207e-11   84
  3.205066e-02   1.346180e-10   0.000000e+00   1.964130e-11   48
  3.236335e-02   7.899579e-11   4.541306e-10   1.404179e-11   24
  3.267306e-02   1.080660e-10   6.055075e-10   1.266284e-11   72
  3.297985e-02   1.388588e-10   0.000000e+00   1.560042e-11   96
  3.358504e-02   1.753950e-10   0.000000e+00   1.915390e-11   48
  3.388358e-02   9.829796e-11   0.000000e+00   9.327100e-12   48
  3.417951e-02   9.174398e-11   0.000000e+00   1.787161e-11   24
  3.447290e-02   9.742352e-11   0.000000e+00   1.071535e-11   72
  3.505232e-02   9.229664e-11   0.000000e+00   1.082437e-11   72
  3.533846e-02   9.450324e-11   0.000000e+00   1.078399e-11   96
  3.590392e-02   1.610365e-10   0.000000e+00   7.053644e-11   6
  3.618333e-02   1.073273e-10   0.000000e+00   1.099922e-11   96
  3.646060e-02   1.093254e-10   4.541306e-10   1.162533e-11   96
  3.673578e-02   6.966434e-11   0.000000e+00   1.659151e-11   24
  3.700891e-02   8.019972e-11   4.541306e-10   9.055116e-12   48
  3.728004e-02   8.337042e-11   0.000000e+00   8.340891e-12   96
  3.754921e-02   8.113472e-11   0.000000e+00   1.099519e-11   48
  3.808185e-02   8.020534e-11   4.281585e-10   1.414984e-11   36
  3.834540e-02   8.026931e-11   7.865773e-10   9.848549e-12   48
  3.860715e-02   8.659603e-11   8.899106e-10   7.712228e-12   120
  3.886713e-02   7.256017e-11   0.000000e+00   9.477123e-12   56
  3.912539e-02   3.910526e-11   4.541306e-10   6.855530e-12   24
  3.938195e-02   5.942041e-11   0.000000e+00   5.342850e-12   96
  3.963685e-02   6.047664e-11   0.000000e+00   7.774004e-12   48
  4.014180e-02   8.191411e-11   6.422377e-10   1.521492e-11   24
  4.039191e-02   8.152344e-11   0.000000e+00   8.143449e-12   102
  4.064047e-02   9.798153e-11   4.541306e-10   1.501494e-11   48
  4.088753e-02   7.983015e-11   0.000000e+00   8.389610e-12   72
  4.113310e-02   7.108231e-11   0.000000e+00   7.155081e-12   48
  4.137722e-02   8.549498e-11   0.000000e+00   1.555203e-11   48
  4.161990e-02   6.671012e-11   1.027580e-09   6.414923e-12   120
  4.210107e-02   8.299334e-11   6.422377e-10   1.377960e-11   24
  4.233961e-02   5.606396e-11   6.055075e-10   4.751564e-12   144
  4.257681e-02   5.581374e-11   7.266090e-10   5.567749e-12   120
  4.281269e-02   5.252883e-11   6.422377e-10   7.375821e-12   48
  4.328060e-02   6.381788e-11   6.422377e-10   8.521172e-12   48
  4.351267e-02   5.316765e-11   6.422377e-10   5.260355e-12   96
  4.412543e-02   6.339440e-11   1.076845e-04   7.260804e-12   72
  4.442883e-02   5.083126e-11   5.708779e-10   3.794553e-12   108
  4.465493e-02   5.616196e-11   0.000000e+00   6.052939e-12   72
  4.487990e-02   3.980306e-11   0.000000e+00   8.837205e-12   30
  4.510374e-02   5.921706e-11   0.000000e+00   4.504570e-12   168
  4.532647e-02   6.994932e-11   0.000000e+00   8.787199e-12   48
  4.576869e-02   4.211187e-11   0.000000e+00   5.168277e-12   72
  4.598821e-02   5.871158e-11   0.000000e+00   5.688072e-12   96
  4.620668e-02   5.237825e-11   1.211015e-09   8.059192e-12   72
  4.642412e-02   5.845505e-11   0.000000e+00   6.356665e-12   72
  4.678970e-02   5.635545e-11   9.942967e-05   4.646653e-12   104
  4.707043e-02   5.066394e-11   8.563169e-10   3.864051e-12   144
  4.770798e-02   3.616545e-11   1.436087e-09   3.523398e-12   96
  4.791862e-02   3.276258e-11   0.000000e+00   3.403881e-12   96
  4.825361e-02   4.821120e-11   1.022910e-04   4.468392e-12   120
  4.854503e-02   4.164601e-11   0.000000e+00   3.716637e-12   120
  4.875204e-02   5.071702e-11   0.000000e+00   5.509867e-12   72
  4.916346e-02   5.538728e-11   0.000000e+00   7.360725e-12   48
  4.936788e-02   5.055728e-11   1.117860e-09   6.281552e-12   78
  4.962939e-02   5.488010e-11   9.159181e-05   4.459384e-12   168
  5.017725e-02   4.921481e-11   1.048770e-09   4.209738e-12   144
  5.037756e-02   5.734538e-11   8.563169e-10   4.231946e-12   144
  5.095853e-02   4.568602e-11   5.274950e-05   4.273164e-12   156
  5.117095e-02   3.886500e-11   1.112388e-09   7.938939e-12   48
  5.136739e-02   4.158148e-11   7.266090e-10   3.815963e-12   120
  5.156307e-02   2.672233e-11   0.000000e+00   2.730398e-12   48
  5.190908e-02   4.283446e-11   8.074274e-05   3.194246e-12   216
  5.233850e-02   3.090046e-11   0.000000e+00   3.519915e-12   48
  5.253057e-02   3.339098e-11   6.422377e-10   2.861037e-12   96
  5.280366e-02   3.785946e-11   9.436050e-05   3.395181e-12   168
  5.310261e-02   2.978494e-11   6.422377e-10   4.280078e-12   48
  5.329192e-02   4.366303e-11   0.000000e+00   4.439189e-12   96
  5.348057e-02   3.195754e-11   0.000000e+00   5.808313e-12   48
  5.385587e-02   4.400999e-11   7.266090e-10   5.191660e-12   30
  5.404255e-02   3.030714e-11   0.000000e+00   2.630613e-12   96
  5.426566e-02   3.728139e-11   7.415896e-05   2.677623e-12   240
  5.455256e-02   6.418519e-11   8.000683e-05   9.924370e-12   32
  5.478289e-02   2.691682e-11   0.000000e+00   2.048860e-12   168
  5.496642e-02   3.114996e-11   0.000000e+00   2.979864e-12   120
  5.533165e-02   2.842522e-11   1.353956e-09   3.720831e-12   72
  5.551336e-02   3.880249e-11   6.055075e-10   3.736709e-12   144
  5.569449e-02   3.015322e-11   0.000000e+00   2.886215e-12   96
  5.587502e-02   3.464617e-11   0.000000e+00   2.851369e-12   96
  5.623435e-02   4.934761e-11   0.000000e+00   6.233604e-12   72
  5.641315e-02   3.016511e-11   9.082613e-10   3.014679e-12   96
  5.676908e-02   4.059423e-11   0.000000e+00   7.456543e-12   24
  5.694620e-02   3.387057e-11   0.000000e+00   2.321832e-12   192
  5.715479e-02   3.165400e-11   6.789523e-05   2.525370e-12   132
  5.747431e-02   3.608600e-11   0.000000e+00   3.107764e-12   96
  5.764927e-02   2.179042e-11   0.000000e+00   2.218388e-12   96
  5.782370e-02   2.744420e-11   7.266090e-10   2.215630e-12   120
  5.817099e-02   3.009540e-11   0.000000e+00   4.107087e-12   48
  5.845566e-02   2.545946e-11   8.228355e-05   1.585795e-12   222
  5.868808e-02   3.096533e-11   0.000000e+00   2.926789e-12   120
  5.885943e-02   2.483108e-11   1.112388e-09   5.045675e-12   24
  5.910891e-02   3.699402e-11   8.492858e-05   2.274591e-12   312
  5.965251e-02   3.979646e-11   7.962394e-05   4.333185e-12   72
  5.987725e-02   2.620065e-11   1.112388e-09   3.020480e-12   96
  6.010802e-02   3.392433e-11   8.108596e-05   2.954735e-12   192
  6.037972e-02   2.694902e-11   1.027580e-09   3.029862e-12   120
  6.054629e-02   2.873394e-11   0.000000e+00   2.741112e-12   144
  6.087805e-02   2.722314e-11   0.000000e+00   3.888091e-12   48
  6.111387e-02   2.526997e-11   8.153477e-05   1.630525e-12   336
  6.137233e-02   2.789439e-11   0.000000e+00   3.549011e-12   48
  6.169965e-02   2.652103e-11   0.000000e+00   2.678615e-12   192
  6.186267e-02   2.168819e-11   0.000000e+00   2.630528e-12   48
  6.232604e-02   2.377997e-11   5.659583e-05   2.930765e-12   56
  6.255643e-02   2.577144e-11   7.268827e-05   1.441580e-12   336
  6.283185e-02   2.715618e-11   8.073433e-10   4.384842e-12   54
  6.307177e-02   2.510874e-11   7.983781e-05   1.704739e-12   240
  6.356985e-02   2.618353e-11   7.644534e-05   2.281635e-12   228
  6.378632e-02   2.550541e-11   8.563169e-10   3.320607e-12   72
  6.399644e-02   2.905544e-11   7.415385e-05   2.247829e-12   144
  6.425823e-02   2.583021e-11   0.000000e+00   2.510605e-12   96
  6.441477e-02   2.389681e-11   1.027580e-09   1.760036e-12   240
  6.472671e-02   1.897072e-11   9.082613e-10   3.540023e-12   24
  6.492641e-02   2.415514e-11   7.003773e-05   1.378688e-12   336
  6.519181e-02   1.699572e-11   0.000000e+00   2.001369e-12   72
  6.543408e-02   2.884526e-11   7.617900e-05   2.265436e-12   168
  6.565363e-02   2.253368e-11   0.000000e+00   2.312968e-12   72
  6.595971e-02   3.291402e-11   0.000000e+00   3.483968e-12   96
  6.619675e-02   1.864130e-11   7.560752e-05   1.336918e-12   216
  6.641618e-02   1.694692e-11   0.000000e+00   1.328118e-12   96
  6.671876e-02   2.118756e-11   9.082613e-10   1.349700e-12   192
  6.686954e-02   2.202555e-11   8.563169e-10   1.784753e-12   144
  6.717008e-02   1.749426e-11   0.000000e+00   2.248903e-12   48
  6.737816e-02   2.288646e-11   7.289453e-05   1.759198e-12   246
  6.766089e-02   2.742036e-11   6.720992e-05   2.317485e-12   168
  6.791561e-02   2.317930e-11   1.779821e-09   3.152165e-12   120
  6.806373e-02   1.881093e-11   0.000000e+00   1.470660e-12   240
  6.835902e-02   1.604173e-11   0.000000e+00   3.269151e-12   24
  6.859430e-02   2.000633e-11   7.194229e-05   1.196926e-12   360
  6.888731e-02   2.551365e-11   7.163615e-05   2.195695e-12   120
  6.909172e-02   2.078114e-11   0.000000e+00   1.805374e-12   144
  6.923733e-02   2.683732e-11   0.000000e+00   2.541307e-12   96
  6.967233e-02   2.142891e-11   0.000000e+00   1.634708e-12   144
  6.981673e-02   2.465604e-11   0.000000e+00   2.355929e-12   132
  7.001966e-02   1.818296e-11   7.070381e-05   1.452106e-12   176
  7.031425e-02   1.923608e-11   7.139661e-05   1.149630e-12   312
  7.067693e-02   2.378977e-11   0.000000e+00   3.309229e-12   96
  7.081928e-02   1.552389e-11   0.000000e+00   1.441395e-12   144
  7.103769e-02   2.029234e-11   7.068048e-05   1.328907e-12   312
  7.138584e-02   1.704870e-11   0.000000e+00   1.696940e-12   48
  7.152678e-02   1.663297e-11   9.082613e-10   1.182699e-12   192
  7.180783e-02   1.270179e-11   0.000000e+00   3.904727e-12   6
  7.199456e-02   1.615829e-11   6.592151e-05   9.725163e-13   288
  7.229701e-02   1.784501e-11   6.965036e-05   1.473437e-12   192
  7.250569e-02   1.635126e-11   2.136030e-09   1.122651e-12   216
  7.264446e-02   1.881702e-11   0.000000e+00   2.659105e-12   72
  7.299019e-02   1.861713e-11   6.898890e-05   1.808985e-12   192
  7.321980e-02   2.030129e-11   5.122797e-05   1.444157e-12   288
  7.347155e-02   1.498508e-11   0.000000e+00   2.934949e-12   24
  7.366606e-02   1.782180e-11   6.748859e-05   1.059811e-12   456
  7.401782e-02   1.328373e-11   0.000000e+00   2.323732e-12   48
  7.423517e-02   1.731840e-11   6.647357e-05   1.301547e-12   240
  7.448497e-02   2.061634e-11   6.717903e-05   1.447279e-12   216
  7.469503e-02   1.489658e-11   0.000000e+00   1.773353e-12   72
  7.482974e-02   1.320760e-11   2.321067e-09   1.144176e-12   168
  7.521008e-02   1.634829e-11   4.993319e-05   1.163714e-12   288
  7.542338e-02   1.767251e-11   6.607016e-05   1.424854e-12   168
  7.576598e-02   1.766497e-11   0.000000e+00   1.580140e-12   192
  7.589879e-02   1.300537e-11   8.563169e-10   9.604614e-13   144
  7.616371e-02   2.348106e-11   8.563169e-10   3.275074e-12   36
  7.638837e-02   1.295089e-11   6.033611e-05   7.891368e-13   342
  7.660318e-02   1.543850e-11   6.195787e-05   1.706236e-12   144
  7.687931e-02   1.593875e-11   6.497828e-05   1.058600e-12   384
  7.721429e-02   1.795986e-11   1.779821e-09   1.862540e-12   120
  7.738009e-02   1.742116e-11   5.794173e-05   1.068100e-12   264
  7.760459e-02   1.423765e-11   2.872174e-09   1.173399e-12   192
  7.781602e-02   1.339236e-11   6.244329e-05   1.077801e-12   152
  7.799294e-02   1.377836e-11   1.712634e-09   1.507365e-12   144
  7.836508e-02   1.061140e-11   4.041391e-05   8.520335e-13   216
  7.853733e-02   1.668168e-11   5.400376e-05   1.016847e-12   312
  7.884055e-02   1.395390e-11   6.258929e-05   9.211874e-13   240
  7.901921e-02   1.357873e-11   9.082613e-10   1.381930e-12   96
  7.935833e-02   9.556719e-12   5.983988e-05   7.838150e-13   144
  7.956734e-02   1.353223e-11   5.881734e-05   7.580217e-13   456
  7.990638e-02   9.097210e-12   0.000000e+00   6.281398e-13   120
  8.003232e-02   1.148312e-11   0.000000e+00   1.126686e-12   144
  8.028360e-02   9.725692e-12   1.284475e-09   1.597923e-12   24
  8.044470e-02   1.143050e-11   5.653709e-05   6.120501e-13   336
  8.072332e-02   1.147002e-11   6.235271e-05   9.034019e-13   198
  8.098439e-02   1.399747e-11   6.063443e-05   1.008431e-12   432
  8.128095e-02   2.107950e-11   1.816523e-09   2.514192e-12   48
  8.143566e-02   1.620090e-11   5.352971e-05   9.837855e-13   384
  8.171344e-02   1.254172e-11   6.162404e-05   1.322394e-12   144
  8.196515e-02   1.799389e-11   6.118458e-05   1.584727e-12   264
  8.226621e-02   1.000952e-11   0.000000e+00   9.633464e-13   48
  8.246820e-02   1.240689e-11   5.817654e-05   8.502799e-13   276
  8.266310e-02   1.200085e-11   5.273546e-05   1.144184e-12   192
  8.292356e-02   1.150822e-11   5.926306e-05   5.530629e-13   552
  8.323980e-02   8.770717e-12   1.453218e-09   1.029153e-12   120
  8.342777e-02   8.706245e-12   5.998883e-05   6.347355e-13   216
  8.360198e-02   9.846920e-12   1.453218e-09   8.087674e-13   120
  8.391317e-02   1.315712e-11   5.907428e-05   7.354404e-13   408
  8.420215e-02   5.321619e-12   1.284475e-09   7.021609e-13   24
  8.438134e-02   1.053267e-11   5.967566e-05   7.901210e-13   384
  8.463161e-02   7.555681e-12   5.830526e-05   5.039020e-13   240
  8.484893e-02   1.059400e-11   5.873223e-05   8.131487e-13   168
  8.515361e-02   7.314024e-12   0.000000e+00   7.782764e-13   120
  8.535003e-02   1.113224e-11   6.122527e-05   7.621475e-13   350
  8.566942e-02   1.229244e-11   1.007886e-04   8.864782e-13   384
  8.586029e-02   1.445550e-11   0.000000e+00   1.910392e-12   144
  8.621146e-02   9.459840e-12   1.211015e-09   7.956589e-13   288
  8.639482e-02   1.025492e-11   5.769264e-05   7.584523e-13   336
  8.664426e-02   8.871493e-12   5.252436e-05   7.669822e-13   168
  8.679359e-02   1.157700e-11   3.442699e-09   9.604421e-13   336
  8.710244e-02   7.837172e-12   5.451716e-05   5.142653e-13   288
  8.728795e-02   9.748881e-12   5.136910e-05   6.510945e-13   264
  8.760206e-02   8.961803e-12   0.000000e+00   7.085607e-13   240
  8.771695e-02   8.471242e-12   0.000000e+00   8.216408e-13   96
  8.812928e-02   1.065669e-11   6.985852e-05   7.714505e-13   360
  8.832172e-02   9.525254e-12   5.149772e-05   1.156750e-12   168
  8.856486e-02   8.776491e-12   5.613787e-05   4.996773e-13   456
  8.885766e-02   7.478713e-12   1.614687e-09   6.897616e-13   108
  8.902234e-02   5.828613e-12   5.632711e-05   3.847309e-13   264
  8.922780e-02   7.645413e-12   5.025296e-05   6.732875e-13   264
  8.950914e-02   8.955289e-12   4.742099e-05   4.967175e-13   312
  8.985946e-02   9.785526e-12   3.523897e-05   9.607548e-13   270
  9.000628e-02   9.664897e-12   4.474031e-05   1.009373e-12   240
  9.027023e-02   1.023363e-11   5.534940e-05   8.243738e-13   384
  9.043048e-02   6.762119e-12   1.816523e-09   5.192237e-13   192
  9.074177e-02   1.008176e-11   4.441052e-05   9.786178e-13   240
  9.092233e-02   9.826506e-12   5.480976e-05   7.251295e-13   336
  9.126190e-02   8.487808e-12   5.517650e-05   4.658769e-13   480
  9.153738e-02   9.535087e-12   1.211015e-09   1.290802e-12   72
  9.169127e-02   9.359542e-12   5.380211e-05   1.004791e-12   240
  9.190057e-02   6.853610e-12   5.056661e-05   4.302204e-13   312
  9.214050e-02   5.649835e-12   5.465037e-05   3.797197e-13   240
  9.250305e-02   7.767950e-12   4.152014e-05   5.050050e-13   408
  9.264658e-02   7.101380e-12   3.802244e-05   4.722432e-13   336
  9.292709e-02   7.447201e-12   4.827913e-05   6.630597e-13   264
  9.306493e-02   5.536854e-12   0.000000e+00   4.831977e-13   144
  9.344847e-02   7.115733e-12   6.691774e-05   4.873129e-13   464
  9.365053e-02   5.329414e-12   5.321333e-05   4.391246e-13   168
  9.385003e-02   6.951743e-12   4.846574e-05   5.459886e-13   336
  9.421059e-02   7.374912e-12   5.092274e-05   5.494209e-13   414
  9.441384e-02   1.157197e-11   5.300755e-05   1.202566e-12   216
  9.467424e-02   1.401161e-11   1.284475e-09   1.650880e-12   96
  9.478056e-02   7.236708e-12   3.146309e-09   6.187310e-13   384
  9.515300e-02   7.571632e-12   5.290514e-05   4.504402e-13   492
  9.535260e-02   7.673511e-12   5.173669e-05   5.767415e-13   240
  9.557820e-02   6.342641e-12   5.253086e-05   4.423717e-13   312
  9.588974e-02   4.262949e-12   5.251357e-05   3.914325e-13   192
  9.608709e-02   7.093290e-12   5.089201e-05   4.573303e-13   504
  9.634892e-02   6.929614e-12   3.369138e-05   5.973928e-13   408
  9.655507e-02   5.905943e-12   1.032177e-04   5.297246e-13   168
  9.681304e-02   7.953095e-12   4.902931e-05   5.951231e-13   288
  9.702952e-02   5.728813e-12   5.116628e-05   4.437670e-13   288
  9.725127e-02   4.946549e-12   5.146081e-05   3.227966e-13   432
  9.757291e-02   6.500711e-12   4.866478e-05   5.107845e-13   216
  9.774479e-02   5.623936e-12   4.856211e-05   4.234943e-13   360
  9.805077e-02   6.537398e-12   4.739615e-05   4.994852e-13   312
  9.832692e-02   8.692367e-12   0.000000e+00   1.384526e-12   48
  9.848611e-02   5.647754e-12   5.081550e-05   3.628444e-13   432
  9.877120e-02   5.161601e-12   8.476078e-05   3.822637e-13   414
  9.893956e-02   6.112578e-12   1.936190e-09   5.381243e-13   312
  9.925365e-02   6.642954e-12   7.437288e-05   5.408969e-13   528
  9.946561e-02   7.225180e-12   3.903945e-05   8.458174e-13   264
  9.972025e-02   6.613491e-12   4.629008e-05   5.317041e-13   480
  1.000530e-01   5.959177e-12   0.000000e+00   4.880011e-13   288
  1.001967e-01   5.839304e-12   4.973726e-05   6.125191e-13   168
  1.004595e-01   6.831830e-12   7.873394e-05   4.314898e-13   504
  1.007551e-01   9.930611e-12   1.211015e-09   1.080289e-12   144
  1.009411e-01   4.400594e-12   5.056606e-05   2.512257e-13   464
  1.012205e-01   4.561506e-12   7.420855e-05   3.115455e-13   432
  1.013531e-01   6.363236e-12   1.284475e-09   6.213447e-13   192
  1.016957e-01   4.616447e-12   5.501332e-05   3.022103e-13   396
  1.018981e-01   4.513442e-12   4.941713e-05   3.394552e-13   288
  1.021026e-01   4.471865e-12   4.881567e-05   3.573083e-13   336
  1.024293e-01   4.606352e-12   3.091107e-05   3.168097e-13   432
  1.026367e-01   5.218962e-12   8.011717e-05   3.977246e-13   360
  1.028695e-01   4.631347e-12   4.739049e-05   2.710923e-13   384
  1.032001e-01   4.289262e-12   4.183121e-05   4.090382e-13   198
  1.033594e-01   5.202938e-12   4.754848e-05   3.962739e-13   552
  1.036565e-01   6.581879e-12   6.656461e-05   6.674895e-13   432
  1.039045e-01   5.298656e-12   2.542602e-09   5.272151e-13   168
  1.041126e-01   6.569298e-12   8.251578e-05   5.174418e-13   480
  1.043880e-01   3.251974e-12   0.000000e+00   3.416827e-13   120
  1.045119e-01   5.418820e-12   6.739531e-05   4.733201e-13   336
  1.048143e-01   4.814863e-12   4.754634e-05   3.138638e-13   672
  1.051134e-01   5.632364e-12   6.916265e-05   3.315986e-13   528
  1.052527e-01   2.855243e-12   2.076026e-09   2.230026e-13   168
  1.055745e-01   5.179508e-12   7.715047e-05   3.653499e-13   456
  1.057708e-01   7.033035e-12   4.711644e-05   1.176264e-12   168
  1.059747e-01   4.839006e-12   4.703185e-05   3.495570e-13   504
  1.063135e-01   3.427383e-12   6.052278e-05   3.479826e-13   336
  1.065184e-01   5.401094e-12   4.362976e-05   4.330643e-13   312
  1.067457e-01   4.804020e-12   4.262923e-05   3.650319e-13   504
  1.070448e-01   3.907794e-12   2.957734e-05   2.199381e-13   432
  1.071854e-01   3.237969e-12   4.570679e-05   1.981317e-13   312
  1.074777e-01   3.649270e-12   4.685168e-05   2.366631e-13   384
  1.077830e-01   6.406259e-12   3.980594e-05   1.163652e-12   126
  1.079714e-01   4.798787e-12   6.988975e-05   3.701130e-13   492
  1.082121e-01   5.407806e-12   4.476446e-05   4.116852e-13   528
  1.085129e-01   4.309547e-12   4.547108e-05   3.646708e-13   480
  1.086993e-01   5.611869e-12   6.281804e-05   4.713956e-13   432
  1.089692e-01   4.981504e-12   4.939807e-05   4.266043e-13   440
  1.092826e-01   5.481748e-12   2.456546e-05   4.605067e-13   312
  1.094002e-01   4.213107e-12   3.681340e-05   4.633156e-13   480
  1.096414e-01   4.520841e-12   7.207992e-05   4.217080e-13   408
  1.099939e-01   5.439939e-12   4.316772e-05   4.433885e-13   360
  1.101428e-01   4.224257e-12   4.165528e-05   3.555508e-13   408
  1.104187e-01   3.080832e-12   4.238952e-05   2.603106e-13   456
  1.107295e-01   4.173359e-12   4.051394e-05   3.120070e-13   264
  1.109019e-01   4.208103e-12   4.396779e-05   3.642306e-13   384
  1.111530e-01   3.790683e-12   7.402287e-05   2.445193e-13   672
  1.114432e-01   5.397453e-12   4.427524e-05   6.118780e-13   240
  1.116107e-01   3.141773e-12   4.492830e-05   2.106183e-13   264
  1.118470e-01   2.232172e-12   5.541164e-05   1.465335e-13   624
  1.121997e-01   3.065870e-12   0.000000e+00   4.821402e-13   150
  1.123253e-01   5.472229e-12   6.209312e-05   4.026104e-13   600
  1.125901e-01   4.103353e-12   4.285507e-05   2.780533e-13   672
  1.128900e-01   3.620085e-12   4.030821e-05   4.700958e-13   336
  1.130571e-01   5.903734e-12   4.384359e-05   5.086474e-13   408
  1.133240e-01   4.564405e-12   4.374031e-05   4.876558e-13   408
  1.136209e-01   3.815206e-12   2.211745e-05   2.943094e-13   360
  1.138039e-01   4.701856e-12   8.120816e-05   4.157210e-13   456
  1.140250e-01   3.960872e-12   4.416149e-05   3.740356e-13   384
  1.143063e-01   2.649020e-12   4.076666e-05   1.839949e-13   348
  1.144584e-01   4.828089e-12   5.025723e-05   3.522395e-13   576
  1.147440e-01   3.163434e-12   4.138022e-05   2.220669e-13   504
  1.150362e-01   3.455568e-12   5.836440e-05   2.760208e-13   432
  1.152912e-01   3.118014e-12   7.940448e-05   1.849758e-13   576
  1.154731e-01   3.169969e-12   0.000000e+00   3.805537e-13   264
  1.157616e-01   3.282557e-12   6.318613e-05   1.904847e-13   768
  1.160125e-01   1.860456e-12   8.506861e-05   1.364465e-13   240
  1.162120e-01   3.106327e-12   7.502246e-05   4.456417e-13   192
  1.165026e-01   2.532054e-12   5.522570e-05   1.451650e-13   504
  1.167181e-01   4.038607e-12   7.441870e-05   4.339046e-13   590
  1.169248e-01   4.372609e-12   8.338208e-05   4.591656e-13   384
  1.171839e-01   3.499311e-12   6.968286e-05   2.991251e-13   504
  1.174968e-01   4.861439e-12   6.705897e-05   3.764774e-13   648
  1.178003e-01   3.142875e-12   1.821233e-05   2.945305e-13   504
  1.179227e-01   3.058953e-12   4.154576e-05   2.506481e-13   312
  1.181387e-01   4.067517e-12   5.985722e-05   3.083795e-13   576
  1.184353e-01   4.587837e-12   4.165498e-05   5.660367e-13   240
  1.186082e-01   2.572437e-12   4.209035e-05   1.721946e-13   552
  1.188529e-01   4.434198e-12   3.952187e-05   3.983244e-13   600
  1.192015e-01   3.300506e-12   4.827284e-05   2.564289e-13   600
  1.194111e-01   2.874439e-12   7.730513e-05   2.466199e-13   312
  1.196198e-01   3.829181e-12   6.732512e-05   2.908273e-13   480
  1.198806e-01   2.933569e-12   4.200441e-05   2.675253e-13   576
  1.201101e-01   4.490293e-12   6.763622e-05   4.216995e-13   408
  1.203138e-01   1.137125e-12   7.890077e-05   8.404264e-14   216
  1.205770e-01   2.606086e-12   6.042911e-05   1.948166e-13   516
  1.208589e-01   2.954118e-12   5.765552e-05   1.845345e-13   744
  1.211498e-01   3.269314e-12   3.850879e-05   2.530130e-13   462
  1.213141e-01   3.598322e-12   3.913862e-05   4.374812e-13   432
  1.215691e-01   4.197584e-12   3.630965e-05   3.131041e-13   648
  1.218688e-01   3.810914e-12   5.312777e-05   3.938707e-13   528
  1.221096e-01   3.278163e-12   6.397910e-05   2.456624e-13   600
  1.223502e-01   6.314390e-12   8.066092e-05   9.908421e-13   240
  1.225832e-01   3.118125e-12   6.178548e-05   2.567674e-13   720
  1.228540e-01   3.116378e-12   4.888350e-05   2.224430e-13   720
  1.231542e-01   9.761858e-13   0.000000e+00   9.228420e-14   144
  1.233122e-01   3.418492e-12   6.302546e-05   2.385796e-13   720
  1.235369e-01   3.563456e-12   3.779131e-05   2.909923e-13   384
  1.238183e-01   2.477716e-12   4.189367e-05   1.608865e-13   672
  1.240853e-01   4.196748e-12   7.335120e-05   4.507418e-13   336
  1.242128e-01   3.747303e-12   0.000000e+00   4.277080e-13   288
  1.245250e-01   2.464884e-12   5.805257e-05   1.682208e-13   776
  1.248140e-01   2.221885e-12   4.967278e-05   1.320291e-13   720
  1.250567e-01   1.926671e-12   4.001507e-05   1.509431e-13   432
  1.252509e-01   3.412174e-12   5.704653e-05   3.710698e-13   504
  1.254668e-01   2.409264e-12   3.996919e-05   1.990853e-13   528
  1.257690e-01   3.230836e-12   5.445569e-05   3.698119e-13   438
  1.260177e-01   3.841737e-12   6.338144e-05   3.828563e-13   624
  1.262050e-01   3.683010e-12   7.763371e-05   4.264278e-13   312
  1.264626e-01   4.104082e-12   4.182709e-05   2.725290e-13   696
  1.267289e-01   3.256268e-12   3.784594e-05   3.208653e-13   552
  1.270059e-01   2.996616e-12   2.928013e-05   2.720030e-13   516
  1.271773e-01   3.961535e-12   5.848486e-05   3.687174e-13   528
  1.273859e-01   1.255459e-12   3.803430e-05   7.756784e-14   528
  1.276822e-01   3.232848e-12   5.015953e-05   2.546944e-13   864
  1.278834e-01   3.075068e-12   6.870823e-05   3.001524e-13   408
  1.280847e-01   4.058293e-12   6.807282e-05   3.434773e-13   192
  1.283701e-01   2.243003e-12   5.633353e-05   1.805107e-13   720
  1.286110e-01   2.180561e-12   5.194228e-05   1.681651e-13   696
  1.288973e-01   2.473071e-12   5.609815e-05   1.674838e-13   720
  1.291592e-01   2.416101e-12   7.603431e-05   1.971143e-13   432
  1.293119e-01   1.584012e-12   4.475677e-05   1.538653e-13   264
  1.295867e-01   2.256249e-12   6.180712e-05   1.482323e-13   672
  1.298325e-01   2.633159e-12   6.328100e-05   1.943101e-13   600
  1.301242e-01   1.355488e-12   3.705096e-05   2.198903e-13   270
  1.302712e-01   3.207973e-12   5.577202e-05   3.550118e-13   528
  1.305049e-01   3.209383e-12   3.819070e-05   2.295226e-13   840
  1.308254e-01   3.751917e-12   7.302747e-05   2.742722e-13   888
  1.311216e-01   2.325138e-12   5.441084e-05   1.925952e-13   744
  1.313718e-01   2.851187e-12   2.795923e-05   2.321477e-13   456
  1.314963e-01   4.595918e-12   3.820801e-05   3.642924e-13   360
  1.317093e-01   2.539328e-12   3.310510e-05   3.501327e-13   384
  1.320361e-01   2.478303e-12   5.310026e-05   1.594330e-13   816
  1.322813e-01   2.678774e-12   7.704106e-05   1.839464e-13   824
  1.325794e-01   2.256457e-12   3.581235e-05   2.858633e-13   360
  1.327390e-01   2.769462e-12   5.284558e-05   1.900195e-13   624
  1.329587e-01   2.901496e-12   3.571018e-05   2.904817e-13   360
  1.332513e-01   2.258739e-12   4.857633e-05   1.683811e-13   876
  1.335156e-01   1.987052e-12   5.769416e-05   1.552627e-13   696
  1.337821e-01   1.554012e-12   3.725510e-05   1.474585e-13   336
  1.339218e-01   2.945677e-12   3.721324e-05   3.151132e-13   504
  1.341526e-01   2.192542e-12   3.753571e-05   2.105256e-13   672
  1.344950e-01   1.547025e-12   7.472486e-05   1.132325e-13   720
  1.347324e-01   2.715927e-12   5.644666e-05   2.491851e-13   774
  1.349945e-01   5.175842e-12   3.230860e-05   6.337605e-13   384
  1.351318e-01   3.616243e-12   6.217562e-05   3.521988e-13   528
  1.353448e-01   2.796293e-12   5.925683e-05   2.221061e-13   744
  1.356875e-01   3.220758e-12   4.887432e-05   2.431707e-13   768
  1.359150e-01   3.233511e-12   5.486510e-05   3.600251e-13   552
  1.361989e-01   2.134697e-12   5.979675e-05   1.724510e-13   696
  1.364100e-01   3.548675e-12   7.266345e-05   3.559231e-13   408
  1.365777e-01   2.874925e-12   3.139119e-05   2.528679e-13   504
  1.368434e-01   2.137272e-12   5.639309e-05   1.597776e-13   888
  1.371049e-01   1.996978e-12   5.860872e-05   2.003658e-13   648
  1.373767e-01   1.984622e-12   5.810635e-05   1.671578e-13   648
  1.376324e-01   2.067800e-12   6.265289e-05   1.639942e-13   792
  1.379033e-01   1.745345e-12   9.166547e-05   1.472331e-13   600
  1.381028e-01   1.139103e-12   6.212242e-05   8.333739e-14   456
  1.383129e-01   2.094588e-12   3.027582e-05   1.684770e-13   648
  1.385828e-01   1.653249e-12   5.904226e-05   1.122117e-13   936
  1.388741e-01   2.412935e-12   3.625955e-05   1.895870e-13   384
  1.391277e-01   3.188715e-15   0.000000e+00   2.323098e-16   198
  1.393234e-01   3.082365e-15   9.199360e-05   9.446959e-17   1224
  1.395345e-01   3.323819e-15   6.699966e-05   1.686735e-16   420
  1.397842e-01   2.849133e-15   6.484166e-05   1.134986e-16   792
  1.400283e-01   2.936076e-15   5.361851e-05   1.108077e-16   680
  1.403069e-01   3.012462e-15   4.923504e-05   1.404846e-16   600
  1.405311e-01   2.964448e-15   7.140431e-05   9.998515e-17   840
  1.408304e-01   3.674557e-15   3.371380e-05   2.019375e-16   432
  1.409448e-01   3.083043e-15   3.159427e-05   1.232523e-16   720
  1.411934e-01   3.305857e-15   6.327780e-05   1.119386e-16   960
  1.415027e-01   3.225728e-15   5.640753e-05   1.515530e-16   528
  1.417288e-01   2.990279e-15   5.765925e-05   1.288686e-16   624
  1.419978e-01   3.368926e-15   4.531978e-05   1.232996e-16   816
  1.422648e-01   2.770395e-15   7.452934e-05   1.153932e-16   696
  1.425599e-01   3.343064e-15   4.110321e-09   2.125199e-16   240
  1.426709e-01   3.442569e-15   4.395173e-05   1.439017e-16   672
  1.429185e-01   3.004869e-15   7.854802e-05   1.103484e-16   864
  1.431964e-01   2.784927e-15   6.027286e-05   1.058388e-16   816
  1.434467e-01   2.944414e-15   3.449810e-05   1.265845e-16   648
  1.437164e-01   3.128638e-15   3.526335e-05   1.050297e-16   843
  1.439454e-01   2.651531e-15   6.344743e-05   1.046554e-16   780
  1.442182e-01   2.452466e-15   3.404471e-05   1.652740e-16   216
  1.443865e-01   2.788614e-15   8.209510e-05   8.382578e-17   1056
  1.446454e-01   3.492801e-15   6.716301e-05   2.134178e-16   228
  1.448850e-01   3.036475e-15   8.361962e-05   1.070093e-16   924
  1.451311e-01   3.173445e-15   3.101819e-05   1.177300e-16   696
  1.453916e-01   2.633513e-15   5.520350e-05   9.130542e-17   996
  1.456581e-01   2.790748e-15   3.259105e-05   1.232089e-16   576
  1.459354e-01   2.791387e-15   5.030212e-05   1.427074e-16   552
  1.461376e-01   3.265831e-15   6.005898e-05   1.566856e-16   516
  1.463427e-01   2.804062e-15   8.733821e-05   9.893028e-17   744
  1.465771e-01   2.831089e-15   4.284460e-05   1.309356e-16   576
  1.467810e-01   2.575811e-15   4.409794e-05   9.776324e-17   792
  1.470708e-01   2.877830e-15   5.041212e-05   1.048974e-16   792
  1.472831e-01   2.794806e-15   5.436894e-05   1.114938e-16   720
  1.475703e-01   2.557083e-15   6.196809e-05   9.497232e-17   656
  1.478394e-01   2.716199e-15   6.766594e-05   1.012331e-16   816
  1.481153e-01   2.597659e-15   3.648433e-05   1.180086e-16   492
  1.482721e-01   2.790410e-15   5.248529e-05   1.168103e-16   552
  1.485663e-01   2.391995e-15   9.126553e-05   1.123348e-16   780
  1.487575e-01   2.689886e-15   5.606333e-05   1.379654e-16   528
  1.489634e-01   2.553579e-15   6.544296e-05   1.095694e-16   600
  1.492669e-01   2.939867e-15   5.438828e-05   9.802829e-17   900
  1.494760e-01   2.655262e-15   3.011028e-05   1.193285e-16   696
  1.497638e-01   2.522381e-15   7.613501e-05   1.023594e-16   696
  1.500423e-01   2.625905e-15   3.088725e-05   1.106078e-16   552
  1.502764e-01   2.108106e-15   3.591902e-05   8.728287e-17   708
  1.505217e-01   2.580433e-15   5.930435e-05   9.998011e-17   876
  1.507769e-01   3.014197e-15   3.148943e-05   2.846328e-16   216
  1.509481e-01   2.508823e-15   8.612787e-05   8.508722e-17   1032
  1.512046e-01   2.394055e-15   9.589387e-05   1.117576e-16   600
  1.514708e-01   2.175118e-15   4.575699e-05   9.274824e-17   600
  1.516739e-01   2.503506e-15   8.080257e-05   1.290836e-16   528
  1.519139e-01   2.435281e-15   4.435707e-05   9.788489e-17   732
  1.521668e-01   2.262169e-15   3.275367e-05   1.271399e-16   336
  1.524578e-01   2.279127e-15   4.668048e-05   8.114770e-17   912
  1.526754e-01   2.090665e-15   4.685305e-05   9.229896e-17   624
  1.529130e-01   2.379280e-15   3.948208e-05   9.677477e-17   768
  1.531905e-01   2.626661e-15   7.123345e-05   1.019761e-16   792
  1.534628e-01   2.224705e-15   3.531461e-05   1.052554e-16   660
  1.536565e-01   2.179095e-15   5.204174e-05   1.273378e-16   504
  1.538569e-01   2.251135e-15   8.502625e-05   1.157261e-16   480
  1.541572e-01   1.676676e-15   7.863820e-05   5.897081e-17   912
  1.543923e-01   2.561679e-15   8.757583e-05   1.528732e-16   432
  1.546144e-01   2.150411e-15   5.200047e-05   1.062644e-16   564
  1.548116e-01   2.228025e-15   4.977161e-05   1.079522e-16   600
  1.550891e-01   2.395515e-15   6.937691e-05   9.421375e-17   876
  1.552976e-01   2.316727e-15   3.119395e-05   1.477249e-16   264
  1.555851e-01   2.241539e-15   6.052853e-05   1.009254e-16   560
  1.558161e-01   1.973215e-15   4.113044e-05   7.076458e-17   840
  1.560965e-01   1.891868e-15   6.341128e-05   7.338910e-17   1008
  1.563558e-01   2.000613e-15   2.836595e-05   1.022263e-16   456
  1.565927e-01   2.303174e-15   3.674408e-05   1.071056e-16   576
  1.568116e-01   2.186188e-15   5.646120e-05   1.010183e-16   612
  1.571003e-01   2.025179e-15   5.042901e-05   8.654370e-17   780
  1.573359e-01   2.128851e-15   5.778934e-05   9.047356e-17   648
  1.575770e-01   2.423512e-15   2.693058e-05   1.824409e-16   312
  1.577311e-01   1.787905e-15   6.842617e-05   7.658569e-17   528
  1.579980e-01   1.812224e-15   8.936117e-05   8.157430e-17   720
  1.582533e-01   1.955597e-15   8.964102e-05   1.154230e-16   576
  1.585628e-01   1.839072e-15   7.732694e-05   9.461030e-17   444
  1.587554e-01   2.034725e-15   7.583279e-05   7.370764e-17   996
  1.589914e-01   1.732658e-15   6.334320e-05   1.066188e-16   432
  1.592145e-01   2.080251e-15   6.934834e-05   1.069280e-16   504
  1.594071e-01   1.767909e-15   3.126589e-05   9.570305e-17   504
  1.596815e-01   2.141574e-15   6.153164e-05   9.245731e-17   876
  1.599297e-01   1.777368e-15   7.081706e-05   9.004444e-17   504
  1.601882e-01   1.594764e-15   4.516342e-05   7.778352e-17   696
  1.604019e-01   2.058909e-15   3.860998e-05   1.030723e-16   492
  1.606926e-01   1.629580e-15   5.527206e-05   9.102788e-17   432
  1.609079e-01   1.920152e-15   5.175622e-05   8.004123e-17   768
  1.611631e-01   1.639496e-15   6.446933e-05   8.636819e-17   648
  1.614068e-01   1.455725e-15   4.205932e-05   7.961637e-17   456
  1.616868e-01   1.581693e-15   5.783839e-05   8.002417e-17   552
  1.618813e-01   1.636528e-15   3.964248e-05   9.246243e-17   648
  1.621489e-01   1.550197e-15   6.461501e-05   5.766347e-17   840
  1.624104e-01   1.859573e-15   3.081354e-05   1.013494e-16   432
  1.626721e-01   1.545956e-15   3.774132e-05   8.226419e-17   600
  1.628542e-01   1.816747e-15   4.021090e-05   1.083706e-16   432
  1.631600e-01   1.669648e-15   4.003387e-05   7.996831e-17   560
  1.633670e-01   1.476043e-15   6.336941e-05   6.363499e-17   840
  1.636263e-01   1.729434e-15   3.753463e-05   9.755870e-17   504
  1.638323e-01   1.420305e-15   7.660593e-05   6.697231e-17   696
  1.641226e-01   1.760563e-15   4.183943e-05   1.029830e-16   384
  1.643487e-01   1.314612e-15   6.128984e-05   6.550000e-17   576
  1.646222e-01   1.387721e-15   3.782503e-05   9.468565e-17   360
  1.648426e-01   1.430478e-15   5.633064e-05   6.697803e-17   828
  1.650804e-01   1.379089e-15   5.017290e-05   7.832569e-17   372
  1.652983e-01   1.420590e-15   7.662364e-05   6.561134e-17   576
  1.655869e-01   1.533884e-15   3.208989e-05   7.061586e-17   636
  1.657926e-01   1.411239e-15   6.186102e-05   6.605858e-17   648
  1.660708e-01   1.404980e-15   5.028625e-05   7.143968e-17   576
  1.662705e-01   1.371450e-15   8.111703e-05   7.249524e-17   528
  1.665361e-01   1.361066e-15   3.468088e-05   8.896423e-17   360
  1.667559e-01   1.183264e-15   7.977902e-05   4.998784e-17   672
  1.670430e-01   1.396734e-15   4.086413e-05   6.329920e-17   804
  1.672819e-01   1.442482e-15   4.507802e-05   7.955224e-17   408
  1.675462e-01   1.280341e-15   2.786312e-05   6.961403e-17   384
  1.677241e-01   1.051086e-15   6.376152e-05   6.509130e-17   480
  1.679752e-01   1.173813e-15   4.119929e-05   6.641326e-17   432
  1.682159e-01   1.531528e-15   7.592150e-05   7.052540e-17   648
  1.685009e-01   1.324458e-15   4.710893e-05   6.597781e-17   624
  1.687093e-01   1.272322e-15   4.284955e-05   7.813937e-17   456
  1.689940e-01   1.175375e-15   5.853629e-05   7.410348e-17   588
  1.691847e-01   1.111254e-15   3.734591e-05   5.489485e-17   600
  1.694632e-01   1.105498e-15   5.825046e-05   4.501131e-17   708
  1.696832e-01   1.061853e-15   3.669667e-05   5.822034e-17   360
  1.699263e-01   1.294500e-15   4.218379e-05   6.983604e-17   552
  1.701593e-01   1.118643e-15   2.959293e-05   9.702646e-17   288
  1.703959e-01   9.977723e-16   5.564280e-05   5.121945e-17   528
  1.706182e-01   1.102135e-15   3.753920e-05   5.426497e-17   456
  1.708665e-01   1.168179e-15   6.656515e-05   6.027014e-17   608
  1.711163e-01   9.615795e-16   3.220496e-05   4.577689e-17   504
  1.713892e-01   8.030480e-16   6.914223e-05   4.373510e-17   540
  1.716032e-01   1.328510e-15   7.422222e-05   8.730526e-17   360
  1.718339e-01   1.334547e-15   3.361162e-05   6.582397e-17   540
  1.720380e-01   1.055180e-15   2.885957e-05   5.622524e-17   576
  1.723347e-01   1.062380e-15   6.691555e-05   5.212673e-17   588
  1.726168e-01   1.078957e-15   9.232326e-05   5.693059e-17   672
  1.728592e-01   1.233803e-15   7.056345e-05   6.024031e-17   552
  1.730545e-01   7.720070e-16   7.059913e-05   6.442250e-17   144
  1.733038e-01   1.137312e-15   5.998121e-05   5.807775e-17   600
  1.735402e-01   8.616052e-16   7.516955e-05   4.850961e-17   504
  1.738025e-01   9.711967e-16   7.721430e-05   7.332939e-17   336
  1.740784e-01   9.609323e-16   8.678922e-05   4.448975e-17   600
  1.743256e-01   8.943252e-16   5.601092e-05   4.887874e-17   636
  1.745923e-01   1.066830e-15   4.503329e-05   8.785003e-17   384
  1.747793e-01   1.058535e-15   6.281612e-05   6.748700e-17   504
  1.750488e-01   8.897643e-16   2.636304e-05   6.678445e-17   240
  1.752616e-01   9.575960e-16   6.193054e-05   3.996794e-17   744
  1.755168e-01   8.403233e-16   4.228914e-05   4.144727e-17   648
  1.757436e-01   1.582135e-15   2.807279e-05   1.356560e-16   120
  1.760095e-01   7.729717e-16   4.409871e-05   3.505962e-17   564
  1.762103e-01   1.100697e-15   6.925969e-05   6.330560e-17   432
  1.764784e-01   7.829688e-16   5.375921e-05   5.422989e-17   480
  1.766803e-01   6.302057e-16   3.956814e-05   3.911626e-17   456
  1.769186e-01   8.743589e-16   6.547942e-05   5.349668e-17   444
  1.771890e-01   7.729868e-16   1.001870e-04   4.978270e-17   528
  1.774266e-01   9.747333e-16   7.440679e-05   8.737863e-17   264
  1.776571e-01   7.766324e-16   7.625589e-05   4.571907e-17   444
  1.779672e-01   8.606141e-16   8.352712e-05   3.950994e-17   696
  1.782246e-01   9.203941e-16   4.467309e-05   6.505127e-17   384
  1.784129e-01   7.592383e-16   5.644820e-05   4.279698e-17   432
  1.787057e-01   1.025349e-15   3.900306e-05   6.140375e-17   488
  1.788958e-01   9.332930e-16   5.878247e-05   4.887840e-17   480
  1.791714e-01   7.707576e-16   6.555462e-05   5.153112e-17   480
  1.793849e-01   6.578452e-16   2.750471e-05   4.294255e-17   240
  1.796272e-01   8.331650e-16   6.424882e-05   4.570083e-17   600
  1.798559e-01   6.219091e-16   5.598627e-05   4.439425e-17   288
  1.800993e-01   7.647877e-16   5.385469e-05   4.720067e-17   480
  1.803458e-01   6.164686e-16   9.579788e-05   3.891615e-17   504
  1.805885e-01   8.393508e-16   4.110325e-05   5.989166e-17   216
  1.808981e-01   7.620004e-16   6.729256e-05   4.892220e-17   504
  1.811392e-01   6.266351e-16   5.412370e-05   3.958731e-17   456
  1.814031e-01   1.003229e-15   3.104087e-05   6.452306e-17   384
  1.815779e-01   9.935281e-16   6.300174e-05   6.456351e-17   480
  1.818262e-01   6.031262e-16   5.532259e-05   4.075136e-17   504
  1.820564e-01   7.395265e-16   3.509319e-05   4.819074e-17   312
  1.823043e-01   7.390660e-16   5.655148e-05   4.761184e-17   492
  1.825238e-01   8.568389e-16   5.300385e-05   5.870072e-17   312
  1.828064e-01   6.236740e-16   8.610055e-05   3.191007e-17   576
  1.830551e-01   8.402596e-16   7.947777e-05   6.999968e-17   336
  1.832617e-01   4.452642e-16   6.119421e-05   3.659731e-17   240
  1.835481e-01   6.842372e-16   8.112802e-05   4.207479e-17   468
  1.837954e-01   6.578570e-16   5.079787e-05   6.412682e-17   192
  1.840542e-01   5.305019e-16   5.094927e-05   4.280797e-17   324
  1.842439e-01   6.459040e-16   3.697814e-05   3.610574e-17   600
  1.845024e-01   6.631578e-16   5.999324e-05   4.018652e-17   456
  1.846943e-01   7.050606e-16   2.698496e-05   5.530554e-17   336
  1.850125e-01   7.256189e-16   8.080061e-05   4.498450e-17   612
  1.852440e-01   5.090270e-16   6.781139e-05   8.960595e-17   144
  1.854629e-01   7.227948e-16   7.915330e-05   4.155389e-17   552
  1.857606e-01   3.655188e-16   3.117154e-05   2.337124e-17   264
  1.859288e-01   5.717092e-16   7.217008e-05   4.936677e-17   336
  1.861941e-01   4.711272e-16   4.768752e-05   2.922857e-17   384
  1.864242e-01   5.542298e-16   2.684336e-05   5.025681e-17   216
  1.866789e-01   4.119794e-16   5.691346e-05   2.982105e-17   344
  1.869112e-01   4.191380e-16   8.491756e-05   2.893612e-17   408
  1.871942e-01   5.288271e-16   6.525361e-05   5.281467e-17   264
  1.874450e-01   5.596655e-16   9.096676e-05   3.473969e-17   612
  1.876956e-01   7.384653e-16   4.681845e-05   5.154120e-17   408
  1.879533e-01   5.236050e-16   4.688574e-05   4.495234e-17   444
  1.881426e-01   1.014733e-15   2.622284e-05   8.853559e-17   120
  1.883963e-01   5.998027e-16   7.244892e-05   5.202031e-17   336
  1.885846e-01   4.720055e-16   2.517571e-05   3.869807e-17   288
  1.888390e-01   4.961422e-16   7.834725e-05   2.991915e-17   552
  1.891889e-01   6.825376e-16   0.000000e+00   9.671624e-17   72
  1.893687e-01   4.825167e-16   7.781878e-05   3.096599e-17   504
  1.895788e-01   2.450535e-16   2.504133e-05   2.274155e-17   216
  1.898511e-01   3.783943e-16   4.470956e-05   2.998833e-17   312
  1.900954e-01   3.194700e-16   5.090887e-05   2.538104e-17   336
  1.903283e-01   3.142714e-16   7.056539e-05   2.811920e-17   204
  1.905603e-01   7.383294e-16   8.200772e-05   5.771658e-17   504
  1.908063e-01   6.308470e-16   7.809491e-05   4.333979e-17   396
  1.910429e-01   4.560732e-16   7.161711e-05   4.059784e-17   312
  1.913297e-01   7.248809e-16   4.376572e-05   7.250879e-17   216
  1.915318e-01   4.277736e-16   2.375249e-05   4.824345e-17   168
  1.917774e-01   4.435371e-16   5.997637e-05   2.887039e-17   588
  1.920576e-01   3.013997e-16   8.141090e-05   3.638039e-17   240
  1.922754e-01   3.026759e-16   7.189946e-05   2.804248e-17   264
  1.925307e-01   3.863563e-16   8.891848e-05   3.467996e-17   288
  1.927573e-01   4.139210e-16   4.440219e-05   3.993753e-17   288
  1.930444e-01   3.020608e-16   4.170072e-05   2.653274e-17   288
  1.932378e-01   3.236505e-16   4.830681e-05   2.996193e-17   192
  1.934810e-01   2.229985e-16   5.140329e-05   2.112707e-17   264
  1.937128e-01   6.826035e-16   8.455129e-05   5.019584e-17   372
  1.939621e-01   7.134380e-16   9.131904e-05   6.562218e-17   360
  1.942665e-01   5.997575e-16   3.864708e-05   8.644389e-17   144
  1.944239e-01   3.357589e-16   5.367910e-05   3.625099e-17   296
  1.946722e-01   3.609155e-16   5.783646e-05   3.479726e-17   288
  1.949565e-01   3.923707e-16   8.643513e-05   2.894832e-17   480
  1.952017e-01   3.185173e-16   7.181934e-05   5.587312e-17   192
  1.954402e-01   4.554534e-16   7.703604e-05   4.690070e-17   192
  1.956569e-01   3.089297e-16   4.909597e-05   3.098989e-17   288
  1.959584e-01   1.372988e-16   4.273737e-05   1.677977e-17   108
  1.961102e-01   3.202997e-16   4.108675e-05   3.311662e-17   240
  1.963784e-01   2.362054e-16   7.664829e-05   2.553562e-17   384
  1.966538e-01   3.602507e-16   9.350223e-05   4.284374e-17   108
  1.968974e-01   4.837362e-16   5.482209e-05   3.605957e-17   348
  1.971535e-01   3.054409e-16   5.721449e-05   3.921993e-17   312
  1.973823e-01   3.308528e-16   5.559587e-05   7.519860e-17   96
  1.975926e-01   3.001203e-16   7.401586e-05   2.678995e-17   384
  1.978282e-01   3.378625e-16   5.090793e-05   3.423157e-17   144
  1.980586e-01   3.328514e-16   7.822228e-05   2.827656e-17   408
  1.983451e-01   1.424286e-16   3.489266e-05   2.321722e-17   144
  1.986157e-01   3.169240e-16   6.708152e-05   3.999158e-17   192
  1.987762e-01   3.727312e-16   7.550148e-05   3.948621e-17   144
  1.990378e-01   1.763055e-16   6.138549e-05   1.930213e-17   144
  1.992846e-01   3.092502e-16   7.502301e-05   3.137935e-17   336
  1.995869e-01   1.382754e-16   5.550751e-05   1.149236e-17   240
  1.997786e-01   1.933368e-16   2.520547e-05   2.790711e-17   96
  2.000459e-01   3.764592e-16   7.391551e-05   3.649705e-17   372
  2.003163e-01   2.541827e-16   8.792091e-05   4.503226e-17   132
  2.005538e-01   1.530062e-16   5.440441e-05   1.228715e-17   264
  2.007663e-01   4.221359e-16   4.178011e-05   5.579221e-17   168
  2.009931e-01   2.836232e-16   6.679837e-05   2.594479e-17   216
  2.011935e-01   2.228501e-16   4.086808e-05   3.142779e-17   216
  2.014852e-01   8.289429e-17   7.497591e-05   8.444150e-18   96
  2.017500e-01   3.627745e-16   4.891494e-05   5.558176e-17   120
  2.019928e-01   1.849162e-16   6.218465e-05   2.225070e-17   216
  2.021928e-01   1.482183e-16   2.717490e-05   1.640386e-17   200
  2.024576e-01   2.318037e-16   7.034415e-05   3.350855e-17   288
  2.027972e-01   5.685947e-17   1.850891e-05   4.780492e-18   144
  2.029402e-01   2.423999e-16   5.759860e-05   4.033551e-17   168
  2.032323e-01   2.770236e-16   6.482186e-05   4.939319e-17   159
  2.034603e-01   1.319400e-16   6.801371e-05   1.320011e-17   174
  2.036809e-01   1.205839e-16   6.167246e-05   1.198130e-17   144
  2.039698e-01   2.399628e-16   3.561139e-05   2.591525e-17   222
  2.041630e-01   1.282506e-16   3.593504e-05   1.536314e-17   168
  2.044967e-01   2.481278e-16   7.881934e-05   6.553723e-17   30
  2.046346e-01   4.373627e-17   6.959169e-05   5.909775e-18   72
  2.048942e-01   1.320309e-16   6.210975e-05   1.775383e-17   258
  2.051797e-01   1.055192e-16   3.890094e-05   1.017239e-17   264
  2.053225e-01   1.573769e-16   4.195079e-09   2.741225e-17   72
  2.056199e-01   6.924847e-17   7.710330e-05   9.330341e-18   174
  2.058892e-01   1.464224e-16   8.210077e-05   2.245265e-17   168
  2.061058e-01   2.906056e-17   2.568951e-09   4.180755e-18   48
  2.063382e-01   7.973143e-17   4.636424e-05   1.265406e-17   150
  2.066077e-01   1.753621e-16   8.529035e-05   1.614522e-17   168
  2.068780e-01   7.339145e-17   5.195492e-05   7.995951e-18   144
  2.071265e-01   1.775375e-16   4.853772e-05   3.329525e-17   102
  2.073116e-01   3.368989e-17   7.184416e-05   3.067360e-18   96
  2.076053e-01   2.550875e-17   7.130050e-05   2.058147e-18   120
  2.078228e-01   2.511756e-17   7.647166e-05   2.047693e-18   168
  2.080580e-01   1.585932e-16   5.646827e-05   1.492190e-17   126
  2.082585e-01   9.463609e-17   4.258836e-05   1.502579e-17   168
  2.085346e-01   4.581418e-17   6.829049e-05   6.599240e-18   72
  2.087759e-01   4.051096e-17   8.551492e-05   3.672158e-18   168
  2.089873e-01   1.462331e-16   2.344384e-05   3.697860e-17   78
  2.092770e-01   3.643184e-17   3.849304e-05   4.814717e-18   60
  2.095103e-01   1.652344e-16   6.244194e-05   3.251588e-17   96
  2.097522e-01   5.178939e-17   7.576810e-05   4.439761e-18   168
  2.099796e-01   4.827149e-17   4.794311e-05   1.031736e-17   86
  2.102181e-01   2.774796e-17   4.284977e-05   3.804351e-18   120
  2.105600e-01   3.339386e-17   3.055758e-05   3.369609e-18   168
  2.107444e-01   1.685814e-17   0.000000e+00   1.918904e-18   48
  2.109928e-01   8.878027e-17   5.567259e-05   1.009364e-17   120
  2.111355e-01   5.604925e-17   4.061540e-05   8.840663e-18   126
  2.114838e-01   4.519098e-17   7.143116e-05   5.888600e-18   96
  2.117099e-01   4.331888e-17   2.059722e-05   4.233135e-18   96
  2.118882e-01   2.731463e-17   2.422030e-09   3.185211e-18   72
  2.122681e-01   3.018819e-17   2.568951e-09   5.864639e-18   24
  2.125052e-01   4.906762e-17   4.238860e-05   5.556733e-18   120
  2.126902e-01   4.418095e-17   6.183193e-05   6.627024e-18   126
  2.128959e-01   2.556538e-17   5.154529e-05   3.197191e-18   96
  2.131362e-01   1.350520e-17   8.908530e-05   1.475825e-18   72
  2.134038e-01   2.428942e-17   3.853239e-05   2.134944e-18   144
  2.136239e-01   2.328770e-17   2.222458e-05   3.327344e-18   72
  2.138438e-01   4.357974e-17   4.439042e-05   1.157635e-17   54
  2.140373e-01   4.556696e-17   3.911854e-05   6.028164e-18   108
  2.144395e-01   4.773707e-17   3.834628e-05   5.395122e-18   72
  2.145647e-01   3.114483e-17   2.212712e-05   3.744032e-18   72
  2.148618e-01   1.667358e-17   4.449553e-09   2.667366e-18   24
  2.151428e-01   8.168819e-18   4.681088e-05   1.399324e-18   48
  2.153135e-01   3.457540e-17   3.565781e-05   5.452857e-18   102
  2.155704e-01   2.065751e-17   8.064314e-05   2.178814e-18   168
  2.159060e-01   1.357790e-17   4.398088e-05   1.846810e-18   72
  2.160304e-01   1.629276e-17   0.000000e+00   2.411303e-18   48
  2.162913e-01   2.347642e-17   7.564979e-05   2.532844e-18   120
  2.166356e-01   1.906082e-17   4.648832e-05   1.783519e-18   96
  2.169608e-01   7.171968e-17   4.110321e-09   2.711897e-17   30
  2.173472e-01   3.160899e-17   2.184227e-05   4.719400e-18   72
  2.175171e-01   1.449231e-17   2.568951e-09   3.255046e-18   24
  2.177352e-01   6.940936e-18   3.237565e-05   1.130096e-18   56
  2.179796e-01   7.325929e-18   4.620169e-05   7.097129e-19   96
  2.182720e-01   1.599488e-17   5.101796e-05   1.544951e-18   144
  2.184974e-01   2.734097e-17   2.896600e-05   7.622683e-18   54
  2.188250e-01   1.450269e-17   4.339413e-05   1.543090e-18   108
  2.191546e-01   4.127908e-17   2.297699e-05   7.453501e-18   48
  2.194683e-01   1.408236e-17   8.651572e-05   1.489536e-18   72
  2.202213e-01   2.982266e-17   5.716121e-05   3.710999e-18   78
  2.204299e-01   6.400633e-18   4.307814e-05   6.609804e-19   72
  2.206734e-01   7.448301e-18   4.302466e-05   8.578526e-19   72
  2.209281e-01   1.467104e-17   1.038232e-04   1.310236e-18   96
  2.211293e-01   8.502540e-18   4.293597e-05   6.338771e-19   72
  2.213721e-01   1.297158e-17   0.000000e+00   2.187557e-18   24
  2.216146e-01   1.270760e-17   8.567808e-05   1.318356e-18   72
  2.221623e-01   1.572054e-17   5.440820e-05   2.434819e-18   30
  2.222801e-01   2.173456e-17   0.000000e+00   4.320667e-18   24
  2.229135e-01   5.375301e-18   4.517907e-05   7.587797e-19   48
  2.231122e-01   8.359846e-18   9.722532e-05   1.109386e-18   120
  2.233799e-01   6.257585e-18   4.250917e-05   7.505230e-19   72
  2.236502e-01   7.925688e-18   4.245777e-05   1.216531e-18   36
  2.238360e-01   8.930210e-18   8.391632e-05   1.253259e-18   78
  2.243546e-01   1.031238e-17   4.488887e-05   1.023898e-18   48
  2.250269e-01   1.708416e-17   3.633045e-09   2.095733e-18   24
  2.255059e-01   2.503547e-18   3.125970e-05   3.528297e-19   56
  2.257471e-01   3.682219e-18   4.810277e-05   4.278311e-19   102
  2.260539e-01   5.651182e-18   3.425268e-09   6.601991e-19   72
  2.262321e-01   6.939751e-18   2.568951e-09   1.006423e-18   24
  2.265435e-01   5.342039e-18   4.445516e-05   7.953123e-19   48
  2.271206e-01   9.023236e-18   0.000000e+00   1.879696e-18   24
  2.278290e-01   5.149549e-18   0.000000e+00   2.192219e-18   6
  2.280499e-01   1.743247e-18   0.000000e+00   3.359174e-19   24
  2.281971e-01   2.798825e-18   4.161169e-05   3.191986e-19   72
  2.284659e-01   3.390660e-18   7.763053e-05   3.216592e-19   84
  2.287554e-01   3.120591e-18   0.000000e+00   7.801366e-19   24
  2.288435e-01   4.735521e-18   3.633045e-09   6.626898e-19   24
  2.292831e-01   5.348298e-18   4.449553e-09   8.696354e-19   24
  2.298972e-01   4.797532e-18   0.000000e+00   1.649163e-18   6
  2.306844e-01   1.988005e-18   4.365716e-05   2.536399e-19   48
  2.308735e-01   2.338716e-18   8.224294e-05   2.173848e-19   72
  2.311206e-01   2.920004e-18   4.357477e-05   3.410511e-19   48
  2.315124e-01   4.978641e-18   0.000000e+00   1.241475e-18   24
  2.320338e-01   7.994043e-18   0.000000e+00   1.722057e-18   6
  2.332028e-01   1.634301e-18   0.000000e+00   5.286088e-19   8
  2.332891e-01   2.015925e-18   2.568951e-09   3.915014e-19   48
  2.334962e-01   2.192622e-18   4.225843e-05   2.834164e-19   60
  2.338066e-01   4.040538e-18   0.000000e+00   7.121543e-19   24
  2.342369e-01   1.402976e-18   0.000000e+00   4.651841e-19   6
  2.358224e-01   1.335909e-18   0.000000e+00   2.329826e-19   24
  2.359505e-01   1.678359e-18   4.268279e-05   1.893871e-19   48
  2.361638e-01   1.177862e-18   0.000000e+00   2.738621e-19   24
  2.365047e-01   8.252815e-19   0.000000e+00   1.692675e-19   6
  2.384414e-01   1.104065e-18   3.981898e-05   2.149935e-19   36
  2.385821e-01   1.501390e-18   0.000000e+00   4.201987e-19   24
  2.388353e-01   1.625722e-18   0.000000e+00   5.539910e-19   6
  2.410389e-01   1.293179e-18   3.618719e-05   2.017298e-19   32
  2.412268e-01   8.828592e-19   0.000000e+00   2.212731e-19   6
  2.435949e-01   1.368299e-18   0.000000e+00   4.083883e-19   12
  2.436776e-01   1.437790e-18   0.000000e+00   9.680445e-20   6
  2.461858e-01   6.856260e-19   0.000000e+00   1.597417e-19   6
