# power spectrum of phi
# redshift z=48.519767
# k              Pk             sigma(k)       sigma(Pk)      count
  1.554082e-03   7.540179e-10   3.849967e-04   7.273145e-11   146
  3.315891e-03   7.914372e-10   5.645617e-04   2.368807e-11   1042
  5.255560e-03   6.993371e-10   5.631710e-04   1.404062e-11   2698
  7.226238e-03   6.161269e-10   5.714963e-04   8.552274e-12   5206
  9.236952e-03   5.460118e-10   5.879031e-04   6.063859e-12   8752
  1.128500e-02   4.880369e-10   5.950186e-04   4.268815e-12   13258
  1.332029e-02   4.376709e-10   5.812860e-04   3.286490e-12   18070
  1.533799e-02   3.872259e-10   5.833601e-04   2.497662e-12   24050
  1.738769e-02   3.404389e-10   5.989399e-04   1.907304e-12   31720
  1.943477e-02   3.023464e-10   5.849109e-04   1.533454e-12   38722
  2.146405e-02   2.647409e-10   5.862639e-04   1.228960e-12   47398
  2.349979e-02   2.343280e-10   5.882944e-04   9.803089e-13   56986
  2.554151e-02   2.078181e-10   5.907046e-04   8.059480e-13   67552
  2.758014e-02   1.861270e-10   5.872674e-04   6.658141e-13   78310
  2.961557e-02   1.626234e-10   5.882808e-04   5.445902e-13   90514
  3.164924e-02   1.457680e-10   5.857631e-04   4.596085e-13   102938
  3.368563e-02   1.280723e-10   5.901325e-04   3.743001e-13   117412
  3.572860e-02   1.160197e-10   5.900212e-04   3.195160e-13   132106
  3.776869e-02   1.039909e-10   5.879385e-04   2.716938e-13   147154
  3.980581e-02   9.317666e-11   5.881164e-04   2.307067e-13   163522
  4.184971e-02   8.455385e-11   5.917380e-04   1.984747e-13   181804
  4.388716e-02   7.694800e-11   5.852792e-04   1.742382e-13   197722
  4.592521e-02   7.047823e-11   5.913571e-04   1.505741e-13   218866
  4.796858e-02   6.562071e-11   5.883333e-04   1.346459e-13   237542
  5.000645e-02   6.051190e-11   5.882751e-04   1.191904e-13   258136
  5.204613e-02   5.635839e-11   5.892119e-04   1.067784e-13   280066
  5.408484e-02   5.251003e-11   5.879532e-04   9.586629e-14   301774
  5.612494e-02   4.935557e-11   5.897386e-04   8.636217e-14   326050
  5.816725e-02   4.662628e-11   5.892357e-04   7.908340e-14   349792
  6.020894e-02   4.404753e-11   5.898220e-04   7.222828e-14   375154
  6.224878e-02   4.154987e-11   5.878390e-04   6.607738e-14   399742
  6.428502e-02   3.951096e-11   5.877282e-04   6.055292e-14   426266
  6.632420e-02   3.726580e-11   5.892967e-04   5.533919e-14   454960
  6.836448e-02   3.526904e-11   5.887382e-04   5.081553e-14   482734
  7.040483e-02   3.337448e-11   5.895060e-04   4.664761e-14   512746
  7.244666e-02   3.152484e-11   5.892082e-04   4.279983e-14   542746
  7.448833e-02   2.950281e-11   5.895081e-04   3.896496e-14   573952
  7.652873e-02   2.776786e-11   5.886192e-04   3.591982e-14   604918
  7.856782e-02   2.618970e-11   5.887181e-04   3.284845e-14   637666
  8.060887e-02   2.448826e-11   5.897344e-04   2.981711e-14   672482
  8.265024e-02   2.303522e-11   5.887854e-04   2.743074e-14   705748
  8.468883e-02   2.151265e-11   5.884884e-04   2.494854e-14   740482
  8.673009e-02   2.011163e-11   5.901845e-04   2.276244e-14   779026
  8.877006e-02   1.878904e-11   5.875992e-04   2.084872e-14   812614
  9.081033e-02   1.761843e-11   5.902277e-04   1.908702e-14   854200
  9.285241e-02   1.654652e-11   5.887737e-04   1.754595e-14   890746
  9.489189e-02   1.554448e-11   5.888028e-04   1.609434e-14   930394
  9.693174e-02   1.465050e-11   5.888121e-04   1.490331e-14   970982
  9.897209e-02   1.382545e-11   5.890745e-04   1.375150e-14   1012600
  1.010137e-01   1.308001e-11   5.897237e-04   1.275397e-14   1055890
  1.030542e-01   1.242180e-11   5.884073e-04   1.192060e-14   1096630
  1.050933e-01   1.181297e-11   5.887890e-04   1.107225e-14   1141378
  1.071337e-01   1.128737e-11   5.890564e-04   1.037898e-14   1186552
  1.091740e-01   1.081916e-11   5.889981e-04   9.761701e-15   1231798
  1.112148e-01   1.038982e-11   5.893633e-04   9.211201e-15   1279234
  1.132559e-01   1.001960e-11   5.890093e-04   8.719103e-15   1325906
  1.152965e-01   9.677189e-12   5.891197e-04   8.268760e-15   1374352
  1.173364e-01   9.342446e-12   5.886007e-04   7.852667e-15   1421950
  1.193758e-01   9.069170e-12   5.890300e-04   7.482827e-15   1472962
  1.214157e-01   8.768277e-12   5.886064e-04   7.111545e-15   1522954
  1.234545e-01   8.481866e-12   5.884752e-04   6.773350e-15   1573804
  1.254965e-01   8.220853e-12   5.906693e-04   6.436940e-15   1632274
  1.275390e-01   7.950609e-12   5.886302e-04   6.136052e-15   1680226
  1.295769e-01   7.676404e-12   5.879889e-04   5.846584e-15   1732682
  1.316167e-01   7.413864e-12   5.894980e-04   5.539695e-15   1792204
  1.336589e-01   7.153104e-12   5.896575e-04   5.261955e-15   1848298
  1.356989e-01   6.879012e-12   5.883050e-04   5.004323e-15   1901050
  1.377383e-01   6.603260e-12   5.890297e-04   4.713320e-15   1961326
  1.397792e-01   6.330455e-12   5.892228e-04   4.465207e-15   2020312
  1.418209e-01   6.080234e-12   5.895741e-04   4.218975e-15   2080930
  1.438627e-01   5.815773e-12   5.893024e-04   3.979227e-15   2140390
  1.459026e-01   5.567958e-12   5.883405e-04   3.763828e-15   2198162
  1.479427e-01   5.318951e-12   5.893956e-04   3.536828e-15   2263864
  1.499842e-01   5.089103e-12   5.893769e-04   3.336826e-15   2326426
  1.520249e-01   4.865379e-12   5.889045e-04   3.147323e-15   2388550
  1.540650e-01   4.649616e-12   5.888570e-04   2.966339e-15   2453098
  1.561047e-01   4.455888e-12   5.886971e-04   2.809201e-15   2517592
  1.581449e-01   4.281207e-12   5.892905e-04   2.669745e-15   2586070
  1.601854e-01   4.105880e-12   5.889181e-04   2.522863e-15   2651842
  1.622257e-01   3.948687e-12   5.889579e-04   2.388368e-15   2720330
  1.642669e-01   3.806858e-12   5.894439e-04   2.282252e-15   2791156
  1.663078e-01   3.677947e-12   5.889934e-04   2.177939e-15   2858554
  1.683481e-01   3.558054e-12   5.890635e-04   2.079722e-15   2929594
  1.703877e-01   3.450077e-12   5.885431e-04   1.992337e-15   2998762
  1.724278e-01   3.348811e-12   5.891948e-04   1.912000e-15   3074188
  1.744675e-01   3.263440e-12   5.885376e-04   1.839896e-15   3143482
  1.765088e-01   3.177169e-12   5.900653e-04   1.768654e-15   3226186
  1.785498e-01   3.096081e-12   5.882615e-04   1.711391e-15   3291158
  1.805901e-01   3.023132e-12   5.897179e-04   1.646643e-15   3375112
  1.826317e-01   2.955033e-12   5.890290e-04   1.592965e-15   3447658
  1.846719e-01   2.883031e-12   5.889171e-04   1.537111e-15   3524626
  1.867120e-01   2.814820e-12   5.888543e-04   1.485662e-15   3602998
  1.887512e-01   2.748174e-12   5.883706e-04   1.433536e-15   3678592
  1.907908e-01   2.679079e-12   5.892546e-04   1.380977e-15   3764122
  1.928324e-01   2.612213e-12   5.894579e-04   1.333215e-15   3846598
  1.948727e-01   2.546989e-12   5.885077e-04   1.285967e-15   3922250
  1.969136e-01   2.476582e-12   5.896943e-04   1.238567e-15   4013032
  1.989552e-01   2.406323e-12   5.889700e-04   1.189318e-15   4091182
  2.009950e-01   2.336693e-12   5.887664e-04   1.145268e-15   4174282
  2.030353e-01   2.267617e-12   5.891040e-04   1.099249e-15   4261978
  2.050762e-01   2.196392e-12   5.892160e-04   1.053462e-15   4348624
  2.071163e-01   2.128829e-12   5.886637e-04   1.011732e-15   4431430
  2.091564e-01   2.059808e-12   5.892138e-04   9.696570e-16   4523290
  2.111972e-01   1.995499e-12   5.891043e-04   9.306920e-16   4611386
  2.132376e-01   1.932282e-12   5.888473e-04   8.929280e-16   4698814
  2.152782e-01   1.870917e-12   5.893426e-04   8.548155e-16   4792984
  2.173194e-01   1.812861e-12   5.892017e-04   8.205596e-16   4883194
  2.193596e-01   1.753461e-12   5.887755e-04   7.874080e-16   4971694
  2.214001e-01   1.699928e-12   5.893212e-04   7.558485e-16   5069434
  2.234405e-01   1.652596e-12   5.886957e-04   7.283956e-16   5157736
  2.254804e-01   1.605009e-12   5.891220e-04   7.019582e-16   5256202
  2.275212e-01   1.560014e-12   5.891252e-04   6.754589e-16   5351990
  2.295614e-01   1.518893e-12   5.887454e-04   6.515002e-16   5444914
  2.316024e-01   1.480505e-12   5.895775e-04   6.286605e-16   5550088
  2.336441e-01   1.445028e-12   5.892314e-04   6.082606e-16   5644774
  2.356844e-01   1.410266e-12   5.887291e-04   5.893586e-16   5739034
  2.377243e-01   1.379783e-12   5.889493e-04   5.717093e-16   5841154
  2.397648e-01   1.349176e-12   5.891188e-04   5.538212e-16   5943448
  2.418057e-01   1.320951e-12   5.891894e-04   5.376821e-16   6045670
  2.438457e-01   1.295189e-12   5.886738e-04   5.230335e-16   6142586
  2.458857e-01   1.268271e-12   5.890965e-04   5.075092e-16   6250738
  2.479269e-01   1.242870e-12   5.893339e-04   4.936096e-16   6357172
  2.499678e-01   1.217494e-12   5.890271e-04   4.794944e-16   6458506
  2.520084e-01   1.193581e-12   5.891472e-04   4.661555e-16   6566290
  2.540484e-01   1.168098e-12   5.886483e-04   4.531952e-16   6667414
  2.560881e-01   1.144108e-12   5.889729e-04   4.396252e-16   6778336
  2.581289e-01   1.121086e-12   5.893065e-04   4.274345e-16   6890218
  2.601690e-01   1.096996e-12   5.886464e-04   4.154159e-16   6992306
  2.622097e-01   1.072461e-12   5.895050e-04   4.029742e-16   7113454
  2.642508e-01   1.049060e-12   5.888931e-04   3.912739e-16   7216216
  2.662907e-01   1.024380e-12   5.889220e-04   3.786535e-16   7328218
  2.683311e-01   1.000257e-12   5.891504e-04   3.672216e-16   7444414
  2.703714e-01   9.759334e-13   5.887477e-04   3.557755e-16   7553290
  2.724122e-01   9.527519e-13   5.894442e-04   3.444379e-16   7676368
  2.744529e-01   9.304399e-13   5.888427e-04   3.342554e-16   7783150
  2.764932e-01   9.071363e-13   5.891771e-04   3.232130e-16   7904570
  2.785337e-01   8.845567e-13   5.888377e-04   3.131160e-16   8017570
  2.805747e-01   8.634799e-13   5.894749e-04   3.031559e-16   8143840
  2.826158e-01   8.431503e-13   5.889589e-04   2.940829e-16   8255134
  2.846555e-01   8.225547e-13   5.886996e-04   2.848290e-16   8371450
  2.866957e-01   8.035044e-13   5.891278e-04   2.763293e-16   8498578
  2.887371e-01   7.854588e-13   5.893995e-04   2.679956e-16   8623180
  2.907783e-01   7.680104e-13   5.891794e-04   2.604027e-16   8742034
  2.928185e-01   7.512940e-13   5.887409e-04   2.530338e-16   8859194
  2.948582e-01   7.349042e-13   5.888043e-04   2.457735e-16   8984386
  2.968984e-01   7.202562e-13   5.889953e-04   2.391656e-16   9111652
  2.989394e-01   7.057489e-13   5.894313e-04   2.326176e-16   9243322
  3.009801e-01   6.916986e-13   5.888434e-04   2.267273e-16   9361378
  3.030204e-01   6.785774e-13   5.890316e-04   2.209557e-16   9491998
  3.050606e-01   6.662532e-13   5.889315e-04   2.153457e-16   9618016
  3.071010e-01   6.541440e-13   5.891205e-04   2.101759e-16   9750178
  3.091413e-01   6.413410e-13   5.888404e-04   2.046094e-16   9875558
  3.111820e-01   6.311412e-13   5.893640e-04   1.999731e-16   10015834
  3.132223e-01   6.189053e-13   5.885801e-04   1.950319e-16   10133344
  3.152627e-01   6.081630e-13   5.895529e-04   1.903014e-16   10282522
  3.173040e-01   5.975320e-13   5.889812e-04   1.858428e-16   10406974
  3.193437e-01   5.861843e-13   5.886096e-04   1.812542e-16   10534378
  3.213841e-01   5.758953e-13   5.894405e-04   1.766142e-16   10684456
  3.234254e-01   5.658096e-13   5.890917e-04   1.725119e-16   10813894
  3.254654e-01   5.551923e-13   5.887488e-04   1.684413e-16   10944626
  3.275058e-01   5.448284e-13   5.892300e-04   1.641930e-16   11091802
  3.295466e-01   5.345565e-13   5.889694e-04   1.601259e-16   11224756
  3.315871e-01   5.241169e-13   5.891399e-04   1.559235e-16   11367730
  3.336279e-01   5.144396e-13   5.891097e-04   1.521471e-16   11507890
  3.356680e-01   5.045685e-13   5.886912e-04   1.484023e-16   11640658
  3.377084e-01   4.946999e-13   5.893412e-04   1.447311e-16   11795380
  3.397495e-01   4.848737e-13   5.891216e-04   1.408887e-16   11933434
  3.417900e-01   4.753738e-13   5.889963e-04   1.373936e-16   12074954
  3.438308e-01   4.663925e-13   5.892532e-04   1.339218e-16   12225142
  3.458709e-01   4.573020e-13   5.885745e-04   1.306611e-16   12356104
  3.479106e-01   4.484029e-13   5.891058e-04   1.272915e-16   12513442
  3.499516e-01   4.401540e-13   5.892873e-04   1.241835e-16   12664810
  3.519928e-01   4.314580e-13   5.891937e-04   1.210550e-16   12811246
  3.540334e-01   4.235706e-13   5.889181e-04   1.181382e-16   12953536
  3.560735e-01   4.159469e-13   5.890044e-04   1.154979e-16   13105042
  3.581140e-01   4.081841e-13   5.891192e-04   1.125831e-16   13258670
  3.601546e-01   4.011023e-13   5.890325e-04   1.101093e-16   13408738
  3.621953e-01   3.940206e-13   5.890899e-04   1.075176e-16   13562320
  3.642355e-01   3.873996e-13   5.888450e-04   1.052522e-16   13709062
  3.662757e-01   3.805414e-13   5.891202e-04   1.026289e-16   13870258
  3.683171e-01   3.741826e-13   5.894186e-04   1.004137e-16   14032714
  3.703575e-01   3.681390e-13   5.886241e-04   9.837044e-17   14169232
  3.723976e-01   3.621897e-13   5.891956e-04   9.620679e-17   14339422
  3.744381e-01   3.561832e-13   5.888919e-04   9.409537e-17   14489330
  3.764785e-01   3.504130e-13   5.891282e-04   9.202085e-17   14654458
  3.785190e-01   3.448689e-13   5.889293e-04   9.022171e-17   14808292
  3.805593e-01   3.393793e-13   5.890179e-04   8.821375e-17   14970130
  3.825997e-01   3.341338e-13   5.890254e-04   8.642911e-17   15131626
  3.846399e-01   3.287615e-13   5.888648e-04   8.461415e-17   15289198
  3.866807e-01   3.236482e-13   5.894136e-04   8.281952e-17   15466552
  3.887217e-01   3.182901e-13   5.889267e-04   8.104701e-17   15616714
  3.907617e-01   3.131691e-13   5.889009e-04   7.938770e-17   15780506
  3.928022e-01   3.080967e-13   5.891699e-04   7.767612e-17   15953542
  3.948433e-01   3.033425e-13   5.892495e-04   7.604410e-17   16121296
  3.968834e-01   2.983312e-13   5.886227e-04   7.451873e-17   16270762
  3.989235e-01   2.932461e-13   5.892919e-04   7.280814e-17   16457182
  4.009646e-01   2.886130e-13   5.891739e-04   7.128244e-17   16623562
  4.030052e-01   2.838015e-13   5.889160e-04   6.975428e-17   16785784
  4.050455e-01   2.793733e-13   5.890644e-04   6.833749e-17   16959370
  4.070861e-01   2.748011e-13   5.891235e-04   6.689283e-17   17132774
  4.091266e-01   2.700236e-13   5.889569e-04   6.545246e-17   17300602
  4.111672e-01   2.656161e-13   5.891834e-04   6.401909e-17   17480656
  4.132078e-01   2.614321e-13   5.889644e-04   6.274004e-17   17647558
  4.152481e-01   2.572468e-13   5.890172e-04   6.145550e-17   17823778
  4.172887e-01   2.533813e-13   5.890581e-04   6.019328e-17   18001594
  4.193290e-01   2.493220e-13   5.888841e-04   5.897256e-17   18172300
  4.213694e-01   2.452709e-13   5.891306e-04   5.776660e-17   18356770
  4.234105e-01   2.414848e-13   5.893313e-04   5.661699e-17   18541082
  4.254516e-01   2.377905e-13   5.891095e-04   5.545445e-17   18713914
  4.274917e-01   2.341357e-13   5.886533e-04   5.441109e-17   18879742
  4.295318e-01   2.305195e-13   5.892187e-04   5.326083e-17   19077592
  4.315727e-01   2.271196e-13   5.891074e-04   5.221316e-17   19255474
  4.336133e-01   2.236910e-13   5.890497e-04   5.120305e-17   19436278
  4.356531e-01   2.204651e-13   5.886327e-04   5.029792e-17   19605994
  4.376936e-01   2.172644e-13   5.894559e-04   4.931386e-17   19817344
  4.397347e-01   2.142281e-13   5.889775e-04   4.838543e-17   19985702
  4.417750e-01   2.108222e-13   5.890630e-04   4.741965e-17   20175730
  4.438152e-01   2.078548e-13   5.887860e-04   4.656148e-17   20352682
  4.458557e-01   2.049836e-13   5.893597e-04   4.571548e-17   20559616
  4.478969e-01   2.019875e-13   5.891648e-04   4.484939e-17   20741518
  4.499369e-01   1.991919e-13   5.886230e-04   4.404020e-17   20912026
  4.519768e-01   1.962598e-13   5.891225e-04   4.318564e-17   21121018
  4.540176e-01   1.934756e-13   5.890883e-04   4.240619e-17   21310012
  4.560579e-01   1.907294e-13   5.889301e-04   4.163546e-17   21496154
  4.580989e-01   1.880458e-13   5.893557e-04   4.085324e-17   21705946
  4.601398e-01   1.853176e-13   5.889070e-04   4.007719e-17   21882562
  4.621802e-01   1.827159e-13   5.891458e-04   3.936009e-17   22085428
  4.642214e-01   1.801204e-13   5.893143e-04   3.864382e-17   22287106
  4.662615e-01   1.774813e-13   5.885500e-04   3.795140e-17   22455010
  4.683013e-01   1.750998e-13   5.890571e-04   3.726891e-17   22671694
  4.703421e-01   1.725229e-13   5.892012e-04   3.656046e-17   22874368
  4.723830e-01   1.701283e-13   5.891203e-04   3.591986e-17   23070146
  4.744235e-01   1.677380e-13   5.889653e-04   3.528187e-17   23264038
  4.764637e-01   1.653424e-13   5.889570e-04   3.461791e-17   23464210
  4.785045e-01   1.630084e-13   5.893101e-04   3.397522e-17   23679208
  4.805453e-01   1.607516e-13   5.889894e-04   3.339037e-17   23868658
  4.825856e-01   1.583940e-13   5.889440e-04   3.277544e-17   24070582
  4.846259e-01   1.563098e-13   5.890549e-04   3.219839e-17   24278842
  4.866664e-01   1.540573e-13   5.890268e-04   3.162160e-17   24482272
  4.887069e-01   1.519315e-13   5.890750e-04   3.106360e-17   24689510
  4.907474e-01   1.499269e-13   5.890195e-04   3.053533e-17   24894634
  4.927881e-01   1.479266e-13   5.891565e-04   3.000864e-17   25108474
  4.948289e-01   1.458181e-13   5.890919e-04   2.945151e-17   25313116
  4.968692e-01   1.439425e-13   5.889389e-04   2.898047e-17   25515970
  4.989095e-01   1.420387e-13   5.889848e-04   2.847358e-17   25727962
  5.009501e-01   1.400904e-13   5.892016e-04   2.797644e-17   25948954
  5.029911e-01   1.382552e-13   5.891242e-04   2.751241e-17   26157220
  5.050312e-01   1.364640e-13   5.887329e-04   2.706061e-17   26351546
  5.070713e-01   1.347211e-13   5.891599e-04   2.661705e-17   26585314
  5.091124e-01   1.329512e-13   5.891783e-04   2.615740e-17   26800630
  5.111529e-01   1.312073e-13   5.889142e-04   2.573434e-17   27003376
  5.131928e-01   1.294767e-13   5.887939e-04   2.530804e-17   27213202
  5.152333e-01   1.277612e-13   5.893371e-04   2.485664e-17   27455194
  5.172745e-01   1.261479e-13   5.891605e-04   2.445768e-17   27666070
  5.193150e-01   1.246293e-13   5.888642e-04   2.407712e-17   27870280
  5.213548e-01   1.229119e-13   5.888416e-04   2.365948e-17   28088090
  5.233952e-01   1.213423e-13   5.892064e-04   2.326638e-17   28326262
  5.254363e-01   1.198942e-13   5.891855e-04   2.290822e-17   28546906
  5.274771e-01   1.183461e-13   5.890514e-04   2.254362e-17   28762552
  5.295175e-01   1.168379e-13   5.889643e-04   2.218405e-17   28979734
  5.315579e-01   1.152743e-13   5.891116e-04   2.180032e-17   29211106
  5.335984e-01   1.138845e-13   5.890058e-04   2.146593e-17   29431738
  5.356386e-01   1.124678e-13   5.888449e-04   2.112273e-17   29648776
  5.376788e-01   1.110127e-13   5.891295e-04   2.077794e-17   29888654
  5.397198e-01   1.096270e-13   5.892792e-04   2.044147e-17   30123490
  5.417605e-01   1.082156e-13   5.889187e-04   2.012116e-17   30334570
  5.438008e-01   1.068857e-13   5.889866e-04   1.980609e-17   30566524
  5.458411e-01   1.055722e-13   5.890413e-04   1.948541e-17   30798370
  5.478823e-01   1.042260e-13   5.894562e-04   1.917358e-17   31052026
  5.499229e-01   1.029768e-13   5.886551e-04   1.888969e-17   31241782
  5.519630e-01   1.017203e-13   5.891853e-04   1.858762e-17   31502128
  5.540036e-01   1.004583e-13   5.889524e-04   1.830239e-17   31721474
  5.560439e-01   9.919941e-14   5.890206e-04   1.801605e-17   31960210
  5.580845e-01   9.796033e-14   5.890910e-04   1.772875e-17   32200582
  5.601251e-01   9.678033e-14   5.889897e-04   1.745392e-17   32429512
  5.621660e-01   9.562956e-14   5.893423e-04   1.718576e-17   32685226
  5.642068e-01   9.445802e-14   5.889439e-04   1.693493e-17   32900830
  5.662468e-01   9.337689e-14   5.888631e-04   1.668803e-17   33135682
  5.682871e-01   9.218374e-14   5.890598e-04   1.641053e-17   33385288
  5.703276e-01   9.113440e-14   5.890887e-04   1.617146e-17   33625706
  5.723684e-01   9.004128e-14   5.891781e-04   1.592132e-17   33873550
  5.744087e-01   8.895255e-14   5.887629e-04   1.568873e-17   34091770
  5.764491e-01   8.791805e-14   5.892514e-04   1.546307e-17   34362160
  5.784901e-01   8.687072e-14   5.891116e-04   1.522332e-17   34597030
  5.805305e-01   8.587411e-14   5.889745e-04   1.501244e-17   34833682
  5.825710e-01   8.488130e-14   5.890769e-04   1.478535e-17   35086546
  5.846116e-01   8.385019e-14   5.890950e-04   1.456455e-17   35332420
  5.866518e-01   8.289477e-14   5.888517e-04   1.435389e-17   35564114
  5.886920e-01   8.193001e-14   5.890642e-04   1.414152e-17   35826586
  5.907326e-01   8.096570e-14   5.890274e-04   1.393557e-17   36074074
  5.927732e-01   8.004884e-14   5.890922e-04   1.373287e-17   36327004
  5.948140e-01   7.912681e-14   5.891619e-04   1.353791e-17   36580138
  5.968547e-01   7.822845e-14   5.890473e-04   1.334656e-17   36825370
  5.988952e-01   7.735099e-14   5.890096e-04   1.315829e-17   37076638
  6.009355e-01   7.643220e-14   5.889604e-04   1.296088e-17   37325632
  6.029761e-01   7.552454e-14   5.891712e-04   1.277108e-17   37592090
  6.050167e-01   7.470496e-14   5.889486e-04   1.259690e-17   37832974
  6.070568e-01   7.386406e-14   5.888939e-04   1.242506e-17   38086018
  6.090973e-01   7.301689e-14   5.891995e-04   1.223843e-17   38361616
  6.111381e-01   7.215065e-14   5.890389e-04   1.206455e-17   38608210
  6.131788e-01   7.138820e-14   5.892079e-04   1.190107e-17   38877934
  6.152192e-01   7.057917e-14   5.887809e-04   1.173740e-17   39108874
  6.172596e-01   6.980671e-14   5.892266e-04   1.156578e-17   39398656
  6.193004e-01   6.903500e-14   5.890403e-04   1.141536e-17   39645902
  6.213404e-01   6.821979e-14   5.887997e-04   1.125105e-17   39891802
  6.233811e-01   6.751254e-14   5.894056e-04   1.109608e-17   40195954
  6.254216e-01   6.673147e-14   5.886742e-04   1.094088e-17   40409056
  6.274620e-01   6.602429e-14   5.893381e-04   1.079469e-17   40719214
  6.295030e-01   6.528114e-14   5.890616e-04   1.064443e-17   40964602
  6.315433e-01   6.457967e-14   5.889302e-04   1.050569e-17   41222506
  6.335835e-01   6.384718e-14   5.889576e-04   1.035623e-17   41491060
  6.356241e-01   6.315297e-14   5.892017e-04   1.021264e-17   41775242
  6.376651e-01   6.247401e-14   5.891830e-04   1.007794e-17   42043402
  6.397057e-01   6.181403e-14   5.889444e-04   9.945868e-18   42295582
  6.417458e-01   6.110390e-14   5.888860e-04   9.805190e-18   42562282
  6.437862e-01   6.046739e-14   5.891497e-04   9.678035e-18   42852256
  6.458265e-01   5.981303e-14   5.887767e-04   9.551558e-18   43096474
  6.478673e-01   5.918357e-14   5.894924e-04   9.425191e-18   43423174
  6.499084e-01   5.856290e-14   5.889163e-04   9.302195e-18   43653706
  6.519483e-01   5.795586e-14   5.888221e-04   9.186256e-18   43920752
  6.539889e-01   5.730171e-14   5.892813e-04   9.059157e-18   44230510
  6.560299e-01   5.672001e-14   5.891350e-04   8.938248e-18   44496178
  6.580701e-01   5.610202e-14   5.887384e-04   8.822213e-18   44743978
  6.601104e-01   5.549555e-14   5.892343e-04   8.704743e-18   45058492
  6.621512e-01   5.492188e-14   5.890803e-04   8.596918e-18   45325234
  6.641921e-01   5.437651e-14   5.891943e-04   8.488684e-18   45614434
  6.662326e-01   5.379743e-14   5.889457e-04   8.379665e-18   45876514
  6.682729e-01   5.322469e-14   5.889645e-04   8.269950e-18   46159076
  6.703132e-01   5.266755e-14   5.890762e-04   8.158901e-18   46448722
  6.723539e-01   5.215614e-14   5.891439e-04   8.064239e-18   46738210
  6.743945e-01   5.158635e-14   5.889835e-04   7.955917e-18   47010094
  6.764347e-01   5.105460e-14   5.889403e-04   7.855388e-18   47291608
  6.784751e-01   5.054425e-14   5.890608e-04   7.762821e-18   47586538
  6.805157e-01   5.001590e-14   5.890811e-04   7.662268e-18   47875162
  6.825563e-01   4.949934e-14   5.890818e-04   7.562515e-18   48164470
  6.845968e-01   4.898779e-14   5.889338e-04   7.468574e-18   48439232
  6.866374e-01   4.849559e-14   5.892484e-04   7.375901e-18   48754090
  6.886783e-01   4.801103e-14   5.890583e-04   7.286904e-18   49029406
  6.907187e-01   4.751838e-14   5.889734e-04   7.199025e-18   49313602
  6.927591e-01   4.704261e-14   5.889961e-04   7.107832e-18   49606816
  6.947992e-01   4.655049e-14   5.888581e-04   7.018164e-18   49886086
  6.968395e-01   4.609881e-14   5.891574e-04   6.934441e-18   50206858
  6.988805e-01   4.562757e-14   5.891832e-04   6.847175e-18   50504674
  7.009210e-01   4.514726e-14   5.888745e-04   6.759947e-18   50771552
  7.029616e-01   4.470771e-14   5.892780e-04   6.679687e-18   51101686
  7.050023e-01   4.428069e-14   5.889489e-04   6.602546e-18   51370378
  7.070426e-01   4.384380e-14   5.889825e-04   6.524725e-18   51672682
  7.090831e-01   4.341148e-14   5.890985e-04   6.446172e-18   51980788
  7.111236e-01   4.298258e-14   5.890280e-04   6.369006e-18   52272682
  7.131641e-01   4.255398e-14   5.890792e-04   6.292629e-18   52579498
  7.152047e-01   4.214175e-14   5.890023e-04   6.218377e-18   52874566
  7.172449e-01   4.171844e-14   5.889167e-04   6.142714e-18   53167808
  7.192858e-01   4.132140e-14   5.894268e-04   6.069072e-18   53515714
  7.213267e-01   4.092256e-14   5.888931e-04   6.002464e-18   53772202
  7.233667e-01   4.052823e-14   5.888686e-04   5.933173e-18   54076486
  7.254071e-01   4.013412e-14   5.891300e-04   5.862061e-18   54404584
  7.274479e-01   3.974160e-14   5.891493e-04   5.793517e-18   54711802
  7.294882e-01   3.936382e-14   5.888354e-04   5.726819e-18   54991006
  7.315285e-01   3.897072e-14   5.891199e-04   5.657534e-18   55327306
  7.335692e-01   3.860783e-14   5.890696e-04   5.591798e-18   55630256
  7.356096e-01   3.823856e-14   5.889727e-04   5.533038e-18   55929562
  7.376503e-01   3.787582e-14   5.891964e-04   5.467263e-18   56263678
  7.396911e-01   3.750245e-14   5.890745e-04   5.401817e-18   56564050
  7.417316e-01   3.716505e-14   5.889839e-04   5.343881e-18   56866744
  7.437721e-01   3.681222e-14   5.891183e-04   5.285627e-18   57191926
  7.458128e-01   3.643594e-14   5.890701e-04   5.219617e-18   57502690
  7.478532e-01   3.610175e-14   5.889499e-04   5.160871e-18   57807346
  7.498935e-01   3.576779e-14   5.890311e-04   5.106221e-18   58128860
  7.519342e-01   3.543508e-14   5.891800e-04   5.048679e-18   58460482
  7.539749e-01   3.510971e-14   5.890194e-04   4.994830e-18   58763242
  7.560154e-01   3.477222e-14   5.890230e-04   4.938761e-18   59082106
  7.580559e-01   3.445108e-14   5.890890e-04   4.880630e-18   59407348
  7.600966e-01   3.413696e-14   5.891168e-04   4.828562e-18   59728954
  7.621372e-01   3.382041e-14   5.890591e-04   4.777334e-18   60046258
  7.641776e-01   3.350273e-14   5.889475e-04   4.723197e-18   60357214
  7.662176e-01   3.319075e-14   5.888944e-04   4.671239e-18   60673376
  7.682580e-01   3.289799e-14   5.891314e-04   4.621478e-18   61021858
  7.702985e-01   3.259490e-14   5.889623e-04   4.572520e-18   61328446
  7.723391e-01   3.230191e-14   5.891467e-04   4.521072e-18   61674178
  7.743799e-01   3.201154e-14   5.890894e-04   4.474502e-18   61993840
  7.764203e-01   3.171007e-14   5.889881e-04   4.425412e-18   62309914
  7.784609e-01   3.141263e-14   5.891064e-04   4.375394e-18   62652022
  7.805015e-01   3.112946e-14   5.890586e-04   4.330670e-18   62975410
  7.825417e-01   3.085087e-14   5.888216e-04   4.285752e-18   63279512
  7.845823e-01   3.058153e-14   5.893386e-04   4.237727e-18   63665182
  7.866232e-01   3.030248e-14   5.889600e-04   4.195302e-18   63955858
  7.886636e-01   3.002962e-14   5.890392e-04   4.149168e-18   64297714
  7.907041e-01   2.977035e-14   5.890386e-04   4.107233e-18   64629700
  7.927448e-01   2.949411e-14   5.891524e-04   4.063682e-18   64975930
  7.947853e-01   2.923179e-14   5.889366e-04   4.020326e-18   65286826
  7.968255e-01   2.898253e-14   5.889848e-04   3.981033e-18   65628514
  7.988660e-01   2.871794e-14   5.890932e-04   3.939347e-18   65976716
  8.009067e-01   2.846440e-14   5.891188e-04   3.898256e-18   66316330
  8.029474e-01   2.821620e-14   5.891266e-04   3.858026e-18   66656650
  8.049878e-01   2.796487e-14   5.888988e-04   3.816513e-18   66970006
  8.070280e-01   2.771941e-14   5.890021e-04   3.780558e-18   67322080
  8.090687e-01   2.748582e-14   5.891875e-04   3.742123e-18   67682866
  8.111095e-01   2.724526e-14   5.890847e-04   3.704426e-18   68012842
  8.131499e-01   2.701119e-14   5.889318e-04   3.667194e-18   68339494
  8.151899e-01   2.677484e-14   5.888723e-04   3.629874e-18   68675096
  8.172305e-01   2.653714e-14   5.892538e-04   3.591531e-18   69064042
  8.192714e-01   2.631972e-14   5.890856e-04   3.557919e-18   69389686
  8.213121e-01   2.607738e-14   5.890987e-04   3.518742e-18   69738706
  8.233525e-01   2.585442e-14   5.888963e-04   3.487132e-18   70061896
  8.253928e-01   2.565086e-14   5.890583e-04   3.453308e-18   70425790
  8.274334e-01   2.542194e-14   5.891196e-04   3.418391e-18   70782370
  8.294740e-01   2.521308e-14   5.889724e-04   3.383895e-18   71116186
  8.315144e-01   2.498937e-14   5.890852e-04   3.350760e-18   71480024
  8.335549e-01   2.479015e-14   5.889597e-04   3.320557e-18   71814742
  8.355952e-01   2.457172e-14   5.890040e-04   3.287353e-18   72171202
  8.376358e-01   2.436870e-14   5.891439e-04   3.255802e-18   72543490
  8.396764e-01   2.416131e-14   5.889798e-04   3.224144e-18   72876820
  8.417169e-01   2.394915e-14   5.891365e-04   3.190587e-18   73248754
  8.437576e-01   2.376026e-14   5.891037e-04   3.163324e-18   73600714
  8.457981e-01   2.356067e-14   5.889516e-04   3.132403e-18   73939270
  8.478382e-01   2.335713e-14   5.889091e-04   3.101021e-18   74291714
  8.498788e-01   2.316631e-14   5.891854e-04   3.071826e-18   74682904
  8.519197e-01   2.298456e-14   5.891690e-04   3.044357e-18   75039298
  8.539602e-01   2.278373e-14   5.889132e-04   3.014531e-18   75368014
  8.560003e-01   2.259838e-14   5.889846e-04   2.986240e-18   75738490
  8.580410e-01   2.241465e-14   5.891817e-04   2.958391e-18   76124728
  8.600820e-01   2.222461e-14   5.891792e-04   2.930095e-18   76485862
  8.621224e-01   2.204701e-14   5.888897e-04   2.904484e-18   76813090
  8.641626e-01   2.186208e-14   5.890167e-04   2.874917e-18   77193586
  8.662032e-01   2.169058e-14   5.891008e-04   2.850845e-18   77568920
  8.682439e-01   2.150969e-14   5.890797e-04   2.822895e-18   77932510
  8.702844e-01   2.132958e-14   5.890060e-04   2.797013e-18   78289906
  8.723247e-01   2.116357e-14   5.889774e-04   2.772350e-18   78654682
  8.743654e-01   2.100064e-14   5.891909e-04   2.747418e-18   79049980
  8.764061e-01   2.082672e-14   5.890049e-04   2.722025e-18   79394074
  8.784467e-01   2.065434e-14   5.891673e-04   2.696623e-18   79787746
  8.804872e-01   2.048602e-14   5.888641e-04   2.673002e-18   80116310
  8.825277e-01   2.032798e-14   5.892283e-04   2.649172e-18   80537248
  8.845683e-01   2.016708e-14   5.889696e-04   2.625185e-18   80874346
  8.866088e-01   2.000913e-14   5.890951e-04   2.602820e-18   81267106
  8.886491e-01   1.984256e-14   5.888459e-04   2.578654e-18   81607390
  8.906896e-01   1.969179e-14   5.892322e-04   2.555938e-18   82033216
  8.927304e-01   1.953347e-14   5.890849e-04   2.533992e-18   82389442
  8.947709e-01   1.938437e-14   5.890077e-04   2.513610e-18   82756750
  8.968112e-01   1.922649e-14   5.889537e-04   2.489982e-18   83127570
  8.988518e-01   1.908653e-14   5.891942e-04   2.469401e-18   83539896
  9.008923e-01   1.893237e-14   5.889042e-04   2.446695e-18   83876998
  9.029325e-01   1.877979e-14   5.889931e-04   2.424392e-18   84272266
  9.049728e-01   1.863998e-14   5.889738e-04   2.404538e-18   84651082
  9.070134e-01   1.849809e-14   5.891428e-04   2.385833e-18   85056616
  9.090543e-01   1.835169e-14   5.891807e-04   2.363671e-18   85445494
  9.110948e-01   1.821444e-14   5.889254e-04   2.344566e-18   85792786
  9.131350e-01   1.806469e-14   5.889368e-04   2.322237e-18   86180690
  9.151757e-01   1.793586e-14   5.892597e-04   2.304286e-18   86612164
  9.172167e-01   1.779391e-14   5.890802e-04   2.284285e-18   86971186
  9.192569e-01   1.766136e-14   5.888405e-04   2.267779e-18   87324466
  9.212972e-01   1.752474e-14   5.891010e-04   2.246594e-18   87752002
  9.233379e-01   1.739015e-14   5.890933e-04   2.227217e-18   88139236
  9.253786e-01   1.726103e-14   5.891287e-04   2.209796e-18   88533010
  9.274193e-01   1.713299e-14   5.890668e-04   2.191983e-18   88915954
  9.294595e-01   1.700242e-14   5.888228e-04   2.173887e-18   89270822
  9.314999e-01   1.686963e-14   5.891979e-04   2.154560e-18   89718808
  9.335406e-01   1.675728e-14   5.890541e-04   2.140408e-18   90089986
  9.355812e-01   1.662088e-14   5.890655e-04   2.120666e-18   90486622
  9.376216e-01   1.649346e-14   5.889861e-04   2.102399e-18   90871474
  9.396619e-01   1.637761e-14   5.889761e-04   2.086660e-18   91264264
  9.417025e-01   1.625522e-14   5.891416e-04   2.070022e-18   91685746
  9.437433e-01   1.613611e-14   5.891100e-04   2.053252e-18   92079934
  9.457837e-01   1.602309e-14   5.889511e-04   2.037481e-18   92453258
  9.478243e-01   1.590176e-14   5.891894e-04   2.021314e-18   92890216
  9.498651e-01   1.578344e-14   5.890426e-04   2.004221e-18   93266086
  9.519055e-01   1.566659e-14   5.890148e-04   1.988693e-18   93664042
  9.539457e-01   1.554835e-14   5.889223e-04   1.972550e-18   94053754
  9.559861e-01   1.544021e-14   5.890673e-04   1.957178e-18   94478140
  9.580268e-01   1.532777e-14   5.891065e-04   1.942228e-18   94886986
  9.600674e-01   1.521492e-14   5.890780e-04   1.926629e-18   95286706
  9.621079e-01   1.510334e-14   5.889851e-04   1.912367e-18   95678762
  9.641484e-01   1.500250e-14   5.890983e-04   1.897702e-18   96104164
  9.661890e-01   1.489614e-14   5.890216e-04   1.883670e-18   96496690
  9.682295e-01   1.478542e-14   5.890990e-04   1.867787e-18   96918514
  9.702700e-01   1.467976e-14   5.889726e-04   1.854218e-18   97307278
  9.723103e-01   1.457451e-14   5.889587e-04   1.840533e-18   97714024
  9.743507e-01   1.447356e-14   5.890832e-04   1.827036e-18   98144122
  9.763914e-01   1.437266e-14   5.891285e-04   1.813808e-18   98563450
  9.784320e-01   1.426520e-14   5.890115e-04   1.798956e-18   98958470
  9.804726e-01   1.416425e-14   5.891125e-04   1.784976e-18   99387304
  9.825132e-01   1.406530e-14   5.890140e-04   1.772746e-18   99783106
  9.845537e-01   1.396900e-14   5.890821e-04   1.759962e-18   100210006
  9.865943e-01   1.386817e-14   5.890932e-04   1.745744e-18   100629538
  9.886348e-01   1.376966e-14   5.889573e-04   1.732679e-18   101022376
  9.906752e-01   1.367865e-14   5.890929e-04   1.720820e-18   101460742
  9.927158e-01   1.358485e-14   5.890716e-04   1.709429e-18   101877442
  9.947564e-01   1.348644e-14   5.890420e-04   1.694673e-18   102292778
  9.967968e-01   1.339088e-14   5.890077e-04   1.682887e-18   102706408
  9.988372e-01   1.330735e-14   5.889909e-04   1.671883e-18   103122910
  1.000878e+00   1.321493e-14   5.892507e-04   1.660288e-18   103590466
  1.002919e+00   1.312213e-14   5.888999e-04   1.647639e-18   103954594
  1.004959e+00   1.303258e-14   5.890683e-04   1.635351e-18   104405908
  1.006999e+00   1.294818e-14   5.890337e-04   1.624868e-18   104822674
  1.009040e+00   1.285879e-14   5.890259e-04   1.612771e-18   105248338
  1.011080e+00   1.277015e-14   5.890549e-04   1.601104e-18   105680174
  1.013121e+00   1.268408e-14   5.890587e-04   1.589631e-18   106107160
  1.015162e+00   1.260301e-14   5.890621e-04   1.579185e-18   106532746
  1.017202e+00   1.251806e-14   5.891714e-04   1.567868e-18   106983178
  1.019243e+00   1.242985e-14   5.889310e-04   1.556426e-18   107371678
  1.021283e+00   1.234873e-14   5.890781e-04   1.546679e-18   107825992
  1.023324e+00   1.226718e-14   5.890801e-04   1.536798e-18   108256762
  1.025365e+00   1.218220e-14   5.891196e-04   1.525113e-18   108697078
  1.027405e+00   1.210360e-14   5.888618e-04   1.516174e-18   109084106
  1.029445e+00   1.202740e-14   5.891123e-04   1.505107e-18   109563256
  1.031486e+00   1.194765e-14   5.890696e-04   1.494898e-18   109987786
  1.033526e+00   1.186911e-14   5.889856e-04   1.484985e-18   110410582
  1.035567e+00   1.179187e-14   5.890199e-04   1.475450e-18   110853658
  1.037607e+00   1.171415e-14   5.890374e-04   1.465599e-18   111292432
  1.039648e+00   1.163746e-14   5.891366e-04   1.455558e-18   111749038
  1.041688e+00   1.156099e-14   5.890194e-04   1.445531e-18   112167322
  1.043729e+00   1.148856e-14   5.889359e-04   1.436736e-18   112593170
  1.045769e+00   1.141214e-14   5.890781e-04   1.426704e-18   113059180
  1.047810e+00   1.133988e-14   5.891946e-04   1.417436e-18   113522842
  1.049851e+00   1.126913e-14   5.890529e-04   1.408823e-18   113938834
  1.051891e+00   1.119594e-14   5.889550e-04   1.399591e-18   114363730
  1.053931e+00   1.112416e-14   5.890529e-04   1.390694e-18   114826132
  1.055972e+00   1.105516e-14   5.891222e-04   1.382908e-18   115283146
  1.058013e+00   1.098441e-14   5.890429e-04   1.372949e-18   115714858
  1.060053e+00   1.091383e-14   5.889720e-04   1.364611e-18   116148350
  1.062094e+00   1.084229e-14   5.890966e-04   1.354479e-18   116621074
  1.064134e+00   1.077911e-14   5.891391e-04   1.347199e-18   117076912
  1.066175e+00   1.071358e-14   5.888940e-04   1.339513e-18   117476014
  1.068215e+00   1.064237e-14   5.891403e-04   1.330102e-18   117977266
  1.070256e+00   1.057366e-14   5.890586e-04   1.321491e-18   118411330
  1.072296e+00   1.051343e-14   5.890633e-04   1.314403e-18   118863808
  1.074337e+00   1.044985e-14   5.890300e-04   1.305965e-18   119309926
  1.076377e+00   1.038211e-14   5.889436e-04   1.297969e-18   119746154
  1.078418e+00   1.031725e-14   5.890425e-04   1.289153e-18   120222466
  1.080458e+00   1.025776e-14   5.891283e-04   1.282558e-18   120693652
  1.082499e+00   1.019326e-14   5.890784e-04   1.274540e-18   121138738
  1.084539e+00   1.012914e-14   5.890289e-04   1.266199e-18   121586722
  1.086580e+00   1.006935e-14   5.890313e-04   1.258903e-18   122046106
  1.088620e+00   1.001004e-14   5.889919e-04   1.252149e-18   122497588
  1.090661e+00   9.949523e-15   5.891764e-04   1.244410e-18   122993482
  1.092701e+00   9.888913e-15   5.889184e-04   1.237196e-18   123400850
  1.094742e+00   9.826710e-15   5.891205e-04   1.228963e-18   123906406
  1.096782e+00   9.775419e-15   5.889599e-04   1.223572e-18   124333864
  1.098823e+00   9.715009e-15   5.891264e-04   1.216361e-18   124831762
  1.100863e+00   9.651206e-15   5.889890e-04   1.207989e-18   125266318
  1.102904e+00   9.595615e-15   5.889958e-04   1.201405e-18   125733850
  1.104944e+00   9.543497e-15   5.891866e-04   1.195064e-18   126239536
  1.106985e+00   9.486760e-15   5.891189e-04   1.188094e-18   126690322
  1.109026e+00   9.430619e-15   5.888320e-04   1.182351e-18   127097390
  1.111066e+00   9.372784e-15   5.891291e-04   1.174062e-18   127630450
  1.113106e+00   9.318088e-15   5.889674e-04   1.167573e-18   128063512
  1.115147e+00   9.266865e-15   5.890953e-04   1.161427e-18   128559646
  1.117188e+00   9.210991e-15   5.891693e-04   1.155379e-18   129048946
  1.119228e+00   9.156383e-15   5.890550e-04   1.147738e-18   129496258
  1.121269e+00   9.105306e-15   5.889277e-04   1.142111e-18   129937804
  1.123309e+00   9.054459e-15   5.891485e-04   1.136403e-18   130460146
  1.125350e+00   9.005332e-15   5.889861e-04   1.130558e-18   130899986
  1.127390e+00   8.949976e-15   5.891261e-04   1.123675e-18   131408914
  1.129431e+00   8.899506e-15   5.889186e-04   1.117873e-18   131836660
  1.131471e+00   8.850442e-15   5.890882e-04   1.111971e-18   132349330
  1.133512e+00   8.799412e-15   5.890483e-04   1.105863e-18   132821674
  1.135552e+00   8.750759e-15   5.890400e-04   1.099815e-18   133298662
  1.137593e+00   8.703654e-15   5.891067e-04   1.094916e-18   133791832
  1.139634e+00   8.653814e-15   5.890647e-04   1.088072e-18   134261290
  1.141674e+00   8.606922e-15   5.890171e-04   1.083122e-18   134732858
  1.143714e+00   8.556152e-15   5.890143e-04   1.077309e-18   135217750
  1.145755e+00   8.509769e-15   5.890521e-04   1.072083e-18   135706048
  1.147795e+00   8.464543e-15   5.890013e-04   1.066224e-18   136176274
  1.149836e+00   8.417107e-15   5.891442e-04   1.060935e-18   136696294
  1.151877e+00   8.368410e-15   5.890157e-04   1.055208e-18   137152594
  1.153917e+00   8.320701e-15   5.890673e-04   1.048904e-18   137650312
  1.155958e+00   8.281295e-15   5.890043e-04   1.045492e-18   138119974
  1.157998e+00   8.234672e-15   5.890392e-04   1.038914e-18   138618410
  1.160039e+00   8.188520e-15   5.890651e-04   1.034340e-18   139115074
  1.162079e+00   8.145385e-15   5.890480e-04   1.029338e-18   139598296
  1.164120e+00   8.104256e-15   5.890599e-04   1.024892e-18   140091382
  1.166160e+00   8.058712e-15   5.889800e-04   1.019148e-18   140564770
  1.168201e+00   8.015544e-15   5.890380e-04   1.013951e-18   141072898
  1.170241e+00   7.972149e-15   5.891634e-04   1.009076e-18   141593980
  1.172282e+00   7.929235e-15   5.890131e-04   1.004389e-18   142050106
  1.174322e+00   7.888582e-15   5.889663e-04   9.997204e-19   142536194
  1.176362e+00   7.843023e-15   5.889976e-04   9.942080e-19   143040214
  1.178403e+00   7.802727e-15   5.892475e-04   9.895650e-19   143596672
  1.180444e+00   7.763583e-15   5.888530e-04   9.853996e-19   143996722
  1.182484e+00   7.724621e-15   5.891408e-04   9.808054e-19   144568426
  1.184525e+00   7.683925e-15   5.890931e-04   9.763003e-19   145057342
  1.186565e+00   7.641937e-15   5.890250e-04   9.714664e-19   145537888
  1.188606e+00   7.602192e-15   5.891118e-04   9.664413e-19   146059714
  1.190647e+00   7.561910e-15   5.890160e-04   9.624215e-19   146538542
  1.192687e+00   7.523205e-15   5.889612e-04   9.579497e-19   147029794
  1.194727e+00   7.486039e-15   5.891413e-04   9.541322e-19   147577264
  1.196768e+00   7.448461e-15   5.890795e-04   9.493520e-19   148064890
  1.198809e+00   7.407599e-15   5.890221e-04   9.453294e-19   148557886
  1.200849e+00   7.367992e-15   5.890890e-04   9.409717e-19   149080594
  1.202890e+00   7.330635e-15   5.889584e-04   9.367069e-19   149553256
  1.204930e+00   6.553873e-15   5.891253e-04   9.016477e-19   150102646
  1.206970e+00   4.292387e-17   5.889829e-04   3.877079e-21   150339167
  1.209010e+00   3.948564e-17   5.890378e-04   3.539754e-21   150110332
  1.211051e+00   3.793157e-17   5.890631e-04   3.399961e-21   149857372
  1.213091e+00   3.663219e-17   5.890038e-04   3.283135e-21   149584516
  1.215132e+00   3.542529e-17   5.890566e-04   3.173114e-21   149337736
  1.217172e+00   3.429539e-17   5.890107e-04   3.069489e-21   149061952
  1.219213e+00   3.324448e-17   5.890279e-04   2.972095e-21   148802188
  1.221253e+00   3.227149e-17   5.891076e-04   2.880519e-21   148556272
  1.223294e+00   3.136305e-17   5.890259e-04   2.796060e-21   148269512
  1.225334e+00   3.050391e-17   5.890700e-04   2.714992e-21   148010200
  1.227375e+00   2.969918e-17   5.890129e-04   2.640743e-21   147723904
  1.229415e+00   2.895526e-17   5.891133e-04   2.569734e-21   147477676
  1.231456e+00   2.825752e-17   5.890481e-04   2.505522e-21   147185992
  1.233497e+00   2.759852e-17   5.890127e-04   2.443965e-21   146900644
  1.235537e+00   2.697986e-17   5.890504e-04   2.386448e-21   146631880
  1.237577e+00   2.640032e-17   5.889396e-04   2.333606e-21   146325472
  1.239618e+00   2.584411e-17   5.890584e-04   2.281647e-21   146072660
  1.241659e+00   2.531574e-17   5.891863e-04   2.232508e-21   145819096
  1.243699e+00   2.481862e-17   5.890275e-04   2.187988e-21   145495612
  1.245740e+00   2.434425e-17   5.890387e-04   2.144702e-21   145211068
  1.247780e+00   2.389083e-17   5.890718e-04   2.103523e-21   144930616
  1.249821e+00   2.344323e-17   5.890299e-04   2.063283e-21   144629560
  1.251861e+00   2.302221e-17   5.889711e-04   2.025216e-21   144324232
  1.253902e+00   2.261989e-17   5.890914e-04   1.988841e-21   144060712
  1.255942e+00   2.222068e-17   5.890700e-04   1.953048e-21   143757068
  1.257983e+00   2.183820e-17   5.890809e-04   1.918984e-21   143463640
  1.260023e+00   2.147259e-17   5.890221e-04   1.887319e-21   143150992
  1.262064e+00   2.111627e-17   5.890436e-04   1.855162e-21   142855228
  1.264104e+00   2.077401e-17   5.890956e-04   1.824930e-21   142566664
  1.266145e+00   2.044117e-17   5.891031e-04   1.796531e-21   142262920
  1.268186e+00   2.011899e-17   5.888973e-04   1.769001e-21   141909196
  1.270226e+00   1.980451e-17   5.891356e-04   1.741467e-21   141658924
  1.272267e+00   1.950176e-17   5.890375e-04   1.715405e-21   141324932
  1.274307e+00   1.921141e-17   5.891107e-04   1.690967e-21   141033184
  1.276348e+00   1.892970e-17   5.889751e-04   1.666873e-21   140687188
  1.278388e+00   1.865223e-17   5.891350e-04   1.643114e-21   140411716
  1.280429e+00   1.839049e-17   5.889705e-04   1.621667e-21   140055724
  1.282469e+00   1.813624e-17   5.890588e-04   1.600289e-21   139758220
  1.284510e+00   1.788770e-17   5.890757e-04   1.579560e-21   139444756
  1.286550e+00   1.764605e-17   5.890521e-04   1.559660e-21   139116736
  1.288591e+00   1.741232e-17   5.889672e-04   1.541279e-21   138773468
  1.290631e+00   1.718401e-17   5.890066e-04   1.522718e-21   138458392
  1.292672e+00   1.696573e-17   5.891008e-04   1.504506e-21   138154300
  1.294712e+00   1.674809e-17   5.890757e-04   1.487619e-21   137819908
  1.296753e+00   1.654081e-17   5.890203e-04   1.471462e-21   137475340
  1.298793e+00   1.633705e-17   5.891002e-04   1.454978e-21   137163196
  1.300834e+00   1.613615e-17   5.890331e-04   1.438739e-21   136814716
  1.302874e+00   1.593961e-17   5.890577e-04   1.423890e-21   136485964
  1.304915e+00   1.574908e-17   5.889350e-04   1.409209e-21   136120808
  1.306955e+00   1.556521e-17   5.891045e-04   1.395115e-21   135821260
  1.308996e+00   1.537711e-17   5.890895e-04   1.380712e-21   135477340
  1.311037e+00   1.519816e-17   5.890947e-04   1.367241e-21   135135100
  1.313077e+00   1.502158e-17   5.889964e-04   1.353673e-21   134770696
  1.315117e+00   1.484539e-17   5.890487e-04   1.340164e-21   134437708
  1.317158e+00   1.467624e-17   5.889430e-04   1.327800e-21   134066500
  1.319198e+00   1.450862e-17   5.890907e-04   1.315036e-21   133752712
  1.321239e+00   1.434544e-17   5.891051e-04   1.303139e-21   133404284
  1.323280e+00   1.418463e-17   5.890537e-04   1.290990e-21   133041004
  1.325320e+00   1.402725e-17   5.890913e-04   1.279605e-21   132694456
  1.327361e+00   1.386837e-17   5.889810e-04   1.268091e-21   132313660
  1.329401e+00   1.372073e-17   5.891286e-04   1.257289e-21   131991472
  1.331442e+00   1.356688e-17   5.890126e-04   1.246122e-21   131604388
  1.333482e+00   1.341941e-17   5.890111e-04   1.235501e-21   131243368
  1.335523e+00   1.327488e-17   5.891086e-04   1.225524e-21   130902220
  1.337563e+00   1.313125e-17   5.889468e-04   1.215519e-21   130501724
  1.339604e+00   1.299180e-17   5.890756e-04   1.205069e-21   130164916
  1.341644e+00   1.285553e-17   5.890219e-04   1.196090e-21   129783760
  1.343685e+00   1.272200e-17   5.892039e-04   1.186802e-21   129455752
  1.345726e+00   1.258599e-17   5.889634e-04   1.177185e-21   129031288
  1.347766e+00   1.245668e-17   5.889860e-04   1.168382e-21   128662564
  1.349806e+00   1.233054e-17   5.890285e-04   1.159601e-21   128297836
  1.351847e+00   1.220074e-17   5.890303e-04   1.150457e-21   127920652
  1.353887e+00   1.208159e-17   5.891574e-04   1.142399e-21   127571336
  1.355928e+00   1.195766e-17   5.890300e-04   1.134253e-21   127164388
  1.357968e+00   1.183502e-17   5.889234e-04   1.125837e-21   126760960
  1.360009e+00   1.172075e-17   5.890605e-04   1.118301e-21   126407464
  1.362049e+00   1.160006e-17   5.891461e-04   1.109902e-21   126039568
  1.364090e+00   1.148498e-17   5.890104e-04   1.102378e-21   125624524
  1.366130e+00   1.136979e-17   5.891311e-04   1.094550e-21   125261068
  1.368171e+00   1.125853e-17   5.890585e-04   1.087495e-21   124856200
  1.370211e+00   1.114706e-17   5.888774e-04   1.079927e-21   124426292
  1.372252e+00   1.104058e-17   5.891363e-04   1.072925e-21   124087552
  1.374293e+00   1.093042e-17   5.890612e-04   1.065705e-21   123676768
  1.376333e+00   1.082293e-17   5.890393e-04   1.058821e-21   123273472
  1.378374e+00   1.071647e-17   5.891145e-04   1.051819e-21   122890852
  1.380414e+00   1.061406e-17   5.889878e-04   1.045073e-21   122463208
  1.382455e+00   1.051191e-17   5.890796e-04   1.038440e-21   122080756
  1.384495e+00   1.041156e-17   5.890985e-04   1.032315e-21   121682008
  1.386536e+00   1.030940e-17   5.888846e-04   1.025623e-21   121230104
  1.388576e+00   1.021263e-17   5.891923e-04   1.019188e-21   120886588
  1.390617e+00   1.011175e-17   5.888887e-04   1.012807e-21   120414880
  1.392657e+00   1.001412e-17   5.890786e-04   1.006685e-21   120043228
  1.394698e+00   9.919240e-18   5.891454e-04   1.000427e-21   119645356
  1.396738e+00   9.824443e-18   5.890259e-04   9.942523e-22   119205016
  1.398779e+00   9.732640e-18   5.890851e-04   9.886347e-22   118802680
  1.400819e+00   9.638176e-18   5.890625e-04   9.824968e-22   118379512
  1.402860e+00   9.547861e-18   5.889283e-04   9.768877e-22   117932660
  1.404900e+00   9.456431e-18   5.891761e-04   9.711711e-22   117563104
  1.406941e+00   9.373501e-18   5.890196e-04   9.664774e-22   117107632
  1.408982e+00   9.282555e-18   5.891150e-04   9.603061e-22   116702908
  1.411022e+00   9.193431e-18   5.889719e-04   9.549264e-22   116248540
  1.413062e+00   9.109364e-18   5.890825e-04   9.498665e-22   115842928
  1.415103e+00   9.025213e-18   5.890403e-04   9.444958e-22   115405216
  1.417143e+00   8.941071e-18   5.889673e-04   9.394433e-22   114957772
  1.419184e+00   8.860863e-18   5.891401e-04   9.342137e-22   114559364
  1.421225e+00   8.777557e-18   5.890398e-04   9.291964e-22   114104656
  1.423265e+00   8.695487e-18   5.890042e-04   9.240830e-22   113661280
  1.425306e+00   8.614844e-18   5.890785e-04   9.190555e-22   113237740
  1.427346e+00   8.537058e-18   5.889403e-04   9.145690e-22   112770880
  1.429386e+00   8.457651e-18   5.891022e-04   9.093195e-22   112359904
  1.431427e+00   8.382156e-18   5.891129e-04   9.049487e-22   111916864
  1.433468e+00   8.303556e-18   5.890529e-04   9.000268e-22   111460696
  1.435508e+00   8.228073e-18   5.889325e-04   8.955966e-22   110991224
  1.437549e+00   8.152964e-18   5.891042e-04   8.910329e-22   110575528
  1.439589e+00   8.080452e-18   5.891179e-04   8.867856e-22   110127664
  1.441630e+00   8.006848e-18   5.888211e-04   8.825882e-22   109618288
  1.443670e+00   7.931916e-18   5.892718e-04   8.774642e-22   109249240
  1.445711e+00   7.862815e-18   5.890165e-04   8.738302e-22   108746104
  1.447751e+00   7.789900e-18   5.889973e-04   8.695261e-22   108286000
  1.449792e+00   7.718441e-18   5.890817e-04   8.651089e-22   107843224
  1.451832e+00   7.650481e-18   5.889854e-04   8.612159e-22   107363840
  1.453873e+00   7.582176e-18   5.890974e-04   8.573257e-22   106923976
  1.455913e+00   7.512633e-18   5.890747e-04   8.530840e-22   106454320
  1.457954e+00   7.445403e-18   5.890821e-04   8.492805e-22   105989452
  1.459995e+00   7.375632e-18   5.890542e-04   8.450493e-22   105518308
  1.462035e+00   7.312507e-18   5.889452e-04   8.414998e-22   105028288
  1.464075e+00   7.248852e-18   5.890297e-04   8.380417e-22   104573752
  1.466116e+00   7.181582e-18   5.890543e-04   8.340087e-22   104104072
  1.468156e+00   7.118958e-18   5.890420e-04   8.308745e-22   103627328
  1.470197e+00   7.055494e-18   5.891604e-04   8.270358e-22   103172776
  1.472237e+00   6.992930e-18   5.889126e-04   8.234830e-22   102649708
  1.474278e+00   6.930472e-18   5.891801e-04   8.197305e-22   102217348
  1.476319e+00   6.868111e-18   5.889795e-04   8.162127e-22   101700736
  1.478359e+00   6.807266e-18   5.891047e-04   8.128358e-22   101239684
  1.480399e+00   6.746835e-18   5.889025e-04   8.097483e-22   100720660
  1.482440e+00   6.689577e-18   5.890941e-04   8.066855e-22   100266136
  1.484480e+00   6.631462e-18   5.890923e-04   8.035414e-22   99778100
  1.486521e+00   6.571768e-18   5.890961e-04   8.002718e-22   99287620
  1.488562e+00   6.514163e-18   5.890314e-04   7.971224e-22   98785756
  1.490602e+00   6.457346e-18   5.890200e-04   7.938165e-22   98290744
  1.492643e+00   6.400562e-18   5.890441e-04   7.910078e-22   97799956
  1.494683e+00   6.345945e-18   5.890092e-04   7.884508e-22   97297588
  1.496724e+00   6.288142e-18   5.890742e-04   7.849349e-22   96807856
  1.498764e+00   6.234981e-18   5.890937e-04   7.824366e-22   96311704
  1.500805e+00   6.180443e-18   5.889914e-04   7.800653e-22   95792888
  1.502845e+00   6.126910e-18   5.890998e-04   7.772886e-22   95307208
  1.504886e+00   6.073124e-18   5.890322e-04   7.747122e-22   94791100
  1.506926e+00   6.020254e-18   5.890218e-04   7.720438e-22   94280704
  1.508967e+00   5.969872e-18   5.891023e-04   7.694611e-22   93786136
  1.511007e+00   5.918962e-18   5.890098e-04   7.673830e-22   93259576
  1.513048e+00   5.866597e-18   5.890143e-04   7.647678e-22   92748448
  1.515088e+00   5.815287e-18   5.891043e-04   7.619815e-22   92250064
  1.517129e+00   5.765331e-18   5.889733e-04   7.598732e-22   91711820
  1.519169e+00   5.715402e-18   5.891153e-04   7.576739e-22   91217224
  1.521210e+00   5.667400e-18   5.889585e-04   7.554580e-22   90672604
  1.523250e+00   5.617418e-18   5.891610e-04   7.532222e-22   90183628
  1.525291e+00   5.570434e-18   5.890621e-04   7.512161e-22   89647216
  1.527331e+00   5.522057e-18   5.888907e-04   7.492152e-22   89094328
  1.529372e+00   5.473766e-18   5.891399e-04   7.467751e-22   88606888
  1.531412e+00   5.426049e-18   5.889473e-04   7.451459e-22   88049632
  1.533453e+00   5.381033e-18   5.891289e-04   7.432712e-22   87547700
  1.535494e+00   5.335265e-18   5.891432e-04   7.414315e-22   87018844
  1.537534e+00   5.288074e-18   5.889347e-04   7.396417e-22   86453428
  1.539575e+00   5.244770e-18   5.892172e-04   7.379704e-22   85961620
  1.541615e+00   5.198627e-18   5.889098e-04   7.362260e-22   85379956
  1.543655e+00   5.155392e-18   5.890392e-04   7.347709e-22   84860440
  1.545696e+00   5.109365e-18   5.891645e-04   7.326401e-22   84338596
  1.547737e+00   5.065502e-18   5.889823e-04   7.312274e-22   83770780
  1.549777e+00   5.023403e-18   5.890105e-04   7.298620e-22   83232380
  1.551818e+00   4.978613e-18   5.890092e-04   7.280163e-22   82685920
  1.553858e+00   4.937140e-18   5.891736e-04   7.268239e-22   82162552
  1.555899e+00   4.896157e-18   5.889481e-04   7.259265e-22   81583120
  1.557939e+00   4.852893e-18   5.890845e-04   7.243445e-22   81051772
  1.559980e+00   4.811677e-18   5.890308e-04   7.231812e-22   80492080
  1.562020e+00   4.768212e-18   5.890337e-04   7.212723e-22   79937728
  1.564061e+00   4.729132e-18   5.890974e-04   7.207290e-22   79392292
  1.566101e+00   4.687879e-18   5.889283e-04   7.196530e-22   78811832
  1.568142e+00   4.647940e-18   5.891109e-04   7.181544e-22   78277768
  1.570182e+00   4.607761e-18   5.890791e-04   7.175047e-22   77713156
  1.572223e+00   4.567419e-18   5.889841e-04   7.163226e-22   77137396
  1.574263e+00   4.529494e-18   5.891573e-04   7.156131e-22   76597252
  1.576304e+00   4.488483e-18   5.889752e-04   7.147234e-22   76006060
  1.578344e+00   4.450054e-18   5.890583e-04   7.138206e-22   75450580
  1.580385e+00   4.412357e-18   5.890719e-04   7.136067e-22   74884264
  1.582425e+00   4.371458e-18   5.888647e-04   7.122166e-22   74285432
  1.584466e+00   4.333121e-18   5.892725e-04   7.113070e-22   73765288
  1.586506e+00   4.295002e-18   5.890108e-04   7.108377e-22   73156660
  1.588547e+00   4.256709e-18   5.889540e-04   7.101530e-22   72574816
  1.590587e+00   4.221163e-18   5.892014e-04   7.099123e-22   72028000
  1.592628e+00   4.180954e-18   5.889485e-04   7.087399e-22   71415808
  1.594668e+00   4.145148e-18   5.890251e-04   7.086352e-22   70845868
  1.596709e+00   4.106896e-18   5.891156e-04   7.079838e-22   70272388
  1.598749e+00   4.069115e-18   5.890120e-04   7.074802e-22   69675308
  1.600790e+00   4.032583e-18   5.890000e-04   7.071329e-22   69088144
  1.602830e+00   3.994924e-18   5.890710e-04   7.066710e-22   68507884
  1.604871e+00   3.958068e-18   5.890512e-04   7.061205e-22   67917004
  1.606911e+00   3.921134e-18   5.890578e-04   7.059657e-22   67324480
  1.608952e+00   3.883271e-18   5.890788e-04   7.049012e-22   66733744
  1.610992e+00   3.847086e-18   5.890076e-04   7.048373e-22   66131224
  1.613033e+00   3.809878e-18   5.891093e-04   7.045977e-22   65545936
  1.615073e+00   3.776264e-18   5.889262e-04   7.049889e-22   64927556
  1.617114e+00   3.734856e-18   5.890371e-04   7.034742e-22   64338388
  1.619154e+00   3.700575e-18   5.891675e-04   7.039980e-22   63752068
  1.621195e+00   3.663743e-18   5.889776e-04   7.036591e-22   63127552
  1.623235e+00   3.624795e-18   5.890429e-04   7.025393e-22   62528716
  1.625276e+00   3.590669e-18   5.890384e-04   7.029101e-22   61921192
  1.627316e+00   3.551417e-18   5.890430e-04   7.024465e-22   61312336
  1.629357e+00   3.515879e-18   5.891104e-04   7.024461e-22   60710332
  1.631397e+00   3.476765e-18   5.888988e-04   7.017337e-22   60075140
  1.633438e+00   3.440438e-18   5.891169e-04   7.016525e-22   59484148
  1.635478e+00   3.400431e-18   5.890793e-04   7.004357e-22   58864996
  1.637519e+00   3.362988e-18   5.889698e-04   7.001944e-22   58235308
  1.639559e+00   3.328408e-18   5.890742e-04   7.011162e-22   57628036
  1.641600e+00   3.288755e-18   5.890577e-04   7.000075e-22   57004144
  1.643640e+00   3.250378e-18   5.891277e-04   6.998065e-22   56389540
  1.645681e+00   3.211971e-18   5.890631e-04   6.992020e-22   55759408
  1.647721e+00   3.170604e-18   5.888275e-04   6.982822e-22   55109720
  1.649762e+00   3.131078e-18   5.892023e-04   6.971107e-22   54519076
  1.651802e+00   3.090122e-18   5.890341e-04   6.958765e-22   53872468
  1.653843e+00   3.049862e-18   5.891088e-04   6.946461e-22   53248276
  1.655883e+00   3.009087e-18   5.889341e-04   6.937334e-22   52600132
  1.657924e+00   2.967333e-18   5.890604e-04   6.922869e-22   51976144
  1.659964e+00   2.926260e-18   5.891546e-04   6.909966e-22   51349900
  1.662005e+00   2.878832e-18   5.889908e-04   6.882385e-22   50695384
  1.664045e+00   2.838181e-18   5.890155e-04   6.868820e-22   50057984
  1.666086e+00   2.792632e-18   5.890380e-04   6.844536e-22   49419508
  1.668126e+00   2.745697e-18   5.890496e-04   6.808542e-22   48776488
  1.670167e+00   2.702362e-18   5.890648e-04   6.789213e-22   48133384
  1.672207e+00   2.652927e-18   5.889196e-04   6.752940e-22   47474236
  1.674248e+00   2.609640e-18   5.891309e-04   6.730507e-22   46843636
  1.676288e+00   2.558752e-18   5.891074e-04   6.689430e-22   46191052
  1.678329e+00   2.506653e-18   5.889792e-04   6.633303e-22   45529264
  1.680369e+00   2.459110e-18   5.890485e-04   6.592430e-22   44881736
  1.682410e+00   2.402209e-18   5.890525e-04   6.521159e-22   44225644
  1.684450e+00   2.352505e-18   5.891358e-04   6.472560e-22   43576192
  1.686491e+00   2.295439e-18   5.889794e-04   6.395713e-22   42904780
  1.688531e+00   2.239273e-18   5.889633e-04   6.314956e-22   42243280
  1.690572e+00   2.183289e-18   5.891008e-04   6.232360e-22   41592304
  1.692612e+00   2.118718e-18   5.890218e-04   6.109897e-22   40921504
  1.694653e+00   2.060110e-18   5.890829e-04   6.010728e-22   40260364
  1.696693e+00   1.997048e-18   5.888496e-04   5.884166e-22   39577280
  1.698733e+00   1.927171e-18   5.892354e-04   5.714057e-22   38934796
  1.700774e+00   1.862063e-18   5.890401e-04   5.553853e-22   38251060
  1.702814e+00   1.789946e-18   5.889828e-04   5.357885e-22   37573912
  1.704855e+00   1.717083e-18   5.889933e-04   5.131679e-22   36901072
  1.706895e+00   1.644295e-18   5.890773e-04   4.885147e-22   36243835
  1.708936e+00   1.584340e-18   5.891165e-04   4.700317e-22   35631178
  1.710977e+00   1.527845e-18   5.890339e-04   4.529451e-22   35038834
  1.713017e+00   1.477013e-18   5.889561e-04   4.378375e-22   34467356
  1.715058e+00   1.429634e-18   5.891917e-04   4.237233e-22   33932020
  1.717099e+00   1.384370e-18   5.890389e-04   4.106794e-22   33386890
  1.719139e+00   1.340988e-18   5.889525e-04   3.979677e-22   32859112
  1.721179e+00   1.300999e-18   5.890795e-04   3.866793e-22   32356054
  1.723220e+00   1.261125e-18   5.891297e-04   3.749201e-22   31858198
  1.725261e+00   1.223582e-18   5.889578e-04   3.644019e-22   31358896
  1.727301e+00   1.188692e-18   5.890306e-04   3.543018e-22   30881506
  1.729342e+00   1.153892e-18   5.890010e-04   3.443848e-22   30407522
  1.731382e+00   1.120214e-18   5.892460e-04   3.347043e-22   29957086
  1.733423e+00   1.088551e-18   5.890039e-04   3.258400e-22   29488294
  1.735463e+00   1.057672e-18   5.889085e-04   3.169749e-22   29035384
  1.737504e+00   1.028897e-18   5.890134e-04   3.093768e-22   28600522
  1.739544e+00   9.997216e-19   5.890735e-04   3.004826e-22   28168888
  1.741585e+00   9.728188e-19   5.891100e-04   2.936673e-22   27743284
  1.743625e+00   9.459619e-19   5.890873e-04   2.854566e-22   27321316
  1.745666e+00   9.207571e-19   5.888632e-04   2.787225e-22   26896532
  1.747706e+00   8.952064e-19   5.893143e-04   2.717078e-22   26509150
  1.749747e+00   8.708839e-19   5.889556e-04   2.648336e-22   26089648
  1.751787e+00   8.477287e-19   5.889177e-04   2.585413e-22   25691308
  1.753828e+00   8.251526e-19   5.891439e-04   2.522129e-22   25310632
  1.755869e+00   8.039640e-19   5.890222e-04   2.461959e-22   24918688
  1.757909e+00   7.823794e-19   5.891025e-04   2.401639e-22   24541360
  1.759949e+00   7.610568e-19   5.888725e-04   2.338692e-22   24156514
  1.761990e+00   7.412212e-19   5.890172e-04   2.283985e-22   23792042
  1.764031e+00   7.213703e-19   5.893560e-04   2.227930e-22   23440270
  1.766072e+00   7.025810e-19   5.889368e-04   2.177504e-22   23061724
  1.768111e+00   6.843292e-19   5.888399e-04   2.128079e-22   22702210
  1.770152e+00   6.672095e-19   5.891801e-04   2.080390e-22   22364644
  1.772193e+00   6.496168e-19   5.890835e-04   2.031693e-22   22012804
  1.774233e+00   6.327400e-19   5.890457e-04   1.983391e-22   21668428
  1.776274e+00   6.160537e-19   5.889348e-04   1.936449e-22   21326230
  1.778314e+00   6.003052e-19   5.889908e-04   1.892699e-22   20994284
  1.780354e+00   5.851815e-19   5.891391e-04   1.851879e-22   20669938
  1.782395e+00   5.698179e-19   5.891308e-04   1.806750e-22   20342638
  1.784436e+00   5.555777e-19   5.889063e-04   1.768532e-22   20013358
  1.786476e+00   5.412814e-19   5.892316e-04   1.726702e-22   19707214
  1.788517e+00   5.277824e-19   5.889170e-04   1.691632e-22   19381486
  1.790557e+00   5.141407e-19   5.890117e-04   1.652335e-22   19074238
  1.792598e+00   5.000006e-19   5.891567e-04   1.608440e-22   18772624
  1.794638e+00   4.887127e-19   5.888580e-04   1.581256e-22   18460526
  1.796679e+00   4.758372e-19   5.892699e-04   1.544410e-22   18174472
  1.798720e+00   4.638944e-19   5.889898e-04   1.511530e-22   17869018
  1.800760e+00   4.521937e-19   5.889083e-04   1.478699e-22   17574688
  1.802800e+00   4.407546e-19   5.892378e-04   1.445203e-22   17296672
  1.804841e+00   4.295388e-19   5.888582e-04   1.414383e-22   16999528
  1.806881e+00   4.184262e-19   5.891391e-04   1.384234e-22   16725952
  1.808922e+00   4.079324e-19   5.891464e-04   1.353067e-22   16447546
  1.810962e+00   3.982278e-19   5.888185e-04   1.328009e-22   16162976
  1.813003e+00   3.882018e-19   5.891753e-04   1.299780e-22   15901480
  1.815043e+00   3.784070e-19   5.889780e-04   1.270270e-22   15626866
  1.817084e+00   3.692859e-19   5.890869e-04   1.243868e-22   15364096
  1.819124e+00   3.596204e-19   5.890487e-04   1.218591e-22   15101074
  1.821165e+00   3.508400e-19   5.890272e-04   1.193018e-22   14840482
  1.823205e+00   3.418888e-19   5.890653e-04   1.166260e-22   14585698
  1.825246e+00   3.335271e-19   5.891264e-04   1.142174e-22   14333860
  1.827286e+00   3.254046e-19   5.887389e-04   1.119453e-22   14073794
  1.829327e+00   3.171121e-19   5.893124e-04   1.096189e-22   13840834
  1.831368e+00   3.097161e-19   5.889528e-04   1.076915e-22   13587610
  1.833408e+00   3.018718e-19   5.890132e-04   1.054671e-22   13347532
  1.835449e+00   2.940688e-19   5.891862e-04   1.031465e-22   13113010
  1.837489e+00   2.872547e-19   5.889134e-04   1.012265e-22   12870418
  1.839530e+00   2.799408e-19   5.891722e-04   9.909880e-23   12643618
  1.841570e+00   2.732694e-19   5.889276e-04   9.724123e-23   12408220
  1.843610e+00   2.666068e-19   5.888611e-04   9.544620e-23   12178826
  1.845651e+00   2.599418e-19   5.893835e-04   9.340061e-23   11965252
  1.847692e+00   2.535956e-19   5.889798e-04   9.156443e-23   11734570
  1.849732e+00   2.475858e-19   5.888108e-04   8.997504e-23   11512084
  1.851772e+00   2.414311e-19   5.892882e-04   8.806494e-23   11304874
  1.853813e+00   2.358919e-19   5.890727e-04   8.654353e-23   11085628
  1.855854e+00   2.299103e-19   5.888873e-04   8.482856e-23   10871212
  1.857894e+00   2.243368e-19   5.890526e-04   8.320297e-23   10665436
  1.859934e+00   2.192658e-19   5.887988e-04   8.186869e-23   10454018
  1.861975e+00   2.136559e-19   5.894361e-04   8.008155e-23   10261756
  1.864016e+00   2.088037e-19   5.890315e-04   7.894573e-23   10052716
  1.866056e+00   2.037965e-19   5.887366e-04   7.732168e-23   9849052
  1.868096e+00   1.988456e-19   5.891497e-04   7.602643e-23   9659884
  1.870137e+00   1.944428e-19   5.891009e-04   7.477545e-23   9464068
  1.872178e+00   1.896398e-19   5.891150e-04   7.349450e-23   9273118
  1.874218e+00   1.853757e-19   5.890493e-04   7.216181e-23   9082996
  1.876258e+00   1.809925e-19   5.885635e-04   7.098428e-23   8888324
  1.878298e+00   1.766115e-19   5.894681e-04   6.972488e-23   8717860
  1.880339e+00   1.723258e-19   5.889024e-04   6.842133e-23   8526892
  1.882380e+00   1.684119e-19   5.891160e-04   6.730737e-23   8350294
  1.884421e+00   1.644896e-19   5.892668e-04   6.625623e-23   8175196
  1.886461e+00   1.607873e-19   5.886896e-04   6.521065e-23   7991188
  1.888501e+00   1.571457e-19   5.891856e-04   6.416456e-23   7825390
  1.890542e+00   1.535006e-19   5.892269e-04   6.318733e-23   7655212
  1.892582e+00   1.500604e-19   5.885119e-04   6.222489e-23   7477166
  1.894623e+00   1.463405e-19   5.895156e-04   6.106204e-23   7324060
  1.896664e+00   1.433587e-19   5.888806e-04   6.034420e-23   7151566
  1.898704e+00   1.401681e-19   5.888852e-04   5.942937e-23   6989950
  1.900745e+00   1.369627e-19   5.894191e-04   5.856789e-23   6836908
  1.902785e+00   1.339475e-19   5.887692e-04   5.785084e-23   6671038
  1.904825e+00   1.308978e-19   5.892290e-04   5.687559e-23   6521230
  1.906866e+00   1.280178e-19   5.889874e-04   5.613226e-23   6365332
  1.908906e+00   1.252096e-19   5.884549e-04   5.541307e-23   6208238
  1.910946e+00   1.225577e-19   5.897328e-04   5.462341e-23   6073126
  1.912988e+00   1.199560e-19   5.888926e-04   5.398310e-23   5916982
  1.915027e+00   1.173738e-19   5.887954e-04   5.337736e-23   5771308
  1.917068e+00   1.148434e-19   5.892604e-04   5.252900e-23   5633446
  1.919109e+00   1.124381e-19   5.888913e-04   5.208330e-23   5488414
  1.921149e+00   1.101065e-19   5.892279e-04   5.138878e-23   5353270
  1.923191e+00   1.077223e-19   5.893097e-04   5.085123e-23   5217238
  1.925230e+00   1.056805e-19   5.881123e-04   5.043647e-23   5071646
  1.927270e+00   1.034449e-19   5.897435e-04   4.976077e-23   4953394
  1.929311e+00   1.014266e-19   5.888971e-04   4.936878e-23   4815046
  1.931351e+00   9.929662e-20   5.888986e-04   4.893403e-23   4686502
  1.933392e+00   9.740591e-20   5.894151e-04   4.844418e-23   4564246
  1.935432e+00   9.558610e-20   5.884214e-04   4.813060e-23   4431088
  1.937472e+00   9.365753e-20   5.895013e-04   4.770756e-23   4316734
  1.939514e+00   9.181580e-20   5.892371e-04   4.728311e-23   4193806
  1.941554e+00   9.017002e-20   5.881432e-04   4.699196e-23   4066670
  1.943594e+00   8.833543e-20   5.899332e-04   4.652813e-23   3962278
  1.945635e+00   8.665412e-20   5.886384e-04   4.632197e-23   3837862
  1.947675e+00   8.524665e-20   5.888459e-04   4.614355e-23   3726112
  1.949716e+00   8.366848e-20   5.894296e-04   4.586555e-23   3618790
  1.951756e+00   8.222095e-20   5.885912e-04   4.571572e-23   3503302
  1.953796e+00   8.073612e-20   5.894725e-04   4.541232e-23   3401176
  1.955838e+00   7.930497e-20   5.891226e-04   4.530523e-23   3293194
  1.957876e+00   7.809621e-20   5.877277e-04   4.528425e-23   3181142
  1.959917e+00   7.650864e-20   5.903988e-04   4.483985e-23   3093808
  1.961960e+00   7.544222e-20   5.888871e-04   4.495513e-23   2984950
  1.963999e+00   7.415874e-20   5.886109e-04   4.486266e-23   2885224
  1.966040e+00   7.291432e-20   5.897750e-04   4.464279e-23   2794390
  1.968080e+00   7.189306e-20   5.881630e-04   4.490991e-23   2690920
  1.970120e+00   7.085195e-20   5.894221e-04   4.493020e-23   2603926
  1.972161e+00   6.965390e-20   5.892800e-04   4.488915e-23   2511952
  1.974200e+00   6.862905e-20   5.876979e-04   4.504649e-23   2415422
  1.976241e+00   6.758827e-20   5.905190e-04   4.506270e-23   2339440
  1.978283e+00   6.676180e-20   5.886459e-04   4.531860e-23   2245138
  1.980322e+00   6.578883e-20   5.885584e-04   4.548510e-23   2160592
  1.982363e+00   6.472557e-20   5.897432e-04   4.542866e-23   2082736
  1.984403e+00   6.395789e-20   5.881362e-04   4.593876e-23   1995454
  1.986443e+00   6.312176e-20   5.897534e-04   4.605928e-23   1922008
  1.988485e+00   6.236037e-20   5.891749e-04   4.650652e-23   1842448
  1.990522e+00   6.166740e-20   5.870719e-04   4.692794e-23   1759982
  1.992563e+00   6.064522e-20   5.909793e-04   4.707055e-23   1698088
  1.994607e+00   6.011779e-20   5.888644e-04   4.759598e-23   1618912
  1.996645e+00   5.937176e-20   5.882080e-04   4.815085e-23   1546426
  1.998686e+00   5.862952e-20   5.901587e-04   4.839637e-23   1482760
  2.000726e+00   5.803098e-20   5.876526e-04   4.924621e-23   1408504
  2.002766e+00   5.753413e-20   5.900293e-04   4.978698e-23   1348888
  2.004809e+00   5.682830e-20   5.894112e-04   5.035645e-23   1283128
  2.006844e+00   5.628560e-20   5.857661e-04   5.142420e-23   1212710
  2.008884e+00   5.558455e-20   5.919958e-04   5.181493e-23   1165312
  2.010930e+00   5.527248e-20   5.888517e-04   5.296852e-23   1099240
  2.012967e+00   5.468229e-20   5.874477e-04   5.393236e-23   1039180
  2.015008e+00   5.428235e-20   5.907201e-04   5.467858e-23   989296
  2.017048e+00   5.385643e-20   5.871427e-04   5.597884e-23   928480
  2.019088e+00   5.326823e-20   5.908312e-04   5.690872e-23   881896
  2.021133e+00   5.287781e-20   5.892377e-04   5.825032e-23   828112
  2.023164e+00   5.270906e-20   5.840081e-04   6.020214e-23   771512
  2.025205e+00   5.229154e-20   5.943827e-04   6.120682e-23   737656
  2.027255e+00   5.187099e-20   5.883968e-04   6.290239e-23   682876
  2.029287e+00   5.165229e-20   5.857126e-04   6.484718e-23   635344
  2.031329e+00   5.126612e-20   5.927774e-04   6.622141e-23   600232
  2.033373e+00   5.118164e-20   5.864297e-04   6.898965e-23   551368
  2.035408e+00   5.075483e-20   5.898380e-04   7.086049e-23   514696
  2.037453e+00   5.044304e-20   5.900658e-04   7.319119e-23   476416
  2.039484e+00   5.017726e-20   5.824378e-04   7.631819e-23   433616
  2.041526e+00   4.992314e-20   5.962478e-04   7.791937e-23   408292
  2.043575e+00   4.997960e-20   5.862678e-04   8.243896e-23   366880
  2.045605e+00   4.981780e-20   5.870941e-04   8.575123e-23   335704
  2.047656e+00   4.947769e-20   5.955911e-04   8.886149e-23   309472
  2.049690e+00   4.925200e-20   5.783526e-04   9.445235e-23   270784
  2.051720e+00   4.932804e-20   5.958327e-04   9.737036e-23   251818
  2.053787e+00   4.896486e-20   5.940264e-04   1.037782e-22   224092
  2.055790e+00   4.904725e-20   5.619118e-04   1.132024e-22   188432
  2.057825e+00   4.897752e-20   6.103572e-04   1.149715e-22   181504
  2.059914e+00   4.874080e-20   5.896146e-04   1.258959e-22   151936
  2.061912e+00   4.869014e-20   5.664388e-04   1.367796e-22   126706
  2.063961e+00   4.873654e-20   6.122265e-04   1.417687e-22   118288
  2.066031e+00   4.868687e-20   5.747082e-04   1.598658e-22   92620
  2.068014e+00   4.850840e-20   5.791988e-04   1.740206e-22   78136
  2.070093e+00   4.834036e-20   6.153460e-04   1.842738e-22   68626
  2.072088e+00   4.800883e-20   5.129496e-04   2.219994e-22   46280
  2.074059e+00   4.861097e-20   6.160051e-04   2.324721e-22   43432
  2.076220e+00   4.838021e-20   6.155713e-04   2.716007e-22   32056
  2.078220e+00   4.763613e-20   5.100189e-04   3.484929e-22   19270
  2.080175e+00   4.898794e-20   6.137065e-04   3.922069e-22   15688
  2.082322e+00   4.826903e-20   6.108434e-04   5.015271e-22   9208
  2.084319e+00   4.836233e-20   5.039385e-04   7.774616e-22   3970
  2.086177e+00   4.770154e-20   5.810493e-04   1.158663e-21   1816
  2.088030e+00   5.354100e-20   3.896770e-04   3.557534e-21   230
