# power spectrum of pi_k * H (dimensionless)
# redshift z=1.972697
# k              Pk             sigma(k)       sigma(Pk)      count
  1.554082e-03   3.504303e-10   3.849967e-04   3.378559e-11   146
  3.315891e-03   3.659455e-10   5.645617e-04   1.095425e-11   1042
  5.255560e-03   3.232002e-10   5.631710e-04   6.488582e-12   2698
  7.226238e-03   2.844856e-10   5.714963e-04   3.948238e-12   5206
  9.236952e-03   2.518811e-10   5.879031e-04   2.796848e-12   8752
  1.128500e-02   2.249733e-10   5.950186e-04   1.968127e-12   13258
  1.332029e-02   2.016443e-10   5.812860e-04   1.514341e-12   18070
  1.533799e-02   1.783253e-10   5.833601e-04   1.150379e-12   24050
  1.738769e-02   1.567111e-10   5.989399e-04   8.781685e-13   31720
  1.943477e-02   1.390818e-10   5.849109e-04   7.053853e-13   38722
  2.146405e-02   1.217339e-10   5.862639e-04   5.650505e-13   47398
  2.349979e-02   1.076947e-10   5.882944e-04   4.505246e-13   56986
  2.554151e-02   9.548287e-11   5.907046e-04   3.703250e-13   67552
  2.758014e-02   8.545480e-11   5.872674e-04   3.056406e-13   78310
  2.961557e-02   7.462597e-11   5.882808e-04   2.499354e-13   90514
  3.164924e-02   6.684989e-11   5.857631e-04   2.107850e-13   102938
  3.368563e-02   5.869842e-11   5.901325e-04   1.715842e-13   117412
  3.572860e-02   5.313859e-11   5.900212e-04   1.463350e-13   132106
  3.776869e-02   4.760013e-11   5.879385e-04   1.243338e-13   147154
  3.980581e-02   4.261881e-11   5.881164e-04   1.055373e-13   163522
  4.184971e-02   3.866220e-11   5.917380e-04   9.079032e-14   181804
  4.388716e-02   3.514564e-11   5.852792e-04   7.958971e-14   197722
  4.592521e-02   3.216459e-11   5.913571e-04   6.874912e-14   218866
  4.796858e-02   2.991413e-11   5.883333e-04   6.138764e-14   237542
  5.000645e-02   2.756151e-11   5.882751e-04   5.429704e-14   258136
  5.204613e-02   2.565021e-11   5.892119e-04   4.859126e-14   280066
  5.408484e-02   2.386882e-11   5.879532e-04   4.357512e-14   301774
  5.612494e-02   2.241665e-11   5.897386e-04   3.921756e-14   326050
  5.816725e-02   2.116869e-11   5.892357e-04   3.591023e-14   349792
  6.020894e-02   1.996739e-11   5.898220e-04   3.272211e-14   375154
  6.224878e-02   1.881989e-11   5.878390e-04   2.992836e-14   399742
  6.428502e-02   1.787261e-11   5.877282e-04   2.740102e-14   426266
  6.632420e-02   1.683140e-11   5.892967e-04   2.499669e-14   454960
  6.836448e-02   1.591551e-11   5.887382e-04   2.293003e-14   482734
  7.040483e-02   1.504790e-11   5.895060e-04   2.104176e-14   512746
  7.244666e-02   1.419304e-11   5.892082e-04   1.926751e-14   542746
  7.448833e-02   1.326732e-11   5.895081e-04   1.752562e-14   573952
  7.652873e-02   1.247278e-11   5.886192e-04   1.613284e-14   604918
  7.856782e-02   1.174987e-11   5.887181e-04   1.474172e-14   637666
  8.060887e-02   1.097392e-11   5.897344e-04   1.336485e-14   672482
  8.265024e-02   1.031246e-11   5.887854e-04   1.228312e-14   705748
  8.468883e-02   9.620399e-12   5.884884e-04   1.115715e-14   740482
  8.673009e-02   8.978177e-12   5.901845e-04   1.016069e-14   779026
  8.877006e-02   8.378055e-12   5.875992e-04   9.299612e-15   812614
  9.081033e-02   7.848401e-12   5.902277e-04   8.502759e-15   854200
  9.285241e-02   7.356913e-12   5.887737e-04   7.804086e-15   890746
  9.489189e-02   6.904660e-12   5.888028e-04   7.149717e-15   930394
  9.693174e-02   6.499836e-12   5.888121e-04   6.608747e-15   970982
  9.897209e-02   6.121965e-12   5.890745e-04   6.089220e-15   1012600
  1.010137e-01   5.790928e-12   5.897237e-04   5.647511e-15   1055890
  1.030542e-01   5.488923e-12   5.884073e-04   5.264924e-15   1096630
  1.050933e-01   5.210572e-12   5.887890e-04   4.883133e-15   1141378
  1.071337e-01   4.970449e-12   5.890564e-04   4.571232e-15   1186552
  1.091740e-01   4.759094e-12   5.889981e-04   4.295062e-15   1231798
  1.112148e-01   4.559843e-12   5.893633e-04   4.043339e-15   1279234
  1.132559e-01   4.390066e-12   5.890093e-04   3.820607e-15   1325906
  1.152965e-01   4.231540e-12   5.891197e-04   3.614903e-15   1374352
  1.173364e-01   4.078315e-12   5.886007e-04   3.427404e-15   1421950
  1.193758e-01   3.952967e-12   5.890300e-04   3.261077e-15   1472962
  1.214157e-01   3.811869e-12   5.886064e-04   3.093160e-15   1522954
  1.234545e-01   3.678990e-12   5.884752e-04   2.935982e-15   1573804
  1.254965e-01   3.558225e-12   5.906693e-04   2.786174e-15   1632274
  1.275390e-01   3.435057e-12   5.886302e-04   2.651947e-15   1680226
  1.295769e-01   3.308844e-12   5.879889e-04   2.521528e-15   1732682
  1.316167e-01   3.186234e-12   5.894980e-04   2.381224e-15   1792204
  1.336589e-01   3.070515e-12   5.896575e-04   2.258929e-15   1848298
  1.356989e-01   2.947158e-12   5.883050e-04   2.143030e-15   1901050
  1.377383e-01   2.824096e-12   5.890297e-04   2.017552e-15   1961326
  1.397792e-01   2.701517e-12   5.892228e-04   1.905302e-15   2020312
  1.418209e-01   2.589470e-12   5.895741e-04   1.797605e-15   2080930
  1.438627e-01   2.472332e-12   5.893024e-04   1.690767e-15   2140390
  1.459026e-01   2.362292e-12   5.883405e-04   1.598152e-15   2198162
  1.479427e-01   2.253064e-12   5.893956e-04   1.498669e-15   2263864
  1.499842e-01   2.152425e-12   5.893769e-04   1.412396e-15   2326426
  1.520249e-01   2.054465e-12   5.889045e-04   1.330648e-15   2388550
  1.540650e-01   1.959022e-12   5.888570e-04   1.250895e-15   2453098
  1.561047e-01   1.874035e-12   5.886971e-04   1.182328e-15   2517592
  1.581449e-01   1.797463e-12   5.892905e-04   1.121184e-15   2586070
  1.601854e-01   1.720967e-12   5.889181e-04   1.057941e-15   2651842
  1.622257e-01   1.651613e-12   5.889579e-04   1.000257e-15   2720330
  1.642669e-01   1.589010e-12   5.894439e-04   9.531263e-16   2791156
  1.663078e-01   1.531870e-12   5.889934e-04   9.075690e-16   2858554
  1.683481e-01   1.478747e-12   5.890635e-04   8.647396e-16   2929594
  1.703877e-01   1.430255e-12   5.885431e-04   8.264126e-16   2998762
  1.724278e-01   1.384829e-12   5.891948e-04   7.911781e-16   3074188
  1.744675e-01   1.346021e-12   5.885376e-04   7.595325e-16   3143482
  1.765088e-01   1.305913e-12   5.900653e-04   7.275164e-16   3226186
  1.785498e-01   1.269924e-12   5.882615e-04   7.022155e-16   3291158
  1.805901e-01   1.235637e-12   5.897179e-04   6.732677e-16   3375112
  1.826317e-01   1.203889e-12   5.890290e-04   6.492907e-16   3447658
  1.846719e-01   1.171250e-12   5.889171e-04   6.249681e-16   3524626
  1.867120e-01   1.139741e-12   5.888543e-04   6.019414e-16   3602998
  1.887512e-01   1.109471e-12   5.883706e-04   5.793992e-16   3678592
  1.907908e-01   1.078932e-12   5.892546e-04   5.565628e-16   3764122
  1.928324e-01   1.047960e-12   5.894579e-04   5.353966e-16   3846598
  1.948727e-01   1.018724e-12   5.885077e-04   5.147617e-16   3922250
  1.969136e-01   9.873729e-13   5.896943e-04   4.940020e-16   4013032
  1.989552e-01   9.571198e-13   5.889700e-04   4.736171e-16   4091182
  2.009950e-01   9.270038e-13   5.887664e-04   4.548221e-16   4174282
  2.030353e-01   8.967258e-13   5.891040e-04   4.353509e-16   4261978
  2.050762e-01   8.663568e-13   5.892160e-04   4.161054e-16   4348624
  2.071163e-01   8.379235e-13   5.886637e-04   3.989141e-16   4431430
  2.091564e-01   8.083739e-13   5.892138e-04   3.811649e-16   4523290
  2.111972e-01   7.814697e-13   5.891043e-04   3.648101e-16   4611386
  2.132376e-01   7.552115e-13   5.888473e-04   3.492646e-16   4698814
  2.152782e-01   7.294018e-13   5.893426e-04   3.338167e-16   4792984
  2.173194e-01   7.047385e-13   5.892017e-04   3.195444e-16   4883194
  2.193596e-01   6.799627e-13   5.887755e-04   3.058486e-16   4971694
  2.214001e-01   6.579476e-13   5.893212e-04   2.930395e-16   5069434
  2.234405e-01   6.375344e-13   5.886957e-04   2.816091e-16   5157736
  2.254804e-01   6.175373e-13   5.891220e-04   2.705889e-16   5256202
  2.275212e-01   5.985520e-13   5.891252e-04   2.595403e-16   5351990
  2.295614e-01   5.808477e-13   5.887454e-04   2.495902e-16   5444914
  2.316024e-01   5.646613e-13   5.895775e-04   2.402499e-16   5550088
  2.336441e-01   5.492633e-13   5.892314e-04   2.318414e-16   5644774
  2.356844e-01   5.344728e-13   5.887291e-04   2.237026e-16   5739034
  2.377243e-01   5.207297e-13   5.889493e-04   2.162827e-16   5841154
  2.397648e-01   5.073145e-13   5.891188e-04   2.085643e-16   5943448
  2.418057e-01   4.951369e-13   5.891894e-04   2.021512e-16   6045670
  2.438457e-01   4.833743e-13   5.886738e-04   1.956999e-16   6142586
  2.458857e-01   4.712665e-13   5.890965e-04   1.890801e-16   6250738
  2.479269e-01   4.604876e-13   5.893339e-04   1.834420e-16   6357172
  2.499678e-01   4.492876e-13   5.890271e-04   1.773787e-16   6458506
  2.520084e-01   4.387849e-13   5.891472e-04   1.719418e-16   6566290
  2.540484e-01   4.275856e-13   5.886483e-04   1.663302e-16   6667414
  2.560881e-01   4.171892e-13   5.889729e-04   1.608016e-16   6778336
  2.581289e-01   4.074432e-13   5.893065e-04   1.558371e-16   6890218
  2.601690e-01   3.970547e-13   5.886464e-04   1.508420e-16   6992306
  2.622097e-01   3.868399e-13   5.895050e-04   1.458241e-16   7113454
  2.642508e-01   3.767947e-13   5.888931e-04   1.410005e-16   7216216
  2.662907e-01   3.668215e-13   5.889220e-04   1.360391e-16   7328218
  2.683311e-01   3.568261e-13   5.891504e-04   1.315073e-16   7444414
  2.703714e-01   3.472174e-13   5.887477e-04   1.270309e-16   7553290
  2.724122e-01   3.376179e-13   5.894442e-04   1.224252e-16   7676368
  2.744529e-01   3.287003e-13   5.888427e-04   1.186073e-16   7783150
  2.764932e-01   3.195080e-13   5.891771e-04   1.142519e-16   7904570
  2.785337e-01   3.105314e-13   5.888377e-04   1.104130e-16   8017570
  2.805747e-01   3.021391e-13   5.894749e-04   1.065431e-16   8143840
  2.826158e-01   2.941001e-13   5.889589e-04   1.029896e-16   8255134
  2.846555e-01   2.859318e-13   5.886996e-04   9.949108e-17   8371450
  2.866957e-01   2.784458e-13   5.891278e-04   9.617112e-17   8498578
  2.887371e-01   2.711764e-13   5.893995e-04   9.296761e-17   8623180
  2.907783e-01   2.641547e-13   5.891794e-04   8.996279e-17   8742034
  2.928185e-01   2.573618e-13   5.887409e-04   8.710965e-17   8859194
  2.948582e-01   2.510913e-13   5.888043e-04   8.441364e-17   8984386
  2.968984e-01   2.450044e-13   5.889953e-04   8.177071e-17   9111652
  2.989394e-01   2.391165e-13   5.894313e-04   7.922943e-17   9243322
  3.009801e-01   2.333991e-13   5.888434e-04   7.696820e-17   9361378
  3.030204e-01   2.281150e-13   5.890316e-04   7.472438e-17   9491998
  3.050606e-01   2.229044e-13   5.889315e-04   7.249166e-17   9618016
  3.071010e-01   2.178477e-13   5.891205e-04   7.039803e-17   9750178
  3.091413e-01   2.127347e-13   5.888404e-04   6.825950e-17   9875558
  3.111820e-01   2.083573e-13   5.893640e-04   6.646115e-17   10015834
  3.132223e-01   2.033838e-13   5.885801e-04   6.450369e-17   10133344
  3.152627e-01   1.989911e-13   5.895529e-04   6.266903e-17   10282522
  3.173040e-01   1.945731e-13   5.889812e-04   6.093192e-17   10406974
  3.193437e-01   1.900315e-13   5.886096e-04   5.914986e-17   10534378
  3.213841e-01   1.859330e-13   5.894405e-04   5.743858e-17   10684456
  3.234254e-01   1.818621e-13   5.890917e-04   5.586314e-17   10813894
  3.254654e-01   1.776473e-13   5.887488e-04   5.426878e-17   10944626
  3.275058e-01   1.735908e-13   5.892300e-04   5.272706e-17   11091802
  3.295466e-01   1.696239e-13   5.889694e-04   5.121323e-17   11224756
  3.315871e-01   1.655725e-13   5.891399e-04   4.966697e-17   11367730
  3.336279e-01   1.617666e-13   5.891097e-04   4.823721e-17   11507890
  3.356680e-01   1.580430e-13   5.886912e-04   4.688383e-17   11640658
  3.377084e-01   1.543225e-13   5.893412e-04   4.552063e-17   11795380
  3.397495e-01   1.506601e-13   5.891216e-04   4.416010e-17   11933434
  3.417900e-01   1.471078e-13   5.889963e-04   4.289602e-17   12074954
  3.438308e-01   1.437993e-13   5.892532e-04   4.169679e-17   12225142
  3.458709e-01   1.403726e-13   5.885745e-04   4.049852e-17   12356104
  3.479106e-01   1.370836e-13   5.891058e-04   3.929367e-17   12513442
  3.499516e-01   1.339904e-13   5.892873e-04   3.819235e-17   12664810
  3.519928e-01   1.308045e-13   5.891937e-04   3.710117e-17   12811246
  3.540334e-01   1.278322e-13   5.889181e-04   3.603257e-17   12953536
  3.560735e-01   1.250427e-13   5.890044e-04   3.509361e-17   13105042
  3.581140e-01   1.221294e-13   5.891192e-04   3.405375e-17   13258670
  3.601546e-01   1.195283e-13   5.890325e-04   3.318454e-17   13408738
  3.621953e-01   1.169131e-13   5.890899e-04   3.228148e-17   13562320
  3.642355e-01   1.144036e-13   5.888450e-04   3.143993e-17   13709062
  3.662757e-01   1.118704e-13   5.891202e-04   3.055628e-17   13870258
  3.683171e-01   1.094855e-13   5.894186e-04   2.975127e-17   14032714
  3.703575e-01   1.071755e-13   5.886241e-04   2.899850e-17   14169232
  3.723976e-01   1.049191e-13   5.891956e-04   2.822041e-17   14339422
  3.744381e-01   1.027389e-13   5.888919e-04   2.750892e-17   14489330
  3.764785e-01   1.005003e-13   5.891282e-04   2.675554e-17   14654458
  3.785190e-01   9.841201e-14   5.889293e-04   2.608975e-17   14808292
  3.805593e-01   9.640752e-14   5.890179e-04   2.541125e-17   14970130
  3.825997e-01   9.445977e-14   5.890254e-04   2.479028e-17   15131626
  3.846399e-01   9.243226e-14   5.888648e-04   2.413591e-17   15289198
  3.866807e-01   9.052296e-14   5.894136e-04   2.350611e-17   15466552
  3.887217e-01   8.862257e-14   5.889267e-04   2.292057e-17   15616714
  3.907617e-01   8.681303e-14   5.889009e-04   2.234398e-17   15780506
  3.928022e-01   8.495618e-14   5.891699e-04   2.176201e-17   15953542
  3.948433e-01   8.323534e-14   5.892495e-04   2.120798e-17   16121296
  3.968834e-01   8.147768e-14   5.886227e-04   2.068740e-17   16270762
  3.989235e-01   7.968226e-14   5.892919e-04   2.010934e-17   16457182
  4.009646e-01   7.810016e-14   5.891739e-04   1.961049e-17   16623562
  4.030052e-01   7.639857e-14   5.889160e-04   1.910963e-17   16785784
  4.050455e-01   7.483113e-14   5.890644e-04   1.863245e-17   16959370
  4.070861e-01   7.325950e-14   5.891235e-04   1.815853e-17   17132774
  4.091266e-01   7.170447e-14   5.889569e-04   1.769890e-17   17300602
  4.111672e-01   7.014672e-14   5.891834e-04   1.723541e-17   17480656
  4.132078e-01   6.873321e-14   5.889644e-04   1.681032e-17   17647558
  4.152481e-01   6.730907e-14   5.890172e-04   1.639996e-17   17823778
  4.172887e-01   6.596614e-14   5.890581e-04   1.598392e-17   18001594
  4.193290e-01   6.462591e-14   5.888841e-04   1.560449e-17   18172300
  4.213694e-01   6.323605e-14   5.891306e-04   1.520812e-17   18356770
  4.234105e-01   6.195997e-14   5.893313e-04   1.483518e-17   18541082
  4.254516e-01   6.070124e-14   5.891095e-04   1.446488e-17   18713914
  4.274917e-01   5.947861e-14   5.886533e-04   1.412165e-17   18879742
  4.295318e-01   5.828078e-14   5.892187e-04   1.377228e-17   19077592
  4.315727e-01   5.710402e-14   5.891074e-04   1.343063e-17   19255474
  4.336133e-01   5.596099e-14   5.890497e-04   1.310589e-17   19436278
  4.356531e-01   5.485684e-14   5.886327e-04   1.281373e-17   19605994
  4.376936e-01   5.379912e-14   5.894559e-04   1.250440e-17   19817344
  4.397347e-01   5.276485e-14   5.889775e-04   1.221248e-17   19985702
  4.417750e-01   5.167879e-14   5.890630e-04   1.192447e-17   20175730
  4.438152e-01   5.065946e-14   5.887860e-04   1.164025e-17   20352682
  4.458557e-01   4.968325e-14   5.893597e-04   1.137016e-17   20559616
  4.478969e-01   4.870120e-14   5.891648e-04   1.109974e-17   20741518
  4.499369e-01   4.777919e-14   5.886230e-04   1.085096e-17   20912026
  4.519768e-01   4.683643e-14   5.891225e-04   1.059318e-17   21121018
  4.540176e-01   4.594528e-14   5.890883e-04   1.035162e-17   21310012
  4.560579e-01   4.503483e-14   5.889301e-04   1.011349e-17   21496154
  4.580989e-01   4.415993e-14   5.893557e-04   9.874770e-18   21705946
  4.601398e-01   4.329426e-14   5.889070e-04   9.643169e-18   21882562
  4.621802e-01   4.246713e-14   5.891458e-04   9.422835e-18   22085428
  4.642214e-01   4.165438e-14   5.893143e-04   9.212919e-18   22287106
  4.662615e-01   4.082133e-14   5.885500e-04   8.993257e-18   22455010
  4.683013e-01   4.006352e-14   5.890571e-04   8.801332e-18   22671694
  4.703421e-01   3.925733e-14   5.892012e-04   8.587982e-18   22874368
  4.723830e-01   3.853309e-14   5.891203e-04   8.401457e-18   23070146
  4.744235e-01   3.777232e-14   5.889653e-04   8.209452e-18   23264038
  4.764637e-01   3.703023e-14   5.889570e-04   8.019504e-18   23464210
  4.785045e-01   3.633525e-14   5.893101e-04   7.835962e-18   23679208
  4.805453e-01   3.563827e-14   5.889894e-04   7.660156e-18   23868658
  4.825856e-01   3.494801e-14   5.889440e-04   7.485838e-18   24070582
  4.846259e-01   3.428914e-14   5.890549e-04   7.316503e-18   24278842
  4.866664e-01   3.364338e-14   5.890268e-04   7.160538e-18   24482272
  4.887069e-01   3.300858e-14   5.890750e-04   7.002529e-18   24689510
  4.907474e-01   3.238157e-14   5.890195e-04   6.844641e-18   24894634
  4.927881e-01   3.178616e-14   5.891565e-04   6.693561e-18   25108474
  4.948289e-01   3.117628e-14   5.890919e-04   6.547825e-18   25313116
  4.968692e-01   3.059922e-14   5.889389e-04   6.405494e-18   25515970
  4.989095e-01   3.001898e-14   5.889848e-04   6.263205e-18   25727962
  5.009501e-01   2.946709e-14   5.892016e-04   6.125337e-18   25948954
  5.029911e-01   2.891652e-14   5.891242e-04   5.994040e-18   26157220
  5.050312e-01   2.838245e-14   5.887329e-04   5.865650e-18   26351546
  5.070713e-01   2.785824e-14   5.891599e-04   5.739599e-18   26585314
  5.091124e-01   2.734723e-14   5.891783e-04   5.614158e-18   26800630
  5.111529e-01   2.684124e-14   5.889142e-04   5.497913e-18   27003376
  5.131928e-01   2.635745e-14   5.887939e-04   5.381168e-18   27213202
  5.152333e-01   2.586449e-14   5.893371e-04   5.262107e-18   27455194
  5.172745e-01   2.538760e-14   5.891605e-04   5.151547e-18   27666070
  5.193150e-01   2.494153e-14   5.888642e-04   5.046987e-18   27870280
  5.213548e-01   2.448119e-14   5.888416e-04   4.939051e-18   28088090
  5.233952e-01   2.404015e-14   5.892064e-04   4.833994e-18   28326262
  5.254363e-01   2.360834e-14   5.891855e-04   4.734488e-18   28546906
  5.274771e-01   2.318076e-14   5.890514e-04   4.638284e-18   28762552
  5.295175e-01   2.275426e-14   5.889643e-04   4.540704e-18   28979734
  5.315579e-01   2.233817e-14   5.891116e-04   4.441738e-18   29211106
  5.335984e-01   2.193664e-14   5.890058e-04   4.349026e-18   29431738
  5.356386e-01   2.154830e-14   5.888449e-04   4.262366e-18   29648776
  5.376788e-01   2.116694e-14   5.891295e-04   4.175602e-18   29888654
  5.397198e-01   2.077835e-14   5.892792e-04   4.085605e-18   30123490
  5.417605e-01   2.040945e-14   5.889187e-04   4.003659e-18   30334570
  5.438008e-01   2.004865e-14   5.889866e-04   3.921263e-18   30566524
  5.458411e-01   1.968755e-14   5.890413e-04   3.841315e-18   30798370
  5.478823e-01   1.933381e-14   5.894562e-04   3.760817e-18   31052026
  5.499229e-01   1.899287e-14   5.886551e-04   3.687421e-18   31241782
  5.519630e-01   1.865258e-14   5.891853e-04   3.609595e-18   31502128
  5.540036e-01   1.832865e-14   5.889524e-04   3.539975e-18   31721474
  5.560439e-01   1.799921e-14   5.890206e-04   3.466903e-18   31960210
  5.580845e-01   1.767828e-14   5.890910e-04   3.396431e-18   32200582
  5.601251e-01   1.737729e-14   5.889897e-04   3.331620e-18   32429512
  5.621660e-01   1.707709e-14   5.893423e-04   3.263531e-18   32685226
  5.642068e-01   1.677368e-14   5.889439e-04   3.199252e-18   32900830
  5.662468e-01   1.648275e-14   5.888631e-04   3.134977e-18   33135682
  5.682871e-01   1.619343e-14   5.890598e-04   3.075395e-18   33385288
  5.703276e-01   1.590990e-14   5.890887e-04   3.011092e-18   33625706
  5.723684e-01   1.563796e-14   5.891781e-04   2.952544e-18   33873550
  5.744087e-01   1.536428e-14   5.887629e-04   2.897428e-18   34091770
  5.764491e-01   1.510429e-14   5.892514e-04   2.842192e-18   34362160
  5.784901e-01   1.484405e-14   5.891116e-04   2.786051e-18   34597030
  5.805305e-01   1.458889e-14   5.889745e-04   2.732473e-18   34833682
  5.825710e-01   1.434011e-14   5.890769e-04   2.677773e-18   35086546
  5.846116e-01   1.409480e-14   5.890950e-04   2.627732e-18   35332420
  5.866518e-01   1.386047e-14   5.888517e-04   2.577894e-18   35564114
  5.886920e-01   1.361235e-14   5.890642e-04   2.526260e-18   35826586
  5.907326e-01   1.338310e-14   5.890274e-04   2.478573e-18   36074074
  5.927732e-01   1.315732e-14   5.890922e-04   2.430962e-18   36327004
  5.948140e-01   1.294286e-14   5.891619e-04   2.387079e-18   36580138
  5.968547e-01   1.272384e-14   5.890473e-04   2.342276e-18   36825370
  5.988952e-01   1.250924e-14   5.890096e-04   2.296804e-18   37076638
  6.009355e-01   1.229863e-14   5.889604e-04   2.254253e-18   37325632
  6.029761e-01   1.208833e-14   5.891712e-04   2.212414e-18   37592090
  6.050167e-01   1.188448e-14   5.889486e-04   2.170082e-18   37832974
  6.070568e-01   1.169415e-14   5.888939e-04   2.132663e-18   38086018
  6.090973e-01   1.149144e-14   5.891995e-04   2.088041e-18   38361616
  6.111381e-01   1.130239e-14   5.890389e-04   2.051707e-18   38608210
  6.131788e-01   1.111420e-14   5.892079e-04   2.013593e-18   38877934
  6.152192e-01   1.093562e-14   5.887809e-04   1.978393e-18   39108874
  6.172596e-01   1.074927e-14   5.892266e-04   1.940613e-18   39398656
  6.193004e-01   1.057702e-14   5.890403e-04   1.906760e-18   39645902
  6.213404e-01   1.039458e-14   5.887997e-04   1.870705e-18   39891802
  6.233811e-01   1.022966e-14   5.894056e-04   1.835747e-18   40195954
  6.254216e-01   1.005859e-14   5.886742e-04   1.802958e-18   40409056
  6.274620e-01   9.896564e-15   5.893381e-04   1.770308e-18   40719214
  6.295030e-01   9.733552e-15   5.890616e-04   1.738328e-18   40964602
  6.315433e-01   9.575455e-15   5.889302e-04   1.708234e-18   41222506
  6.335835e-01   9.419979e-15   5.889576e-04   1.677318e-18   41491060
  6.356241e-01   9.268256e-15   5.892017e-04   1.646659e-18   41775242
  6.376651e-01   9.116369e-15   5.891830e-04   1.616984e-18   42043402
  6.397057e-01   8.974588e-15   5.889444e-04   1.589922e-18   42295582
  6.417458e-01   8.825463e-15   5.888860e-04   1.561610e-18   42562282
  6.437862e-01   8.688537e-15   5.891497e-04   1.534091e-18   42852256
  6.458265e-01   8.546644e-15   5.887767e-04   1.507415e-18   43096474
  6.478673e-01   8.409300e-15   5.894924e-04   1.480037e-18   43423174
  6.499084e-01   8.274006e-15   5.889163e-04   1.455171e-18   43653706
  6.519483e-01   8.147700e-15   5.888221e-04   1.430401e-18   43920752
  6.539889e-01   8.018299e-15   5.892813e-04   1.404864e-18   44230510
  6.560299e-01   7.889771e-15   5.891350e-04   1.380350e-18   44496178
  6.580701e-01   7.761613e-15   5.887384e-04   1.356020e-18   44743978
  6.601104e-01   7.639462e-15   5.892343e-04   1.333136e-18   45058492
  6.621512e-01   7.521118e-15   5.890803e-04   1.310942e-18   45325234
  6.641921e-01   7.405902e-15   5.891943e-04   1.288405e-18   45614434
  6.662326e-01   7.289715e-15   5.889457e-04   1.266215e-18   45876514
  6.682729e-01   7.173538e-15   5.889645e-04   1.245003e-18   46159076
  6.703132e-01   7.064468e-15   5.890762e-04   1.224583e-18   46448722
  6.723539e-01   6.953898e-15   5.891439e-04   1.202966e-18   46738210
  6.743945e-01   6.847772e-15   5.889835e-04   1.183459e-18   47010094
  6.764347e-01   6.739605e-15   5.889403e-04   1.164304e-18   47291608
  6.784751e-01   6.636260e-15   5.890608e-04   1.144499e-18   47586538
  6.805157e-01   6.533903e-15   5.890811e-04   1.125135e-18   47875162
  6.825563e-01   6.431989e-15   5.890818e-04   1.105909e-18   48164470
  6.845968e-01   6.334759e-15   5.889338e-04   1.088806e-18   48439232
  6.866374e-01   6.236890e-15   5.892484e-04   1.069821e-18   48754090
  6.886783e-01   6.143947e-15   5.890583e-04   1.053188e-18   49029406
  6.907187e-01   6.046021e-15   5.889734e-04   1.034696e-18   49313602
  6.927591e-01   5.955336e-15   5.889961e-04   1.018475e-18   49606816
  6.947992e-01   5.867249e-15   5.888581e-04   1.002230e-18   49886086
  6.968395e-01   5.778481e-15   5.891574e-04   9.856815e-19   50206858
  6.988805e-01   5.689827e-15   5.891832e-04   9.700667e-19   50504674
  7.009210e-01   5.605472e-15   5.888745e-04   9.545412e-19   50771552
  7.029616e-01   5.520462e-15   5.892780e-04   9.388175e-19   51101686
  7.050023e-01   5.437195e-15   5.889489e-04   9.241803e-19   51370378
  7.070426e-01   5.356349e-15   5.889825e-04   9.096526e-19   51672682
  7.090831e-01   5.277569e-15   5.890985e-04   8.949445e-19   51980788
  7.111236e-01   5.201667e-15   5.890280e-04   8.815196e-19   52272682
  7.131641e-01   5.122701e-15   5.890792e-04   8.670058e-19   52579498
  7.152047e-01   5.046037e-15   5.890023e-04   8.532719e-19   52874566
  7.172449e-01   4.971981e-15   5.889167e-04   8.401123e-19   53167808
  7.192858e-01   4.899914e-15   5.894268e-04   8.270941e-19   53515714
  7.213267e-01   4.828258e-15   5.888931e-04   8.138779e-19   53772202
  7.233667e-01   4.754875e-15   5.888686e-04   8.013718e-19   54076486
  7.254071e-01   4.689320e-15   5.891300e-04   7.896987e-19   54404584
  7.274479e-01   4.621953e-15   5.891493e-04   7.778156e-19   54711802
  7.294882e-01   4.553815e-15   5.888354e-04   7.653720e-19   54991006
  7.315285e-01   4.487950e-15   5.891199e-04   7.535338e-19   55327306
  7.335692e-01   4.423614e-15   5.890696e-04   7.423985e-19   55630256
  7.356096e-01   4.358723e-15   5.889727e-04   7.312249e-19   55929562
  7.376503e-01   4.296666e-15   5.891964e-04   7.199360e-19   56263678
  7.396911e-01   4.233939e-15   5.890745e-04   7.085015e-19   56564050
  7.417316e-01   4.175837e-15   5.889839e-04   6.988935e-19   56866744
  7.437721e-01   4.114618e-15   5.891183e-04   6.878893e-19   57191926
  7.458128e-01   4.057450e-15   5.890701e-04   6.777499e-19   57502690
  7.478532e-01   3.996913e-15   5.889499e-04   6.672276e-19   57807346
  7.498935e-01   3.940535e-15   5.890311e-04   6.574753e-19   58128860
  7.519342e-01   3.887471e-15   5.891800e-04   6.482143e-19   58460482
  7.539749e-01   3.832578e-15   5.890194e-04   6.386853e-19   58763242
  7.560154e-01   3.777201e-15   5.890230e-04   6.291086e-19   59082106
  7.580559e-01   3.725210e-15   5.890890e-04   6.197103e-19   59407348
  7.600966e-01   3.673196e-15   5.891168e-04   6.109190e-19   59728954
  7.621372e-01   3.622167e-15   5.890591e-04   6.024138e-19   60046258
  7.641776e-01   3.571081e-15   5.889475e-04   5.933992e-19   60357214
  7.662176e-01   3.523561e-15   5.888944e-04   5.853362e-19   60673376
  7.682580e-01   3.475380e-15   5.891314e-04   5.768628e-19   61021858
  7.702985e-01   3.425366e-15   5.889623e-04   5.683589e-19   61328446
  7.723391e-01   3.379897e-15   5.891467e-04   5.602843e-19   61674178
  7.743799e-01   3.333574e-15   5.890894e-04   5.525631e-19   61993840
  7.764203e-01   3.287279e-15   5.889881e-04   5.448577e-19   62309914
  7.784609e-01   3.242897e-15   5.891064e-04   5.370363e-19   62652022
  7.805015e-01   3.198671e-15   5.890586e-04   5.296107e-19   62975410
  7.825417e-01   3.156019e-15   5.888216e-04   5.224204e-19   63279512
  7.845823e-01   3.113354e-15   5.893386e-04   5.150648e-19   63665182
  7.866232e-01   3.070259e-15   5.889600e-04   5.075931e-19   63955858
  7.886636e-01   3.030210e-15   5.890392e-04   5.006989e-19   64297714
  7.907041e-01   2.989369e-15   5.890386e-04   4.938513e-19   64629700
  7.927448e-01   2.949638e-15   5.891524e-04   4.869512e-19   64975930
  7.947853e-01   2.910931e-15   5.889366e-04   4.807153e-19   65286826
  7.968255e-01   2.872020e-15   5.889848e-04   4.741109e-19   65628514
  7.988660e-01   2.832881e-15   5.890932e-04   4.673358e-19   65976716
  8.009067e-01   2.795507e-15   5.891188e-04   4.610660e-19   66316330
  8.029474e-01   2.759694e-15   5.891266e-04   4.548908e-19   66656650
  8.049878e-01   2.722746e-15   5.888988e-04   4.488311e-19   66970006
  8.070280e-01   2.687211e-15   5.890021e-04   4.427820e-19   67322080
  8.090687e-01   2.652991e-15   5.891875e-04   4.371633e-19   67682866
  8.111095e-01   2.618373e-15   5.890847e-04   4.312720e-19   68012842
  8.131499e-01   2.583953e-15   5.889318e-04   4.258117e-19   68339494
  8.151899e-01   2.550265e-15   5.888723e-04   4.199334e-19   68675096
  8.172305e-01   2.518327e-15   5.892538e-04   4.144420e-19   69064042
  8.192714e-01   2.486296e-15   5.890856e-04   4.093038e-19   69389686
  8.213121e-01   2.454441e-15   5.890987e-04   4.039310e-19   69738706
  8.233525e-01   2.422969e-15   5.888963e-04   3.989015e-19   70061896
  8.253928e-01   2.392799e-15   5.890583e-04   3.936915e-19   70425790
  8.274334e-01   2.361109e-15   5.891196e-04   3.884094e-19   70782370
  8.294740e-01   2.330620e-15   5.889724e-04   3.833630e-19   71116186
  8.315144e-01   2.301112e-15   5.890852e-04   3.784356e-19   71480024
  8.335549e-01   2.273358e-15   5.889597e-04   3.740237e-19   71814742
  8.355952e-01   2.244734e-15   5.890040e-04   3.692162e-19   72171202
  8.376358e-01   2.216403e-15   5.891439e-04   3.642393e-19   72543490
  8.396764e-01   2.189045e-15   5.889798e-04   3.599948e-19   72876820
  8.417169e-01   2.161960e-15   5.891365e-04   3.555852e-19   73248754
  8.437576e-01   2.134560e-15   5.891037e-04   3.509024e-19   73600714
  8.457981e-01   2.109103e-15   5.889516e-04   3.467561e-19   73939270
  8.478382e-01   2.082229e-15   5.889091e-04   3.424280e-19   74291714
  8.498788e-01   2.057703e-15   5.891854e-04   3.385358e-19   74682904
  8.519197e-01   2.032107e-15   5.891690e-04   3.340568e-19   75039298
  8.539602e-01   2.007136e-15   5.889132e-04   3.300198e-19   75368014
  8.560003e-01   1.982328e-15   5.889846e-04   3.259610e-19   75738490
  8.580410e-01   1.958431e-15   5.891817e-04   3.219018e-19   76124728
  8.600820e-01   1.935023e-15   5.891792e-04   3.182477e-19   76485862
  8.621224e-01   1.912567e-15   5.888897e-04   3.147181e-19   76813090
  8.641626e-01   1.888565e-15   5.890167e-04   3.107138e-19   77193586
  8.662032e-01   1.865944e-15   5.891008e-04   3.069223e-19   77568920
  8.682439e-01   1.843929e-15   5.890797e-04   3.034080e-19   77932510
  8.702844e-01   1.821400e-15   5.890060e-04   2.996508e-19   78289906
  8.723247e-01   1.799857e-15   5.889774e-04   2.961689e-19   78654682
  8.743654e-01   1.780395e-15   5.891909e-04   2.932209e-19   79049980
  8.764061e-01   1.758673e-15   5.890049e-04   2.896002e-19   79394074
  8.784467e-01   1.736908e-15   5.891673e-04   2.858259e-19   79787746
  8.804872e-01   1.717036e-15   5.888641e-04   2.828939e-19   80116310
  8.825277e-01   1.697626e-15   5.892283e-04   2.795480e-19   80537248
  8.845683e-01   1.677615e-15   5.889696e-04   2.764149e-19   80874346
  8.866088e-01   1.657860e-15   5.890951e-04   2.732921e-19   81267106
  8.886491e-01   1.639314e-15   5.888459e-04   2.703566e-19   81607390
  8.906896e-01   1.620729e-15   5.892322e-04   2.672109e-19   82033216
  8.927304e-01   1.602360e-15   5.890849e-04   2.642811e-19   82389442
  8.947709e-01   1.583339e-15   5.890077e-04   2.612186e-19   82756750
  8.968112e-01   1.565193e-15   5.889537e-04   2.583721e-19   83127570
  8.988518e-01   1.547475e-15   5.891942e-04   2.553653e-19   83539896
  9.008923e-01   1.530308e-15   5.889042e-04   2.527852e-19   83876998
  9.029325e-01   1.512657e-15   5.889931e-04   2.498332e-19   84272266
  9.049728e-01   1.495607e-15   5.889738e-04   2.469902e-19   84651082
  9.070134e-01   1.479208e-15   5.891428e-04   2.444677e-19   85056616
  9.090543e-01   1.462286e-15   5.891807e-04   2.417492e-19   85445494
  9.110948e-01   1.446512e-15   5.889254e-04   2.393048e-19   85792786
  9.131350e-01   1.430001e-15   5.889368e-04   2.365645e-19   86180690
  9.151757e-01   1.414993e-15   5.892597e-04   2.341807e-19   86612164
  9.172167e-01   1.399213e-15   5.890802e-04   2.317557e-19   86971186
  9.192569e-01   1.383660e-15   5.888405e-04   2.292527e-19   87324466
  9.212972e-01   1.368989e-15   5.891010e-04   2.268242e-19   87752002
  9.233379e-01   1.354443e-15   5.890933e-04   2.247336e-19   88139236
  9.253786e-01   1.339698e-15   5.891287e-04   2.223539e-19   88533010
  9.274193e-01   1.324645e-15   5.890668e-04   2.198080e-19   88915954
  9.294595e-01   1.310294e-15   5.888228e-04   2.175894e-19   89270822
  9.314999e-01   1.296867e-15   5.891979e-04   2.153704e-19   89718808
  9.335406e-01   1.283296e-15   5.890541e-04   2.133317e-19   90089986
  9.355812e-01   1.269149e-15   5.890655e-04   2.110408e-19   90486622
  9.376216e-01   1.255746e-15   5.889861e-04   2.089294e-19   90871474
  9.396619e-01   1.242832e-15   5.889761e-04   2.070460e-19   91264264
  9.417025e-01   1.230164e-15   5.891416e-04   2.048506e-19   91685746
  9.437433e-01   1.217004e-15   5.891100e-04   2.028456e-19   92079934
  9.457837e-01   1.204295e-15   5.889511e-04   2.008835e-19   92453258
  9.478243e-01   1.192064e-15   5.891894e-04   1.988916e-19   92890216
  9.498651e-01   1.179156e-15   5.890426e-04   1.968115e-19   93266086
  9.519055e-01   1.167430e-15   5.890148e-04   1.950554e-19   93664042
  9.539457e-01   1.155113e-15   5.889223e-04   1.931491e-19   94053754
  9.559861e-01   1.143947e-15   5.890673e-04   1.913847e-19   94478140
  9.580268e-01   1.132029e-15   5.891065e-04   1.895650e-19   94886986
  9.600674e-01   1.120867e-15   5.890780e-04   1.877610e-19   95286706
  9.621079e-01   1.109115e-15   5.889851e-04   1.858891e-19   95678762
  9.641484e-01   1.098127e-15   5.890983e-04   1.841425e-19   96104164
  9.661890e-01   1.087584e-15   5.890216e-04   1.825702e-19   96496690
  9.682295e-01   1.076246e-15   5.890990e-04   1.807376e-19   96918514
  9.702700e-01   1.065882e-15   5.889726e-04   1.791289e-19   97307278
  9.723103e-01   1.055787e-15   5.889587e-04   1.776850e-19   97714024
  9.743507e-01   1.045044e-15   5.890832e-04   1.759352e-19   98144122
  9.763914e-01   1.034938e-15   5.891285e-04   1.742103e-19   98563450
  9.784320e-01   1.024808e-15   5.890115e-04   1.727203e-19   98958470
  9.804726e-01   1.014877e-15   5.891125e-04   1.712103e-19   99387304
  9.825132e-01   1.005338e-15   5.890140e-04   1.698025e-19   99783106
  9.845537e-01   9.951458e-16   5.890821e-04   1.680775e-19   100210006
  9.865943e-01   9.861202e-16   5.890932e-04   1.667591e-19   100629538
  9.886348e-01   9.769500e-16   5.889573e-04   1.654382e-19   101022376
  9.906752e-01   9.674487e-16   5.890929e-04   1.638976e-19   101460742
  9.927158e-01   9.584705e-16   5.890716e-04   1.625583e-19   101877442
  9.947564e-01   9.492560e-16   5.890420e-04   1.610661e-19   102292778
  9.967968e-01   9.404816e-16   5.890077e-04   1.596785e-19   102706408
  9.988372e-01   9.324661e-16   5.889909e-04   1.586165e-19   103122910
  1.000878e+00   9.233311e-16   5.892507e-04   1.570568e-19   103590466
  1.002919e+00   9.149057e-16   5.888999e-04   1.558665e-19   103954594
  1.004959e+00   9.064840e-16   5.890683e-04   1.545904e-19   104405908
  1.006999e+00   8.986615e-16   5.890337e-04   1.533818e-19   104822674
  1.009040e+00   8.902691e-16   5.890259e-04   1.520911e-19   105248338
  1.011080e+00   8.822455e-16   5.890549e-04   1.508513e-19   105680174
  1.013121e+00   8.742570e-16   5.890587e-04   1.496429e-19   106107160
  1.015162e+00   8.668575e-16   5.890621e-04   1.485442e-19   106532746
  1.017202e+00   8.592951e-16   5.891714e-04   1.473889e-19   106983178
  1.019243e+00   8.514923e-16   5.889310e-04   1.462911e-19   107371678
  1.021283e+00   8.439402e-16   5.890781e-04   1.450098e-19   107825992
  1.023324e+00   8.369730e-16   5.890801e-04   1.440487e-19   108256762
  1.025365e+00   8.296399e-16   5.891196e-04   1.429125e-19   108697078
  1.027405e+00   8.224588e-16   5.888618e-04   1.418818e-19   109084106
  1.029445e+00   8.153702e-16   5.891123e-04   1.408391e-19   109563256
  1.031486e+00   8.088871e-16   5.890696e-04   1.399106e-19   109987786
  1.033526e+00   8.017437e-16   5.889856e-04   1.388588e-19   110410582
  1.035567e+00   7.948616e-16   5.890199e-04   1.376621e-19   110853658
  1.037607e+00   7.883594e-16   5.890374e-04   1.366848e-19   111292432
  1.039648e+00   7.821051e-16   5.891366e-04   1.358026e-19   111749038
  1.041688e+00   7.753051e-16   5.890194e-04   1.347781e-19   112167322
  1.043729e+00   7.691185e-16   5.889359e-04   1.338872e-19   112593170
  1.045769e+00   7.628650e-16   5.890781e-04   1.329269e-19   113059180
  1.047810e+00   7.569982e-16   5.891946e-04   1.321683e-19   113522842
  1.049851e+00   7.507522e-16   5.890529e-04   1.312493e-19   113938834
  1.051891e+00   7.446380e-16   5.889550e-04   1.302635e-19   114363730
  1.053931e+00   7.386310e-16   5.890529e-04   1.293836e-19   114826132
  1.055972e+00   7.334999e-16   5.891222e-04   1.287417e-19   115283146
  1.058013e+00   7.275381e-16   5.890429e-04   1.278136e-19   115714858
  1.060053e+00   7.217724e-16   5.889720e-04   1.269420e-19   116148350
  1.062094e+00   7.165220e-16   5.890966e-04   1.261987e-19   116621074
  1.064134e+00   7.112862e-16   5.891391e-04   1.255232e-19   117076912
  1.066175e+00   7.055529e-16   5.888940e-04   1.246277e-19   117476014
  1.068215e+00   7.000723e-16   5.891403e-04   1.238829e-19   117977266
  1.070256e+00   6.951590e-16   5.890586e-04   1.231728e-19   118411330
  1.072296e+00   6.900656e-16   5.890633e-04   1.224421e-19   118863808
  1.074337e+00   6.849350e-16   5.890300e-04   1.217805e-19   119309926
  1.076377e+00   6.799746e-16   5.889436e-04   1.210690e-19   119746154
  1.078418e+00   6.748972e-16   5.890425e-04   1.202855e-19   120222466
  1.080458e+00   6.705489e-16   5.891283e-04   1.197582e-19   120693652
  1.082499e+00   6.659225e-16   5.890784e-04   1.190660e-19   121138738
  1.084539e+00   6.610501e-16   5.890289e-04   1.183761e-19   121586722
  1.086580e+00   6.562864e-16   5.890313e-04   1.177255e-19   122046106
  1.088620e+00   6.518365e-16   5.889919e-04   1.171587e-19   122497588
  1.090661e+00   6.476659e-16   5.891764e-04   1.165629e-19   122993482
  1.092701e+00   6.430439e-16   5.889184e-04   1.158599e-19   123400850
  1.094742e+00   6.384409e-16   5.891205e-04   1.151743e-19   123906406
  1.096782e+00   6.346956e-16   5.889599e-04   1.147494e-19   124333864
  1.098823e+00   6.303793e-16   5.891264e-04   1.141813e-19   124831762
  1.100863e+00   6.264150e-16   5.889890e-04   1.137077e-19   125266318
  1.102904e+00   6.224127e-16   5.889958e-04   1.131581e-19   125733850
  1.104944e+00   6.186030e-16   5.891866e-04   1.126614e-19   126239536
  1.106985e+00   6.145754e-16   5.891189e-04   1.121394e-19   126690322
  1.109026e+00   6.107725e-16   5.888320e-04   1.116617e-19   127097390
  1.111066e+00   6.067050e-16   5.891291e-04   1.110487e-19   127630450
  1.113106e+00   6.032891e-16   5.889674e-04   1.106373e-19   128063512
  1.115147e+00   5.998852e-16   5.890953e-04   1.102518e-19   128559646
  1.117188e+00   5.961745e-16   5.891693e-04   1.097267e-19   129048946
  1.119228e+00   5.925148e-16   5.890550e-04   1.092346e-19   129496258
  1.121269e+00   5.891598e-16   5.889277e-04   1.088350e-19   129937804
  1.123309e+00   5.859596e-16   5.891485e-04   1.084965e-19   130460146
  1.125350e+00   5.824633e-16   5.889861e-04   1.080206e-19   130899986
  1.127390e+00   5.791819e-16   5.891261e-04   1.076629e-19   131408914
  1.129431e+00   5.762456e-16   5.889186e-04   1.072874e-19   131836660
  1.131471e+00   5.731271e-16   5.890882e-04   1.069126e-19   132349330
  1.133512e+00   5.696992e-16   5.890483e-04   1.065203e-19   132821674
  1.135552e+00   5.668743e-16   5.890400e-04   1.062174e-19   133298662
  1.137593e+00   5.641839e-16   5.891067e-04   1.059443e-19   133791832
  1.139634e+00   5.614806e-16   5.890647e-04   1.056523e-19   134261290
  1.141674e+00   5.585471e-16   5.890171e-04   1.052887e-19   134732858
  1.143714e+00   5.555165e-16   5.890143e-04   1.048964e-19   135217750
  1.145755e+00   5.531538e-16   5.890521e-04   1.047128e-19   135706048
  1.147795e+00   5.504670e-16   5.890013e-04   1.044555e-19   136176274
  1.149836e+00   5.476705e-16   5.891442e-04   1.040920e-19   136696294
  1.151877e+00   5.452224e-16   5.890157e-04   1.038900e-19   137152594
  1.153917e+00   5.428335e-16   5.890673e-04   1.036388e-19   137650312
  1.155958e+00   5.404885e-16   5.890043e-04   1.034548e-19   138119974
  1.157998e+00   5.379295e-16   5.890392e-04   1.031726e-19   138618410
  1.160039e+00   5.356021e-16   5.890651e-04   1.028863e-19   139115074
  1.162079e+00   5.334760e-16   5.890480e-04   1.026983e-19   139598296
  1.164120e+00   5.316380e-16   5.890599e-04   1.026623e-19   140091382
  1.166160e+00   5.292566e-16   5.889800e-04   1.024249e-19   140564770
  1.168201e+00   5.270643e-16   5.890380e-04   1.021987e-19   141072898
  1.170241e+00   5.251245e-16   5.891634e-04   1.020740e-19   141593980
  1.172282e+00   5.234536e-16   5.890131e-04   1.019794e-19   142050106
  1.174322e+00   5.213972e-16   5.889663e-04   1.018505e-19   142536194
  1.176362e+00   5.195546e-16   5.889976e-04   1.017327e-19   143040214
  1.178403e+00   5.180029e-16   5.892475e-04   1.017215e-19   143596672
  1.180444e+00   5.163005e-16   5.888530e-04   1.016170e-19   143996722
  1.182484e+00   5.145077e-16   5.891408e-04   1.014639e-19   144568426
  1.184525e+00   5.126127e-16   5.890931e-04   1.013323e-19   145057342
  1.186565e+00   5.112180e-16   5.890250e-04   1.013001e-19   145537888
  1.188606e+00   5.099123e-16   5.891118e-04   1.013185e-19   146059714
  1.190647e+00   5.086444e-16   5.890160e-04   1.013791e-19   146538542
  1.192687e+00   5.067492e-16   5.889612e-04   1.012191e-19   147029794
  1.194727e+00   5.056099e-16   5.891413e-04   1.012481e-19   147577264
  1.196768e+00   5.045644e-16   5.890795e-04   1.012264e-19   148064890
  1.198809e+00   5.031850e-16   5.890221e-04   1.012350e-19   148557886
  1.200849e+00   5.018676e-16   5.890890e-04   1.012574e-19   149080594
  1.202890e+00   5.007629e-16   5.889584e-04   1.012389e-19   149553256
  1.204930e+00   4.989160e-16   5.891253e-04   1.009700e-19   150102646
  1.206970e+00   4.843940e-16   5.889829e-04   9.686091e-20   150339167
  1.209010e+00   4.646681e-16   5.890378e-04   9.166893e-20   150110332
  1.211051e+00   4.456987e-16   5.890631e-04   8.674999e-20   149857372
  1.213091e+00   4.277507e-16   5.890038e-04   8.218345e-20   149584516
  1.215132e+00   4.109363e-16   5.890566e-04   7.792487e-20   149337736
  1.217172e+00   3.948940e-16   5.890107e-04   7.390695e-20   149061952
  1.219213e+00   3.800191e-16   5.890279e-04   7.021690e-20   148802188
  1.221253e+00   3.658412e-16   5.891076e-04   6.673989e-20   148556272
  1.223294e+00   3.524148e-16   5.890259e-04   6.347069e-20   148269512
  1.225334e+00   3.396180e-16   5.890700e-04   6.039906e-20   148010200
  1.227375e+00   3.276556e-16   5.890129e-04   5.756032e-20   147723904
  1.229415e+00   3.162145e-16   5.891133e-04   5.487638e-20   147477676
  1.231456e+00   3.054581e-16   5.890481e-04   5.242156e-20   147185992
  1.233497e+00   2.950623e-16   5.890127e-04   5.002720e-20   146900644
  1.235537e+00   2.853080e-16   5.890504e-04   4.780353e-20   146631880
  1.237577e+00   2.760464e-16   5.889396e-04   4.574859e-20   146325472
  1.239618e+00   2.671702e-16   5.890584e-04   4.377451e-20   146072660
  1.241659e+00   2.587423e-16   5.891863e-04   4.189888e-20   145819096
  1.243699e+00   2.508074e-16   5.890275e-04   4.019313e-20   145495612
  1.245740e+00   2.431180e-16   5.890387e-04   3.856112e-20   145211068
  1.247780e+00   2.359162e-16   5.890718e-04   3.702887e-20   144930616
  1.249821e+00   2.289044e-16   5.890299e-04   3.554033e-20   144629560
  1.251861e+00   2.222108e-16   5.889711e-04   3.415978e-20   144324232
  1.253902e+00   2.158517e-16   5.890914e-04   3.286649e-20   144060712
  1.255942e+00   2.097958e-16   5.890700e-04   3.163570e-20   143757068
  1.257983e+00   2.039319e-16   5.890809e-04   3.045345e-20   143463640
  1.260023e+00   1.983686e-16   5.890221e-04   2.935630e-20   143150992
  1.262064e+00   1.930308e-16   5.890436e-04   2.829770e-20   142855228
  1.264104e+00   1.878455e-16   5.890956e-04   2.728728e-20   142566664
  1.266145e+00   1.829260e-16   5.891031e-04   2.634068e-20   142262920
  1.268186e+00   1.781827e-16   5.888973e-04   2.543650e-20   141909196
  1.270226e+00   1.736405e-16   5.891356e-04   2.458120e-20   141658924
  1.272267e+00   1.693213e-16   5.890375e-04   2.377094e-20   141324932
  1.274307e+00   1.650691e-16   5.891107e-04   2.298196e-20   141033184
  1.276348e+00   1.610475e-16   5.889751e-04   2.225936e-20   140687188
  1.278388e+00   1.571509e-16   5.891350e-04   2.153697e-20   140411716
  1.280429e+00   1.533872e-16   5.889705e-04   2.086618e-20   140055724
  1.282469e+00   1.498262e-16   5.890588e-04   2.023128e-20   139758220
  1.284510e+00   1.463292e-16   5.890757e-04   1.961717e-20   139444756
  1.286550e+00   1.429944e-16   5.890521e-04   1.903703e-20   139116736
  1.288591e+00   1.397247e-16   5.889672e-04   1.848011e-20   138773468
  1.290631e+00   1.366159e-16   5.890066e-04   1.794736e-20   138458392
  1.292672e+00   1.335880e-16   5.891008e-04   1.742232e-20   138154300
  1.294712e+00   1.306876e-16   5.890757e-04   1.693932e-20   137819908
  1.296753e+00   1.278785e-16   5.890203e-04   1.647581e-20   137475340
  1.298793e+00   1.251488e-16   5.891002e-04   1.602311e-20   137163196
  1.300834e+00   1.225167e-16   5.890331e-04   1.559472e-20   136814716
  1.302874e+00   1.199465e-16   5.890577e-04   1.517844e-20   136485964
  1.304915e+00   1.174764e-16   5.889350e-04   1.478717e-20   136120808
  1.306955e+00   1.150659e-16   5.891045e-04   1.439980e-20   135821260
  1.308996e+00   1.127568e-16   5.890895e-04   1.403204e-20   135477340
  1.311037e+00   1.105301e-16   5.890947e-04   1.369204e-20   135135100
  1.313077e+00   1.083193e-16   5.889964e-04   1.334597e-20   134770696
  1.315117e+00   1.062187e-16   5.890487e-04   1.301986e-20   134437708
  1.317158e+00   1.041900e-16   5.889430e-04   1.272063e-20   134066500
  1.319198e+00   1.021715e-16   5.890907e-04   1.241057e-20   133752712
  1.321239e+00   1.002741e-16   5.891051e-04   1.212703e-20   133404284
  1.323280e+00   9.837535e-17   5.890537e-04   1.184962e-20   133041004
  1.325320e+00   9.658970e-17   5.890913e-04   1.159263e-20   132694456
  1.327361e+00   9.484152e-17   5.889810e-04   1.132735e-20   132313660
  1.329401e+00   9.309155e-17   5.891286e-04   1.107300e-20   131991472
  1.331442e+00   9.143775e-17   5.890126e-04   1.084375e-20   131604388
  1.333482e+00   8.981451e-17   5.890111e-04   1.061602e-20   131243368
  1.335523e+00   8.822321e-17   5.891086e-04   1.038873e-20   130902220
  1.337563e+00   8.669518e-17   5.889468e-04   1.017081e-20   130501724
  1.339604e+00   8.519007e-17   5.890756e-04   9.962559e-21   130164916
  1.341644e+00   8.376232e-17   5.890219e-04   9.767642e-21   129783760
  1.343685e+00   8.235231e-17   5.892039e-04   9.574123e-21   129455752
  1.345726e+00   8.094290e-17   5.889634e-04   9.381514e-21   129031288
  1.347766e+00   7.959048e-17   5.889860e-04   9.198324e-21   128662564
  1.349806e+00   7.830257e-17   5.890285e-04   9.028934e-21   128297836
  1.351847e+00   7.702594e-17   5.890303e-04   8.857741e-21   127920652
  1.353887e+00   7.578606e-17   5.891574e-04   8.695293e-21   127571336
  1.355928e+00   7.458648e-17   5.890300e-04   8.540200e-21   127164388
  1.357968e+00   7.340050e-17   5.889234e-04   8.388396e-21   126760960
  1.360009e+00   7.223481e-17   5.890605e-04   8.236551e-21   126407464
  1.362049e+00   7.109918e-17   5.891461e-04   8.089921e-21   126039568
  1.364090e+00   7.002342e-17   5.890104e-04   7.953478e-21   125624524
  1.366130e+00   6.895416e-17   5.891311e-04   7.819363e-21   125261068
  1.368171e+00   6.791298e-17   5.890585e-04   7.691087e-21   124856200
  1.370211e+00   6.688266e-17   5.888774e-04   7.563207e-21   124426292
  1.372252e+00   6.589816e-17   5.891363e-04   7.439934e-21   124087552
  1.374293e+00   6.492652e-17   5.890612e-04   7.320845e-21   123676768
  1.376333e+00   6.397855e-17   5.890393e-04   7.207709e-21   123273472
  1.378374e+00   6.304207e-17   5.891145e-04   7.092072e-21   122890852
  1.380414e+00   6.213445e-17   5.889878e-04   6.985526e-21   122463208
  1.382455e+00   6.124836e-17   5.890796e-04   6.880665e-21   122080756
  1.384495e+00   6.038751e-17   5.890985e-04   6.778154e-21   121682008
  1.386536e+00   5.955682e-17   5.888846e-04   6.682890e-21   121230104
  1.388576e+00   5.871165e-17   5.891923e-04   6.580821e-21   120886588
  1.390617e+00   5.789140e-17   5.888887e-04   6.486767e-21   120414880
  1.392657e+00   5.710657e-17   5.890786e-04   6.398003e-21   120043228
  1.394698e+00   5.633831e-17   5.891454e-04   6.310493e-21   119645356
  1.396738e+00   5.557227e-17   5.890259e-04   6.222991e-21   119205016
  1.398779e+00   5.483511e-17   5.890851e-04   6.140243e-21   118802680
  1.400819e+00   5.411843e-17   5.890625e-04   6.058310e-21   118379512
  1.402860e+00   5.339376e-17   5.889283e-04   5.978914e-21   117932660
  1.404900e+00   5.270532e-17   5.891761e-04   5.904926e-21   117563104
  1.406941e+00   5.200972e-17   5.890196e-04   5.827617e-21   117107632
  1.408982e+00   5.134826e-17   5.891150e-04   5.756777e-21   116702908
  1.411022e+00   5.070348e-17   5.889719e-04   5.687233e-21   116248540
  1.413062e+00   5.006105e-17   5.890825e-04   5.617232e-21   115842928
  1.415103e+00   4.944085e-17   5.890403e-04   5.551707e-21   115405216
  1.417143e+00   4.882814e-17   5.889673e-04   5.487965e-21   114957772
  1.419184e+00   4.822721e-17   5.891401e-04   5.424803e-21   114559364
  1.421225e+00   4.763161e-17   5.890398e-04   5.362237e-21   114104656
  1.423265e+00   4.705230e-17   5.890042e-04   5.301437e-21   113661280
  1.425306e+00   4.649276e-17   5.890785e-04   5.245114e-21   113237740
  1.427346e+00   4.593705e-17   5.889403e-04   5.189941e-21   112770880
  1.429386e+00   4.540214e-17   5.891022e-04   5.135507e-21   112359904
  1.431427e+00   4.486463e-17   5.891129e-04   5.081280e-21   111916864
  1.433468e+00   4.432640e-17   5.890529e-04   5.027141e-21   111460696
  1.435508e+00   4.381867e-17   5.889325e-04   4.977556e-21   110991224
  1.437549e+00   4.331216e-17   5.891042e-04   4.927300e-21   110575528
  1.439589e+00   4.281671e-17   5.891179e-04   4.880300e-21   110127664
  1.441630e+00   4.232900e-17   5.888211e-04   4.832612e-21   109618288
  1.443670e+00   4.184916e-17   5.892718e-04   4.783533e-21   109249240
  1.445711e+00   4.139240e-17   5.890165e-04   4.740948e-21   108746104
  1.447751e+00   4.094353e-17   5.889973e-04   4.700676e-21   108286000
  1.449792e+00   4.048504e-17   5.890817e-04   4.656841e-21   107843224
  1.451832e+00   4.003126e-17   5.889854e-04   4.615162e-21   107363840
  1.453873e+00   3.960916e-17   5.890974e-04   4.576088e-21   106923976
  1.455913e+00   3.918829e-17   5.890747e-04   4.537615e-21   106454320
  1.457954e+00   3.876927e-17   5.890821e-04   4.499452e-21   105989452
  1.459995e+00   3.835766e-17   5.890542e-04   4.461442e-21   105518308
  1.462035e+00   3.795672e-17   5.889452e-04   4.427839e-21   105028288
  1.464075e+00   3.755600e-17   5.890297e-04   4.391525e-21   104573752
  1.466116e+00   3.716234e-17   5.890543e-04   4.356519e-21   104104072
  1.468156e+00   3.678258e-17   5.890420e-04   4.324253e-21   103627328
  1.470197e+00   3.641892e-17   5.891604e-04   4.292590e-21   103172776
  1.472237e+00   3.604165e-17   5.889126e-04   4.262136e-21   102649708
  1.474278e+00   3.569390e-17   5.891801e-04   4.230783e-21   102217348
  1.476319e+00   3.532694e-17   5.889795e-04   4.202054e-21   101700736
  1.478359e+00   3.496801e-17   5.891047e-04   4.170206e-21   101239684
  1.480399e+00   3.461848e-17   5.889025e-04   4.144042e-21   100720660
  1.482440e+00   3.429368e-17   5.890941e-04   4.117770e-21   100266136
  1.484480e+00   3.394976e-17   5.890923e-04   4.090933e-21   99778100
  1.486521e+00   3.362635e-17   5.890961e-04   4.064779e-21   99287620
  1.488562e+00   3.330220e-17   5.890314e-04   4.038441e-21   98785756
  1.490602e+00   3.299973e-17   5.890200e-04   4.016723e-21   98290744
  1.492643e+00   3.267187e-17   5.890441e-04   3.990647e-21   97799956
  1.494683e+00   3.238111e-17   5.890092e-04   3.970147e-21   97297588
  1.496724e+00   3.207460e-17   5.890742e-04   3.945660e-21   96807856
  1.498764e+00   3.177554e-17   5.890937e-04   3.922981e-21   96311704
  1.500805e+00   3.149695e-17   5.889914e-04   3.904689e-21   95792888
  1.502845e+00   3.119483e-17   5.890998e-04   3.881257e-21   95307208
  1.504886e+00   3.091216e-17   5.890322e-04   3.862251e-21   94791100
  1.506926e+00   3.062909e-17   5.890218e-04   3.841967e-21   94280704
  1.508967e+00   3.036862e-17   5.891023e-04   3.825462e-21   93786136
  1.511007e+00   3.009008e-17   5.890098e-04   3.806332e-21   93259576
  1.513048e+00   2.982506e-17   5.890143e-04   3.789598e-21   92748448
  1.515088e+00   2.955961e-17   5.891043e-04   3.771239e-21   92250064
  1.517129e+00   2.930502e-17   5.889733e-04   3.755313e-21   91711820
  1.519169e+00   2.904896e-17   5.891153e-04   3.739308e-21   91217224
  1.521210e+00   2.880584e-17   5.889585e-04   3.723605e-21   90672604
  1.523250e+00   2.855862e-17   5.891610e-04   3.709575e-21   90183628
  1.525291e+00   2.831005e-17   5.890621e-04   3.692864e-21   89647216
  1.527331e+00   2.806590e-17   5.888907e-04   3.680016e-21   89094328
  1.529372e+00   2.785025e-17   5.891399e-04   3.668166e-21   88606888
  1.531412e+00   2.760692e-17   5.889473e-04   3.654419e-21   88049632
  1.533453e+00   2.737764e-17   5.891289e-04   3.640486e-21   87547700
  1.535494e+00   2.715032e-17   5.891432e-04   3.627549e-21   87018844
  1.537534e+00   2.692646e-17   5.889347e-04   3.617770e-21   86453428
  1.539575e+00   2.670995e-17   5.892172e-04   3.607178e-21   85961620
  1.541615e+00   2.648228e-17   5.889098e-04   3.593315e-21   85379956
  1.543655e+00   2.627516e-17   5.890392e-04   3.585284e-21   84860440
  1.545696e+00   2.606024e-17   5.891645e-04   3.576083e-21   84338596
  1.547737e+00   2.584673e-17   5.889823e-04   3.564704e-21   83770780
  1.549777e+00   2.564846e-17   5.890105e-04   3.556718e-21   83232380
  1.551818e+00   2.543467e-17   5.890092e-04   3.545676e-21   82685920
  1.553858e+00   2.524560e-17   5.891736e-04   3.538971e-21   82162552
  1.555899e+00   2.504067e-17   5.889481e-04   3.531097e-21   81583120
  1.557939e+00   2.484241e-17   5.890845e-04   3.523402e-21   81051772
  1.559980e+00   2.465642e-17   5.890308e-04   3.515975e-21   80492080
  1.562020e+00   2.446027e-17   5.890337e-04   3.509429e-21   79937728
  1.564061e+00   2.427514e-17   5.890974e-04   3.503007e-21   79392292
  1.566101e+00   2.407526e-17   5.889283e-04   3.494300e-21   78811832
  1.568142e+00   2.389440e-17   5.891109e-04   3.487435e-21   78277768
  1.570182e+00   2.372014e-17   5.890791e-04   3.485586e-21   77713156
  1.572223e+00   2.353411e-17   5.889841e-04   3.478466e-21   77137396
  1.574263e+00   2.336042e-17   5.891573e-04   3.474864e-21   76597252
  1.576304e+00   2.318150e-17   5.889752e-04   3.469799e-21   76006060
  1.578344e+00   2.299891e-17   5.890583e-04   3.466771e-21   75450580
  1.580385e+00   2.281906e-17   5.890719e-04   3.459078e-21   74884264
  1.582425e+00   2.265031e-17   5.888647e-04   3.457387e-21   74285432
  1.584466e+00   2.247908e-17   5.892725e-04   3.452828e-21   73765288
  1.586506e+00   2.230395e-17   5.890108e-04   3.450476e-21   73156660
  1.588547e+00   2.213485e-17   5.889540e-04   3.446635e-21   72574816
  1.590587e+00   2.197084e-17   5.892014e-04   3.445472e-21   72028000
  1.592628e+00   2.179686e-17   5.889485e-04   3.440830e-21   71415808
  1.594668e+00   2.163292e-17   5.890251e-04   3.438854e-21   70845868
  1.596709e+00   2.146428e-17   5.891156e-04   3.436451e-21   70272388
  1.598749e+00   2.130305e-17   5.890120e-04   3.436564e-21   69675308
  1.600790e+00   2.114395e-17   5.890000e-04   3.432643e-21   69088144
  1.602830e+00   2.097028e-17   5.890710e-04   3.430002e-21   68507884
  1.604871e+00   2.082438e-17   5.890512e-04   3.432852e-21   67917004
  1.606911e+00   2.065599e-17   5.890578e-04   3.428613e-21   67324480
  1.608952e+00   2.049668e-17   5.890788e-04   3.429508e-21   66733744
  1.610992e+00   2.033688e-17   5.890076e-04   3.426506e-21   66131224
  1.613033e+00   2.016374e-17   5.891093e-04   3.423854e-21   65545936
  1.615073e+00   2.002632e-17   5.889262e-04   3.430203e-21   64927556
  1.617114e+00   1.984385e-17   5.890371e-04   3.421993e-21   64338388
  1.619154e+00   1.970021e-17   5.891675e-04   3.423793e-21   63752068
  1.621195e+00   1.954258e-17   5.889776e-04   3.426503e-21   63127552
  1.623235e+00   1.937451e-17   5.890429e-04   3.421790e-21   62528716
  1.625276e+00   1.921657e-17   5.890384e-04   3.420680e-21   61921192
  1.627316e+00   1.904889e-17   5.890430e-04   3.421693e-21   61312336
  1.629357e+00   1.889615e-17   5.891104e-04   3.420541e-21   60710332
  1.631397e+00   1.873491e-17   5.888988e-04   3.421424e-21   60075140
  1.633438e+00   1.857010e-17   5.891169e-04   3.418021e-21   59484148
  1.635478e+00   1.841382e-17   5.890793e-04   3.419327e-21   58864996
  1.637519e+00   1.824242e-17   5.889698e-04   3.417990e-21   58235308
  1.639559e+00   1.809140e-17   5.890742e-04   3.417483e-21   57628036
  1.641600e+00   1.792403e-17   5.890577e-04   3.417657e-21   57004144
  1.643640e+00   1.775067e-17   5.891277e-04   3.411674e-21   56389540
  1.645681e+00   1.758943e-17   5.890631e-04   3.411495e-21   55759408
  1.647721e+00   1.741138e-17   5.888275e-04   3.407963e-21   55109720
  1.649762e+00   1.726129e-17   5.892023e-04   3.411727e-21   54519076
  1.651802e+00   1.706382e-17   5.890341e-04   3.400415e-21   53872468
  1.653843e+00   1.689686e-17   5.891088e-04   3.399469e-21   53248276
  1.655883e+00   1.672657e-17   5.889341e-04   3.393555e-21   52600132
  1.657924e+00   1.652970e-17   5.890604e-04   3.386902e-21   51976144
  1.659964e+00   1.636987e-17   5.891546e-04   3.386896e-21   51349900
  1.662005e+00   1.616872e-17   5.889908e-04   3.374135e-21   50695384
  1.664045e+00   1.597947e-17   5.890155e-04   3.364842e-21   50057984
  1.666086e+00   1.578687e-17   5.890380e-04   3.355230e-21   49419508
  1.668126e+00   1.559605e-17   5.890496e-04   3.347604e-21   48776488
  1.670167e+00   1.540100e-17   5.890648e-04   3.336733e-21   48133384
  1.672207e+00   1.518910e-17   5.889196e-04   3.320984e-21   47474236
  1.674248e+00   1.499807e-17   5.891309e-04   3.308328e-21   46843636
  1.676288e+00   1.476894e-17   5.891074e-04   3.286943e-21   46191052
  1.678329e+00   1.455442e-17   5.889792e-04   3.269845e-21   45529264
  1.680369e+00   1.435071e-17   5.890485e-04   3.254241e-21   44881736
  1.682410e+00   1.409999e-17   5.890525e-04   3.219702e-21   44225644
  1.684450e+00   1.388795e-17   5.891358e-04   3.201461e-21   43576192
  1.686491e+00   1.363122e-17   5.889794e-04   3.166239e-21   42904780
  1.688531e+00   1.338813e-17   5.889633e-04   3.130244e-21   42243280
  1.690572e+00   1.314963e-17   5.891008e-04   3.097953e-21   41592304
  1.692612e+00   1.286059e-17   5.890218e-04   3.042229e-21   40921504
  1.694653e+00   1.261057e-17   5.890829e-04   2.998422e-21   40260364
  1.696693e+00   1.232211e-17   5.888496e-04   2.939001e-21   39577280
  1.698733e+00   1.203153e-17   5.892354e-04   2.873207e-21   38934796
  1.700774e+00   1.173305e-17   5.890401e-04   2.799509e-21   38251060
  1.702814e+00   1.142038e-17   5.889828e-04   2.710473e-21   37573912
  1.704855e+00   1.110257e-17   5.889933e-04   2.618084e-21   36901072
  1.706895e+00   1.078427e-17   5.890773e-04   2.514773e-21   36243835
  1.708936e+00   1.052029e-17   5.891165e-04   2.432385e-21   35631178
  1.710977e+00   1.027638e-17   5.890339e-04   2.365354e-21   35038834
  1.713017e+00   1.005601e-17   5.889561e-04   2.302260e-21   34467356
  1.715058e+00   9.859728e-18   5.891917e-04   2.248936e-21   33932020
  1.717099e+00   9.663528e-18   5.890389e-04   2.197043e-21   33386890
  1.719139e+00   9.490350e-18   5.889525e-04   2.152228e-21   32859112
  1.721179e+00   9.313393e-18   5.890795e-04   2.109552e-21   32356054
  1.723220e+00   9.156413e-18   5.891297e-04   2.069605e-21   31858198
  1.725261e+00   8.996443e-18   5.889578e-04   2.030589e-21   31358896
  1.727301e+00   8.848646e-18   5.890306e-04   1.995527e-21   30881506
  1.729342e+00   8.706347e-18   5.890010e-04   1.964448e-21   30407522
  1.731382e+00   8.570766e-18   5.892460e-04   1.931483e-21   29957086
  1.733423e+00   8.443952e-18   5.890039e-04   1.902636e-21   29488294
  1.735463e+00   8.313691e-18   5.889085e-04   1.874236e-21   29035384
  1.737504e+00   8.190165e-18   5.890134e-04   1.844566e-21   28600522
  1.739544e+00   8.073049e-18   5.890735e-04   1.822166e-21   28168888
  1.741585e+00   7.964975e-18   5.891100e-04   1.797332e-21   27743284
  1.743625e+00   7.853247e-18   5.890873e-04   1.776429e-21   27321316
  1.745666e+00   7.750184e-18   5.888632e-04   1.755719e-21   26896532
  1.747706e+00   7.648203e-18   5.893143e-04   1.734760e-21   26509150
  1.749747e+00   7.551087e-18   5.889556e-04   1.716422e-21   26089648
  1.751787e+00   7.458604e-18   5.889177e-04   1.699045e-21   25691308
  1.753828e+00   7.365076e-18   5.891439e-04   1.679718e-21   25310632
  1.755869e+00   7.276946e-18   5.890222e-04   1.665552e-21   24918688
  1.757909e+00   7.191290e-18   5.891025e-04   1.649776e-21   24541360
  1.759949e+00   7.104364e-18   5.888725e-04   1.635406e-21   24156514
  1.761990e+00   7.026508e-18   5.890172e-04   1.621883e-21   23792042
  1.764031e+00   6.944134e-18   5.893560e-04   1.608395e-21   23440270
  1.766072e+00   6.871878e-18   5.889368e-04   1.597258e-21   23061724
  1.768111e+00   6.794992e-18   5.888399e-04   1.585163e-21   22702210
  1.770152e+00   6.726638e-18   5.891801e-04   1.573756e-21   22364644
  1.772193e+00   6.656748e-18   5.890835e-04   1.564862e-21   22012804
  1.774233e+00   6.582669e-18   5.890457e-04   1.553558e-21   21668428
  1.776274e+00   6.520520e-18   5.889348e-04   1.544932e-21   21326230
  1.778314e+00   6.453831e-18   5.889908e-04   1.537109e-21   20994284
  1.780354e+00   6.393979e-18   5.891391e-04   1.528896e-21   20669938
  1.782395e+00   6.327420e-18   5.891308e-04   1.520708e-21   20342638
  1.784436e+00   6.272870e-18   5.889063e-04   1.514477e-21   20013358
  1.786476e+00   6.218481e-18   5.892316e-04   1.509370e-21   19707214
  1.788517e+00   6.157725e-18   5.889170e-04   1.502560e-21   19381486
  1.790557e+00   6.106362e-18   5.890117e-04   1.498122e-21   19074238
  1.792598e+00   6.052640e-18   5.891567e-04   1.491746e-21   18772624
  1.794638e+00   6.004816e-18   5.888580e-04   1.489100e-21   18460526
  1.796679e+00   5.953539e-18   5.892699e-04   1.483619e-21   18174472
  1.798720e+00   5.906369e-18   5.889898e-04   1.480710e-21   17869018
  1.800760e+00   5.851750e-18   5.889083e-04   1.475727e-21   17574688
  1.802800e+00   5.809244e-18   5.892378e-04   1.473607e-21   17296672
  1.804841e+00   5.767016e-18   5.888582e-04   1.472764e-21   16999528
  1.806881e+00   5.716658e-18   5.891391e-04   1.467369e-21   16725952
  1.808922e+00   5.677665e-18   5.891464e-04   1.466649e-21   16447546
  1.810962e+00   5.636752e-18   5.888185e-04   1.466871e-21   16162976
  1.813003e+00   5.595011e-18   5.891753e-04   1.465243e-21   15901480
  1.815043e+00   5.557360e-18   5.889780e-04   1.464911e-21   15626866
  1.817084e+00   5.515640e-18   5.890869e-04   1.464762e-21   15364096
  1.819124e+00   5.478791e-18   5.890487e-04   1.464716e-21   15101074
  1.821165e+00   5.446026e-18   5.890272e-04   1.466278e-21   14840482
  1.823205e+00   5.408560e-18   5.890653e-04   1.466701e-21   14585698
  1.825246e+00   5.372467e-18   5.891264e-04   1.467320e-21   14333860
  1.827286e+00   5.341727e-18   5.887389e-04   1.469083e-21   14073794
  1.829327e+00   5.310944e-18   5.893124e-04   1.472714e-21   13840834
  1.831368e+00   5.273856e-18   5.889528e-04   1.472462e-21   13587610
  1.833408e+00   5.248584e-18   5.890132e-04   1.476767e-21   13347532
  1.835449e+00   5.213935e-18   5.891862e-04   1.477873e-21   13113010
  1.837489e+00   5.187983e-18   5.889134e-04   1.482510e-21   12870418
  1.839530e+00   5.154551e-18   5.891722e-04   1.485518e-21   12643618
  1.841570e+00   5.130995e-18   5.889276e-04   1.490120e-21   12408220
  1.843610e+00   5.104962e-18   5.888611e-04   1.496353e-21   12178826
  1.845651e+00   5.079324e-18   5.893835e-04   1.498574e-21   11965252
  1.847692e+00   5.053594e-18   5.889798e-04   1.505520e-21   11734570
  1.849732e+00   5.024354e-18   5.888108e-04   1.509754e-21   11512084
  1.851772e+00   5.002081e-18   5.892882e-04   1.516112e-21   11304874
  1.853813e+00   4.978236e-18   5.890727e-04   1.521328e-21   11085628
  1.855854e+00   4.952672e-18   5.888873e-04   1.527882e-21   10871212
  1.857894e+00   4.933303e-18   5.890526e-04   1.535903e-21   10665436
  1.859934e+00   4.913337e-18   5.887988e-04   1.542907e-21   10454018
  1.861975e+00   4.890820e-18   5.894361e-04   1.548752e-21   10261756
  1.864016e+00   4.869222e-18   5.890315e-04   1.555148e-21   10052716
  1.866056e+00   4.850853e-18   5.887366e-04   1.564932e-21   9849052
  1.868096e+00   4.830645e-18   5.891497e-04   1.574603e-21   9659884
  1.870137e+00   4.812108e-18   5.891009e-04   1.582501e-21   9464068
  1.872178e+00   4.794490e-18   5.891150e-04   1.591764e-21   9273118
  1.874218e+00   4.774517e-18   5.890493e-04   1.602099e-21   9082996
  1.876258e+00   4.762723e-18   5.885635e-04   1.613979e-21   8888324
  1.878298e+00   4.741821e-18   5.894681e-04   1.621403e-21   8717860
  1.880339e+00   4.724780e-18   5.889024e-04   1.632685e-21   8526892
  1.882380e+00   4.713133e-18   5.891160e-04   1.645422e-21   8350294
  1.884421e+00   4.702373e-18   5.892668e-04   1.657941e-21   8175196
  1.886461e+00   4.679879e-18   5.886896e-04   1.668525e-21   7991188
  1.888501e+00   4.672124e-18   5.891856e-04   1.683168e-21   7825390
  1.890542e+00   4.659642e-18   5.892269e-04   1.696258e-21   7655212
  1.892582e+00   4.647622e-18   5.885119e-04   1.711512e-21   7477166
  1.894623e+00   4.632865e-18   5.895156e-04   1.720897e-21   7324060
  1.896664e+00   4.618814e-18   5.888806e-04   1.737265e-21   7151566
  1.898704e+00   4.608671e-18   5.888852e-04   1.752980e-21   6989950
  1.900745e+00   4.593036e-18   5.894191e-04   1.766654e-21   6836908
  1.902785e+00   4.587958e-18   5.887692e-04   1.783709e-21   6671038
  1.904825e+00   4.574538e-18   5.892290e-04   1.798820e-21   6521230
  1.906866e+00   4.563950e-18   5.889874e-04   1.815848e-21   6365332
  1.908906e+00   4.554082e-18   5.884549e-04   1.836594e-21   6208238
  1.910946e+00   4.548841e-18   5.897328e-04   1.851737e-21   6073126
  1.912988e+00   4.542469e-18   5.888926e-04   1.872542e-21   5916982
  1.915027e+00   4.529625e-18   5.887954e-04   1.893160e-21   5771308
  1.917068e+00   4.519069e-18   5.892604e-04   1.910837e-21   5633446
  1.919109e+00   4.516966e-18   5.888913e-04   1.934309e-21   5488414
  1.921149e+00   4.504054e-18   5.892279e-04   1.953642e-21   5353270
  1.923191e+00   4.501195e-18   5.893097e-04   1.978209e-21   5217238
  1.925230e+00   4.493929e-18   5.881123e-04   1.999083e-21   5071646
  1.927270e+00   4.487693e-18   5.897435e-04   2.020706e-21   4953394
  1.929311e+00   4.484746e-18   5.888971e-04   2.048038e-21   4815046
  1.931351e+00   4.477742e-18   5.888986e-04   2.073673e-21   4686502
  1.933392e+00   4.471775e-18   5.894151e-04   2.096680e-21   4564246
  1.935432e+00   4.468646e-18   5.884214e-04   2.127416e-21   4431088
  1.937472e+00   4.458951e-18   5.895013e-04   2.147922e-21   4316734
  1.939514e+00   4.461205e-18   5.892371e-04   2.182790e-21   4193806
  1.941554e+00   4.453194e-18   5.881432e-04   2.210466e-21   4066670
  1.943594e+00   4.447212e-18   5.899332e-04   2.234403e-21   3962278
  1.945635e+00   4.450048e-18   5.886384e-04   2.275816e-21   3837862
  1.947675e+00   4.449528e-18   5.888459e-04   2.308535e-21   3726112
  1.949716e+00   4.440069e-18   5.894296e-04   2.334360e-21   3618790
  1.951756e+00   4.445315e-18   5.885912e-04   2.377957e-21   3503302
  1.953796e+00   4.444154e-18   5.894725e-04   2.411133e-21   3401176
  1.955838e+00   4.438381e-18   5.891226e-04   2.447669e-21   3293194
  1.957876e+00   4.432491e-18   5.877277e-04   2.489070e-21   3181142
  1.959917e+00   4.431385e-18   5.903988e-04   2.523766e-21   3093808
  1.961960e+00   4.435004e-18   5.888871e-04   2.569651e-21   2984950
  1.963999e+00   4.435221e-18   5.886109e-04   2.612760e-21   2885224
  1.966040e+00   4.429449e-18   5.897750e-04   2.652556e-21   2794390
  1.968080e+00   4.445080e-18   5.881630e-04   2.706593e-21   2690920
  1.970120e+00   4.434357e-18   5.894221e-04   2.747859e-21   2603926
  1.972161e+00   4.435961e-18   5.892800e-04   2.801431e-21   2511952
  1.974200e+00   4.434487e-18   5.876979e-04   2.862173e-21   2415422
  1.976241e+00   4.434547e-18   5.905190e-04   2.901388e-21   2339440
  1.978283e+00   4.440428e-18   5.886459e-04   2.964571e-21   2245138
  1.980322e+00   4.440203e-18   5.885584e-04   3.019835e-21   2160592
  1.982363e+00   4.441838e-18   5.897432e-04   3.076086e-21   2082736
  1.984403e+00   4.443032e-18   5.881362e-04   3.142074e-21   1995454
  1.986443e+00   4.446024e-18   5.897534e-04   3.207737e-21   1922008
  1.988485e+00   4.446559e-18   5.891749e-04   3.281833e-21   1842448
  1.990522e+00   4.455708e-18   5.870719e-04   3.353119e-21   1759982
  1.992563e+00   4.454193e-18   5.909793e-04   3.419437e-21   1698088
  1.994607e+00   4.466304e-18   5.888644e-04   3.508625e-21   1618912
  1.996645e+00   4.462422e-18   5.882080e-04   3.591482e-21   1546426
  1.998686e+00   4.465825e-18   5.901587e-04   3.669955e-21   1482760
  2.000726e+00   4.471654e-18   5.876526e-04   3.766237e-21   1408504
  2.002766e+00   4.480904e-18   5.900293e-04   3.854618e-21   1348888
  2.004809e+00   4.466265e-18   5.894112e-04   3.939892e-21   1283128
  2.006844e+00   4.485457e-18   5.857661e-04   4.079272e-21   1212710
  2.008884e+00   4.499450e-18   5.919958e-04   4.179919e-21   1165312
  2.010930e+00   4.488202e-18   5.888517e-04   4.277650e-21   1099240
  2.012967e+00   4.500085e-18   5.874477e-04   4.421107e-21   1039180
  2.015008e+00   4.506435e-18   5.907201e-04   4.543229e-21   989296
  2.017048e+00   4.516765e-18   5.871427e-04   4.680415e-21   928480
  2.019088e+00   4.504462e-18   5.908312e-04   4.801269e-21   881896
  2.021133e+00   4.533126e-18   5.892377e-04   4.981820e-21   828112
  2.023164e+00   4.537990e-18   5.840081e-04   5.161825e-21   771512
  2.025205e+00   4.539273e-18   5.943827e-04   5.291166e-21   737656
  2.027255e+00   4.537880e-18   5.883968e-04   5.479612e-21   682876
  2.029287e+00   4.560273e-18   5.857126e-04   5.719887e-21   635344
  2.031329e+00   4.556000e-18   5.927774e-04   5.867102e-21   600232
  2.033373e+00   4.559870e-18   5.864297e-04   6.110221e-21   551368
  2.035408e+00   4.568487e-18   5.898380e-04   6.382396e-21   514696
  2.037453e+00   4.595024e-18   5.900658e-04   6.663678e-21   476416
  2.039484e+00   4.608504e-18   5.824378e-04   6.972866e-21   433616
  2.041526e+00   4.613101e-18   5.962478e-04   7.207810e-21   408292
  2.043575e+00   4.623808e-18   5.862678e-04   7.649025e-21   366880
  2.045605e+00   4.628430e-18   5.870941e-04   7.964760e-21   335704
  2.047656e+00   4.621154e-18   5.955911e-04   8.247554e-21   309472
  2.049690e+00   4.643902e-18   5.783526e-04   8.904793e-21   270784
  2.051720e+00   4.651325e-18   5.958327e-04   9.255964e-21   251818
  2.053787e+00   4.689401e-18   5.940264e-04   9.945982e-21   224092
  2.055790e+00   4.653158e-18   5.619118e-04   1.076486e-20   188432
  2.057825e+00   4.688311e-18   6.103572e-04   1.098016e-20   181504
  2.059914e+00   4.706490e-18   5.896146e-04   1.203653e-20   151936
  2.061912e+00   4.706907e-18   5.664388e-04   1.317863e-20   126706
  2.063961e+00   4.702562e-18   6.122265e-04   1.371880e-20   118288
  2.066031e+00   4.722534e-18   5.747082e-04   1.545836e-20   92620
  2.068014e+00   4.712696e-18   5.791988e-04   1.683933e-20   78136
  2.070093e+00   4.729447e-18   6.153460e-04   1.807357e-20   68626
  2.072088e+00   4.769216e-18   5.129496e-04   2.204434e-20   46280
  2.074059e+00   4.795809e-18   6.160051e-04   2.294510e-20   43432
  2.076220e+00   4.781479e-18   6.155713e-04   2.702716e-20   32056
  2.078220e+00   4.792021e-18   5.100189e-04   3.416930e-20   19270
  2.080175e+00   4.741950e-18   6.137065e-04   3.783546e-20   15688
  2.082322e+00   4.844534e-18   6.108434e-04   5.087177e-20   9208
  2.084319e+00   4.711651e-18   5.039385e-04   6.984702e-20   3970
  2.086177e+00   4.719006e-18   5.810493e-04   1.140246e-19   1816
  2.088030e+00   4.602537e-18   3.896770e-04   2.708983e-19   230
