# power spectrum of zeta (dimensionless)
# redshift z=3.978463
# k              Pk             sigma(k)       sigma(Pk)      count
  1.554082e-03   6.796737e-21   3.849967e-04   8.329396e-22   146
  3.315891e-03   1.154732e-19   5.645617e-04   4.453843e-21   1042
  5.255560e-03   5.769926e-19   5.631710e-04   1.234060e-20   2698
  7.226238e-03   1.797013e-18   5.714963e-04   2.664521e-20   5206
  9.236952e-03   4.195527e-18   5.879031e-04   4.835629e-20   8752
  1.128500e-02   8.258753e-18   5.950186e-04   7.378218e-20   13258
  1.332029e-02   1.437341e-17   5.812860e-04   1.093137e-19   18070
  1.533799e-02   2.229447e-17   5.833601e-04   1.455480e-19   24050
  1.738769e-02   3.233006e-17   5.989399e-04   1.834523e-19   31720
  1.943477e-02   4.471417e-17   5.849109e-04   2.272218e-19   38722
  2.146405e-02   5.827412e-17   5.862639e-04   2.714900e-19   47398
  2.349979e-02   7.399275e-17   5.882944e-04   3.104334e-19   56986
  2.554151e-02   9.158541e-17   5.907046e-04   3.560834e-19   67552
  2.758014e-02   1.114405e-16   5.872674e-04   3.994544e-19   78310
  2.961557e-02   1.293624e-16   5.882808e-04   4.334624e-19   90514
  3.164924e-02   1.511047e-16   5.857631e-04   4.761270e-19   102938
  3.368563e-02   1.704037e-16   5.901325e-04   4.987953e-19   117412
  3.572860e-02   1.951941e-16   5.900212e-04   5.370264e-19   132106
  3.776869e-02   2.183820e-16   5.879385e-04   5.701008e-19   147154
  3.980581e-02   2.413448e-16   5.881164e-04   5.974818e-19   163522
  4.184971e-02   2.675292e-16   5.917380e-04   6.283002e-19   181804
  4.388716e-02   2.943018e-16   5.852792e-04   6.670679e-19   197722
  4.592521e-02   3.230143e-16   5.913571e-04   6.903475e-19   218866
  4.796858e-02   3.576829e-16   5.883333e-04   7.338553e-19   237542
  5.000645e-02   3.894649e-16   5.882751e-04   7.675524e-19   258136
  5.204613e-02   4.253570e-16   5.892119e-04   8.060456e-19   280066
  5.408484e-02   4.617888e-16   5.879532e-04   8.436664e-19   301774
  5.612494e-02   5.029586e-16   5.897386e-04   8.796206e-19   326050
  5.816725e-02   5.480324e-16   5.892357e-04   9.300437e-19   349792
  6.020894e-02   5.937344e-16   5.898220e-04   9.735942e-19   375154
  6.224878e-02   6.396144e-16   5.878390e-04   1.017421e-18   399742
  6.428502e-02   6.911125e-16   5.877282e-04   1.059628e-18   426266
  6.632420e-02   7.378025e-16   5.892967e-04   1.095853e-18   454960
  6.836448e-02   7.876916e-16   5.887382e-04   1.134568e-18   482734
  7.040483e-02   8.378654e-16   5.895060e-04   1.171275e-18   512746
  7.244666e-02   8.865142e-16   5.892082e-04   1.203489e-18   542746
  7.448833e-02   9.264081e-16   5.895081e-04   1.223325e-18   573952
  7.652873e-02   9.706429e-16   5.886192e-04   1.255506e-18   604918
  7.856782e-02   1.015979e-15   5.887181e-04   1.273818e-18   637666
  8.060887e-02   1.051700e-15   5.897344e-04   1.280247e-18   672482
  8.265024e-02   1.092514e-15   5.887854e-04   1.300727e-18   705748
  8.468883e-02   1.123794e-15   5.884884e-04   1.302972e-18   740482
  8.673009e-02   1.154322e-15   5.901845e-04   1.306047e-18   779026
  8.877006e-02   1.182313e-15   5.875992e-04   1.311751e-18   812614
  9.081033e-02   1.213080e-15   5.902277e-04   1.313529e-18   854200
  9.285241e-02   1.243747e-15   5.887737e-04   1.318630e-18   890746
  9.489189e-02   1.273367e-15   5.888028e-04   1.317961e-18   930394
  9.693174e-02   1.305353e-15   5.888121e-04   1.327199e-18   970982
  9.897209e-02   1.337154e-15   5.890745e-04   1.329627e-18   1012600
  1.010137e-01   1.371891e-15   5.897237e-04   1.337612e-18   1055890
  1.030542e-01   1.409439e-15   5.884073e-04   1.352017e-18   1096630
  1.050933e-01   1.447794e-15   5.887890e-04   1.356844e-18   1141378
  1.071337e-01   1.492272e-15   5.890564e-04   1.372116e-18   1186552
  1.091740e-01   1.540939e-15   5.889981e-04   1.390453e-18   1231798
  1.112148e-01   1.591141e-15   5.893633e-04   1.410559e-18   1279234
  1.132559e-01   1.648236e-15   5.890093e-04   1.434015e-18   1325906
  1.152965e-01   1.707454e-15   5.891197e-04   1.458836e-18   1374352
  1.173364e-01   1.765947e-15   5.886007e-04   1.484214e-18   1421950
  1.193758e-01   1.834432e-15   5.890300e-04   1.513448e-18   1472962
  1.214157e-01   1.894810e-15   5.886064e-04   1.537059e-18   1522954
  1.234545e-01   1.956244e-15   5.884752e-04   1.562006e-18   1573804
  1.254965e-01   2.021650e-15   5.906693e-04   1.582942e-18   1632274
  1.275390e-01   2.082634e-15   5.886302e-04   1.607327e-18   1680226
  1.295769e-01   2.139221e-15   5.879889e-04   1.629630e-18   1732682
  1.316167e-01   2.195221e-15   5.894980e-04   1.640391e-18   1792204
  1.336589e-01   2.249777e-15   5.896575e-04   1.654836e-18   1848298
  1.356989e-01   2.295415e-15   5.883050e-04   1.669583e-18   1901050
  1.377383e-01   2.335409e-15   5.890297e-04   1.667127e-18   1961326
  1.397792e-01   2.370551e-15   5.892228e-04   1.671762e-18   2020312
  1.418209e-01   2.409065e-15   5.895741e-04   1.671613e-18   2080930
  1.438627e-01   2.436163e-15   5.893024e-04   1.666357e-18   2140390
  1.459026e-01   2.463395e-15   5.883405e-04   1.665346e-18   2198162
  1.479427e-01   2.483851e-15   5.893956e-04   1.651590e-18   2263864
  1.499842e-01   2.506623e-15   5.893769e-04   1.643586e-18   2326426
  1.520249e-01   2.525561e-15   5.889045e-04   1.633935e-18   2388550
  1.540650e-01   2.541156e-15   5.888570e-04   1.621393e-18   2453098
  1.561047e-01   2.562637e-15   5.886971e-04   1.615692e-18   2517592
  1.581449e-01   2.589330e-15   5.892905e-04   1.614430e-18   2586070
  1.601854e-01   2.609571e-15   5.889181e-04   1.603446e-18   2651842
  1.622257e-01   2.635323e-15   5.889579e-04   1.594439e-18   2720330
  1.642669e-01   2.666230e-15   5.894439e-04   1.598768e-18   2791156
  1.663078e-01   2.701537e-15   5.889934e-04   1.599887e-18   2858554
  1.683481e-01   2.739240e-15   5.890635e-04   1.600937e-18   2929594
  1.703877e-01   2.781717e-15   5.885431e-04   1.606490e-18   2998762
  1.724278e-01   2.826437e-15   5.891948e-04   1.613875e-18   3074188
  1.744675e-01   2.881557e-15   5.885376e-04   1.624853e-18   3143482
  1.765088e-01   2.932448e-15   5.900653e-04   1.632742e-18   3226186
  1.785498e-01   2.986724e-15   5.882615e-04   1.651004e-18   3291158
  1.805901e-01   3.045127e-15   5.897179e-04   1.658536e-18   3375112
  1.826317e-01   3.106533e-15   5.890290e-04   1.674713e-18   3447658
  1.846719e-01   3.162288e-15   5.889171e-04   1.686255e-18   3524626
  1.867120e-01   3.218919e-15   5.888543e-04   1.699124e-18   3602998
  1.887512e-01   3.275241e-15   5.883706e-04   1.709093e-18   3678592
  1.907908e-01   3.326518e-15   5.892546e-04   1.714733e-18   3764122
  1.928324e-01   3.376266e-15   5.894579e-04   1.723435e-18   3846598
  1.948727e-01   3.425981e-15   5.885077e-04   1.729827e-18   3922250
  1.969136e-01   3.464970e-15   5.896943e-04   1.732866e-18   4013032
  1.989552e-01   3.501195e-15   5.889700e-04   1.730726e-18   4091182
  2.009950e-01   3.533941e-15   5.887664e-04   1.732475e-18   4174282
  2.030353e-01   3.562029e-15   5.891040e-04   1.727239e-18   4261978
  2.050762e-01   3.583164e-15   5.892160e-04   1.719021e-18   4348624
  2.071163e-01   3.605596e-15   5.886637e-04   1.714153e-18   4431430
  2.091564e-01   3.619521e-15   5.892138e-04   1.704634e-18   4523290
  2.111972e-01   3.637834e-15   5.891043e-04   1.696891e-18   4611386
  2.132376e-01   3.652996e-15   5.888473e-04   1.688024e-18   4698814
  2.152782e-01   3.666138e-15   5.893426e-04   1.675571e-18   4792984
  2.173194e-01   3.679888e-15   5.892017e-04   1.666169e-18   4883194
  2.193596e-01   3.686050e-15   5.887755e-04   1.655685e-18   4971694
  2.214001e-01   3.700537e-15   5.893212e-04   1.645979e-18   5069434
  2.234405e-01   3.722389e-15   5.886957e-04   1.641672e-18   5157736
  2.254804e-01   3.739863e-15   5.891220e-04   1.636566e-18   5256202
  2.275212e-01   3.759280e-15   5.891252e-04   1.628049e-18   5351990
  2.295614e-01   3.783475e-15   5.887454e-04   1.623428e-18   5444914
  2.316024e-01   3.812057e-15   5.895775e-04   1.619434e-18   5550088
  2.336441e-01   3.843314e-15   5.892314e-04   1.619005e-18   5644774
  2.356844e-01   3.873996e-15   5.887291e-04   1.619289e-18   5739034
  2.377243e-01   3.911853e-15   5.889493e-04   1.621918e-18   5841154
  2.397648e-01   3.947272e-15   5.891188e-04   1.620660e-18   5943448
  2.418057e-01   3.987742e-15   5.891894e-04   1.624369e-18   6045670
  2.438457e-01   4.032028e-15   5.886738e-04   1.629340e-18   6142586
  2.458857e-01   4.069866e-15   5.890965e-04   1.629627e-18   6250738
  2.479269e-01   4.112110e-15   5.893339e-04   1.634552e-18   6357172
  2.499678e-01   4.150679e-15   5.890271e-04   1.635455e-18   6458506
  2.520084e-01   4.192091e-15   5.891472e-04   1.638585e-18   6566290
  2.540484e-01   4.223978e-15   5.886483e-04   1.639613e-18   6667414
  2.560881e-01   4.259565e-15   5.889729e-04   1.637947e-18   6778336
  2.581289e-01   4.297054e-15   5.893065e-04   1.639361e-18   6890218
  2.601690e-01   4.325743e-15   5.886464e-04   1.639333e-18   6992306
  2.622097e-01   4.351466e-15   5.895050e-04   1.636338e-18   7113454
  2.642508e-01   4.376403e-15   5.888931e-04   1.633380e-18   7216216
  2.662907e-01   4.395477e-15   5.889220e-04   1.626146e-18   7328218
  2.683311e-01   4.411626e-15   5.891504e-04   1.621241e-18   7444414
  2.703714e-01   4.424705e-15   5.887477e-04   1.614181e-18   7553290
  2.724122e-01   4.437416e-15   5.894442e-04   1.605027e-18   7676368
  2.744529e-01   4.452882e-15   5.888427e-04   1.601640e-18   7783150
  2.764932e-01   4.458359e-15   5.891771e-04   1.589820e-18   7904570
  2.785337e-01   4.464470e-15   5.888377e-04   1.582129e-18   8017570
  2.805747e-01   4.473370e-15   5.894749e-04   1.572023e-18   8143840
  2.826158e-01   4.483445e-15   5.889589e-04   1.564985e-18   8255134
  2.846555e-01   4.487841e-15   5.886996e-04   1.555822e-18   8371450
  2.866957e-01   4.497590e-15   5.891278e-04   1.548316e-18   8498578
  2.887371e-01   4.509115e-15   5.893995e-04   1.540314e-18   8623180
  2.907783e-01   4.520591e-15   5.891794e-04   1.534256e-18   8742034
  2.928185e-01   4.532958e-15   5.887409e-04   1.528442e-18   8859194
  2.948582e-01   4.545872e-15   5.888043e-04   1.522116e-18   8984386
  2.968984e-01   4.564483e-15   5.889953e-04   1.517593e-18   9111652
  2.989394e-01   4.582293e-15   5.894313e-04   1.512502e-18   9243322
  3.009801e-01   4.599003e-15   5.888434e-04   1.510118e-18   9361378
  3.030204e-01   4.620996e-15   5.890316e-04   1.507121e-18   9491998
  3.050606e-01   4.644262e-15   5.889315e-04   1.503543e-18   9618016
  3.071010e-01   4.666844e-15   5.891205e-04   1.501573e-18   9750178
  3.091413e-01   4.682988e-15   5.888404e-04   1.496147e-18   9875558
  3.111820e-01   4.714963e-15   5.893640e-04   1.496446e-18   10015834
  3.132223e-01   4.729397e-15   5.885801e-04   1.492627e-18   10133344
  3.152627e-01   4.752897e-15   5.895529e-04   1.489579e-18   10282522
  3.173040e-01   4.774734e-15   5.889812e-04   1.487561e-18   10406974
  3.193437e-01   4.788689e-15   5.886096e-04   1.483127e-18   10534378
  3.213841e-01   4.809850e-15   5.894405e-04   1.477753e-18   10684456
  3.234254e-01   4.830080e-15   5.890917e-04   1.475509e-18   10813894
  3.254654e-01   4.842284e-15   5.887488e-04   1.471614e-18   10944626
  3.275058e-01   4.855452e-15   5.892300e-04   1.466361e-18   11091802
  3.295466e-01   4.866938e-15   5.889694e-04   1.460881e-18   11224756
  3.315871e-01   4.872733e-15   5.891399e-04   1.452654e-18   11367730
  3.336279e-01   4.883511e-15   5.891097e-04   1.447356e-18   11507890
  3.356680e-01   4.890917e-15   5.886912e-04   1.441568e-18   11640658
  3.377084e-01   4.896007e-15   5.893412e-04   1.435539e-18   11795380
  3.397495e-01   4.898310e-15   5.891216e-04   1.426844e-18   11933434
  3.417900e-01   4.900682e-15   5.889963e-04   1.419631e-18   12074954
  3.438308e-01   4.906987e-15   5.892532e-04   1.412790e-18   12225142
  3.458709e-01   4.907858e-15   5.885745e-04   1.405838e-18   12356104
  3.479106e-01   4.908905e-15   5.891058e-04   1.397002e-18   12513442
  3.499516e-01   4.913829e-15   5.892873e-04   1.390247e-18   12664810
  3.519928e-01   4.912904e-15   5.891937e-04   1.382486e-18   12811246
  3.540334e-01   4.916449e-15   5.889181e-04   1.375012e-18   12953536
  3.560735e-01   4.922121e-15   5.890044e-04   1.370675e-18   13105042
  3.581140e-01   4.922450e-15   5.891192e-04   1.361530e-18   13258670
  3.601546e-01   4.930127e-15   5.890325e-04   1.357400e-18   13408738
  3.621953e-01   4.934827e-15   5.890899e-04   1.350914e-18   13562320
  3.642355e-01   4.943133e-15   5.888450e-04   1.347238e-18   13709062
  3.662757e-01   4.946280e-15   5.891202e-04   1.338223e-18   13870258
  3.683171e-01   4.952952e-15   5.894186e-04   1.333663e-18   14032714
  3.703575e-01   4.961756e-15   5.886241e-04   1.330372e-18   14169232
  3.723976e-01   4.969777e-15   5.891956e-04   1.324340e-18   14339422
  3.744381e-01   4.976296e-15   5.888919e-04   1.319508e-18   14489330
  3.764785e-01   4.981674e-15   5.891282e-04   1.312865e-18   14654458
  3.785190e-01   4.989924e-15   5.889293e-04   1.309968e-18   14808292
  3.805593e-01   4.997184e-15   5.890179e-04   1.303752e-18   14970130
  3.825997e-01   5.005955e-15   5.890254e-04   1.299913e-18   15131626
  3.846399e-01   5.010016e-15   5.888648e-04   1.294453e-18   15289198
  3.866807e-01   5.016197e-15   5.894136e-04   1.288662e-18   15466552
  3.887217e-01   5.018364e-15   5.889267e-04   1.283316e-18   15616714
  3.907617e-01   5.022152e-15   5.889009e-04   1.278184e-18   15780506
  3.928022e-01   5.022502e-15   5.891699e-04   1.271807e-18   15953542
  3.948433e-01   5.027200e-15   5.892495e-04   1.265611e-18   16121296
  3.968834e-01   5.026712e-15   5.886227e-04   1.261253e-18   16270762
  3.989235e-01   5.021325e-15   5.892919e-04   1.252314e-18   16457182
  4.009646e-01   5.024274e-15   5.891739e-04   1.246473e-18   16623562
  4.030052e-01   5.019509e-15   5.889160e-04   1.239733e-18   16785784
  4.050455e-01   5.020022e-15   5.890644e-04   1.233801e-18   16959370
  4.070861e-01   5.017284e-15   5.891235e-04   1.227424e-18   17132774
  4.091266e-01   5.009421e-15   5.889569e-04   1.220086e-18   17300602
  4.111672e-01   5.003326e-15   5.891834e-04   1.212372e-18   17480656
  4.132078e-01   5.001713e-15   5.889644e-04   1.206368e-18   17647558
  4.152481e-01   4.997788e-15   5.890172e-04   1.200480e-18   17823778
  4.172887e-01   4.999079e-15   5.890581e-04   1.194113e-18   18001594
  4.193290e-01   4.994414e-15   5.888841e-04   1.188157e-18   18172300
  4.213694e-01   4.986563e-15   5.891306e-04   1.181413e-18   18356770
  4.234105e-01   4.983203e-15   5.893313e-04   1.175472e-18   18541082
  4.254516e-01   4.979787e-15   5.891095e-04   1.168143e-18   18713914
  4.274917e-01   4.976242e-15   5.886533e-04   1.163439e-18   18879742
  4.295318e-01   4.972102e-15   5.892187e-04   1.155868e-18   19077592
  4.315727e-01   4.969015e-15   5.891074e-04   1.149529e-18   19255474
  4.336133e-01   4.964815e-15   5.890497e-04   1.143451e-18   19436278
  4.356531e-01   4.962283e-15   5.886327e-04   1.139653e-18   19605994
  4.376936e-01   4.960907e-15   5.894559e-04   1.133567e-18   19817344
  4.397347e-01   4.960436e-15   5.889775e-04   1.127804e-18   19985702
  4.417750e-01   4.950665e-15   5.890630e-04   1.121405e-18   20175730
  4.438152e-01   4.947627e-15   5.887860e-04   1.116296e-18   20352682
  4.458557e-01   4.946067e-15   5.893597e-04   1.111188e-18   20559616
  4.478969e-01   4.940510e-15   5.891648e-04   1.105341e-18   20741518
  4.499369e-01   4.937903e-15   5.886230e-04   1.099941e-18   20912026
  4.519768e-01   4.931698e-15   5.891225e-04   1.093516e-18   21121018
  4.540176e-01   4.926949e-15   5.890883e-04   1.088763e-18   21310012
  4.560579e-01   4.920854e-15   5.889301e-04   1.083048e-18   21496154
  4.580989e-01   4.915928e-15   5.893557e-04   1.076970e-18   21705946
  4.601398e-01   4.907877e-15   5.889070e-04   1.070470e-18   21882562
  4.621802e-01   4.902405e-15   5.891458e-04   1.065166e-18   22085428
  4.642214e-01   4.895256e-15   5.893143e-04   1.059266e-18   22287106
  4.662615e-01   4.885341e-15   5.885500e-04   1.053787e-18   22455010
  4.683013e-01   4.880482e-15   5.890571e-04   1.048364e-18   22671694
  4.703421e-01   4.868449e-15   5.892012e-04   1.041174e-18   22874368
  4.723830e-01   4.862874e-15   5.891203e-04   1.036456e-18   23070146
  4.744235e-01   4.853035e-15   5.889653e-04   1.030601e-18   23264038
  4.764637e-01   4.842885e-15   5.889570e-04   1.024006e-18   23464210
  4.785045e-01   4.833693e-15   5.893101e-04   1.017376e-18   23679208
  4.805453e-01   4.823952e-15   5.889894e-04   1.012124e-18   23868658
  4.825856e-01   4.811109e-15   5.889440e-04   1.005883e-18   24070582
  4.846259e-01   4.804688e-15   5.890549e-04   9.995964e-19   24278842
  4.866664e-01   4.792279e-15   5.890268e-04   9.941512e-19   24482272
  4.887069e-01   4.782448e-15   5.890750e-04   9.883934e-19   24689510
  4.907474e-01   4.773647e-15   5.890195e-04   9.830175e-19   24894634
  4.927881e-01   4.765404e-15   5.891565e-04   9.773241e-19   25108474
  4.948289e-01   4.752595e-15   5.890919e-04   9.711405e-19   25313116
  4.968692e-01   4.744163e-15   5.889389e-04   9.662406e-19   25515970
  4.989095e-01   4.734206e-15   5.889848e-04   9.605258e-19   25727962
  5.009501e-01   4.722324e-15   5.892016e-04   9.543425e-19   25948954
  5.029911e-01   4.712570e-15   5.891242e-04   9.491212e-19   26157220
  5.050312e-01   4.702955e-15   5.887329e-04   9.441828e-19   26351546
  5.070713e-01   4.693660e-15   5.891599e-04   9.390091e-19   26585314
  5.091124e-01   4.682939e-15   5.891783e-04   9.332056e-19   26800630
  5.111529e-01   4.671113e-15   5.889142e-04   9.282081e-19   27003376
  5.131928e-01   4.660557e-15   5.887939e-04   9.230213e-19   27213202
  5.152333e-01   4.647450e-15   5.893371e-04   9.164693e-19   27455194
  5.172745e-01   4.636999e-15   5.891605e-04   9.117161e-19   27666070
  5.193150e-01   4.629976e-15   5.888642e-04   9.073816e-19   27870280
  5.213548e-01   4.614207e-15   5.888416e-04   9.009351e-19   28088090
  5.233952e-01   4.603116e-15   5.892064e-04   8.954684e-19   28326262
  5.254363e-01   4.594863e-15   5.891855e-04   8.909235e-19   28546906
  5.274771e-01   4.580754e-15   5.890514e-04   8.858162e-19   28762552
  5.295175e-01   4.568068e-15   5.889643e-04   8.807126e-19   28979734
  5.315579e-01   4.553045e-15   5.891116e-04   8.743846e-19   29211106
  5.335984e-01   4.542908e-15   5.890058e-04   8.696919e-19   29431738
  5.356386e-01   4.531505e-15   5.888449e-04   8.645448e-19   29648776
  5.376788e-01   4.517343e-15   5.891295e-04   8.591483e-19   29888654
  5.397198e-01   4.503353e-15   5.892792e-04   8.537020e-19   30123490
  5.417605e-01   4.489710e-15   5.889187e-04   8.486843e-19   30334570
  5.438008e-01   4.478149e-15   5.889866e-04   8.438783e-19   30566524
  5.458411e-01   4.464205e-15   5.890413e-04   8.383450e-19   30798370
  5.478823e-01   4.449082e-15   5.894562e-04   8.329343e-19   31052026
  5.499229e-01   4.437502e-15   5.886551e-04   8.285694e-19   31241782
  5.519630e-01   4.423224e-15   5.891853e-04   8.228181e-19   31502128
  5.540036e-01   4.409546e-15   5.889524e-04   8.181714e-19   31721474
  5.560439e-01   4.394488e-15   5.890206e-04   8.129393e-19   31960210
  5.580845e-01   4.378818e-15   5.890910e-04   8.077059e-19   32200582
  5.601251e-01   4.366215e-15   5.889897e-04   8.029614e-19   32429512
  5.621660e-01   4.353735e-15   5.893423e-04   7.977704e-19   32685226
  5.642068e-01   4.338895e-15   5.889439e-04   7.934737e-19   32900830
  5.662468e-01   4.326491e-15   5.888631e-04   7.887088e-19   33135682
  5.682871e-01   4.309599e-15   5.890598e-04   7.832443e-19   33385288
  5.703276e-01   4.296386e-15   5.890887e-04   7.779989e-19   33625706
  5.723684e-01   4.282321e-15   5.891781e-04   7.731760e-19   33873550
  5.744087e-01   4.266635e-15   5.887629e-04   7.687031e-19   34091770
  5.764491e-01   4.253419e-15   5.892514e-04   7.644580e-19   34362160
  5.784901e-01   4.238649e-15   5.891116e-04   7.592754e-19   34597030
  5.805305e-01   4.225349e-15   5.889745e-04   7.552237e-19   34833682
  5.825710e-01   4.210284e-15   5.890769e-04   7.499122e-19   35086546
  5.846116e-01   4.194418e-15   5.890950e-04   7.456092e-19   35332420
  5.866518e-01   4.181532e-15   5.888517e-04   7.410720e-19   35564114
  5.886920e-01   4.164380e-15   5.890642e-04   7.361223e-19   35826586
  5.907326e-01   4.149853e-15   5.890274e-04   7.316179e-19   36074074
  5.927732e-01   4.135452e-15   5.890922e-04   7.269898e-19   36327004
  5.948140e-01   4.120629e-15   5.891619e-04   7.227254e-19   36580138
  5.968547e-01   4.106513e-15   5.890473e-04   7.182973e-19   36825370
  5.988952e-01   4.092114e-15   5.890096e-04   7.138444e-19   37076638
  6.009355e-01   4.075387e-15   5.889604e-04   7.091412e-19   37325632
  6.029761e-01   4.058216e-15   5.891712e-04   7.043435e-19   37592090
  6.050167e-01   4.044102e-15   5.889486e-04   7.001086e-19   37832974
  6.070568e-01   4.030129e-15   5.888939e-04   6.964047e-19   38086018
  6.090973e-01   4.012775e-15   5.891995e-04   6.909846e-19   38361616
  6.111381e-01   3.995825e-15   5.890389e-04   6.866958e-19   38608210
  6.131788e-01   3.982276e-15   5.892079e-04   6.825503e-19   38877934
  6.152192e-01   3.967509e-15   5.887809e-04   6.788317e-19   39108874
  6.172596e-01   3.951195e-15   5.892266e-04   6.737579e-19   39398656
  6.193004e-01   3.936209e-15   5.890403e-04   6.700527e-19   39645902
  6.213404e-01   3.917834e-15   5.887997e-04   6.654314e-19   39891802
  6.233811e-01   3.904299e-15   5.894056e-04   6.611789e-19   40195954
  6.254216e-01   3.886814e-15   5.886742e-04   6.569759e-19   40409056
  6.274620e-01   3.872493e-15   5.893381e-04   6.529322e-19   40719214
  6.295030e-01   3.855549e-15   5.890616e-04   6.484581e-19   40964602
  6.315433e-01   3.840926e-15   5.889302e-04   6.448280e-19   41222506
  6.335835e-01   3.823015e-15   5.889576e-04   6.402082e-19   41491060
  6.356241e-01   3.807909e-15   5.892017e-04   6.360158e-19   41775242
  6.376651e-01   3.791715e-15   5.891830e-04   6.321061e-19   42043402
  6.397057e-01   3.777802e-15   5.889444e-04   6.283333e-19   42295582
  6.417458e-01   3.758255e-15   5.888860e-04   6.238419e-19   42562282
  6.437862e-01   3.745422e-15   5.891497e-04   6.203324e-19   42852256
  6.458265e-01   3.727648e-15   5.887767e-04   6.163079e-19   43096474
  6.478673e-01   3.712744e-15   5.894924e-04   6.122394e-19   43423174
  6.499084e-01   3.697321e-15   5.889163e-04   6.084757e-19   43653706
  6.519483e-01   3.682772e-15   5.888221e-04   6.048376e-19   43920752
  6.539889e-01   3.664248e-15   5.892813e-04   6.006087e-19   44230510
  6.560299e-01   3.649650e-15   5.891350e-04   5.966720e-19   44496178
  6.580701e-01   3.632275e-15   5.887384e-04   5.928956e-19   44743978
  6.601104e-01   3.615240e-15   5.892343e-04   5.889468e-19   45058492
  6.621512e-01   3.599911e-15   5.890803e-04   5.853495e-19   45325234
  6.641921e-01   3.585964e-15   5.891943e-04   5.820372e-19   45614434
  6.662326e-01   3.569335e-15   5.889457e-04   5.781050e-19   45876514
  6.682729e-01   3.552100e-15   5.889645e-04   5.741474e-19   46159076
  6.703132e-01   3.536230e-15   5.890762e-04   5.701968e-19   46448722
  6.723539e-01   3.521889e-15   5.891439e-04   5.670884e-19   46738210
  6.743945e-01   3.504545e-15   5.889835e-04   5.630308e-19   47010094
  6.764347e-01   3.488279e-15   5.889403e-04   5.594176e-19   47291608
  6.784751e-01   3.473710e-15   5.890608e-04   5.565311e-19   47586538
  6.805157e-01   3.456607e-15   5.890811e-04   5.525954e-19   47875162
  6.825563e-01   3.439690e-15   5.890818e-04   5.487502e-19   48164470
  6.845968e-01   3.423776e-15   5.889338e-04   5.452034e-19   48439232
  6.866374e-01   3.407370e-15   5.892484e-04   5.415809e-19   48754090
  6.886783e-01   3.392560e-15   5.890583e-04   5.384384e-19   49029406
  6.907187e-01   3.375817e-15   5.889734e-04   5.349763e-19   49313602
  6.927591e-01   3.360246e-15   5.889961e-04   5.315814e-19   49606816
  6.947992e-01   3.343381e-15   5.888581e-04   5.278439e-19   49886086
  6.968395e-01   3.328016e-15   5.891574e-04   5.246545e-19   50206858
  6.988805e-01   3.311697e-15   5.891832e-04   5.211154e-19   50504674
  7.009210e-01   3.293727e-15   5.888745e-04   5.171186e-19   50771552
  7.029616e-01   3.279390e-15   5.892780e-04   5.142703e-19   51101686
  7.050023e-01   3.263897e-15   5.889489e-04   5.110875e-19   51370378
  7.070426e-01   3.248487e-15   5.889825e-04   5.080801e-19   51672682
  7.090831e-01   3.232964e-15   5.890985e-04   5.048484e-19   51980788
  7.111236e-01   3.218300e-15   5.890280e-04   5.017149e-19   52272682
  7.131641e-01   3.200702e-15   5.890792e-04   4.981926e-19   52579498
  7.152047e-01   3.185909e-15   5.890023e-04   4.952151e-19   52874566
  7.172449e-01   3.169268e-15   5.889167e-04   4.917563e-19   53167808
  7.192858e-01   3.154510e-15   5.894268e-04   4.886279e-19   53515714
  7.213267e-01   3.138464e-15   5.888931e-04   4.855844e-19   53772202
  7.233667e-01   3.122906e-15   5.888686e-04   4.827916e-19   54076486
  7.254071e-01   3.108014e-15   5.891300e-04   4.796068e-19   54404584
  7.274479e-01   3.091953e-15   5.891493e-04   4.764643e-19   54711802
  7.294882e-01   3.076574e-15   5.888354e-04   4.732861e-19   54991006
  7.315285e-01   3.060506e-15   5.891199e-04   4.701597e-19   55327306
  7.335692e-01   3.045295e-15   5.890696e-04   4.672261e-19   55630256
  7.356096e-01   3.029710e-15   5.889727e-04   4.644562e-19   55929562
  7.376503e-01   3.014522e-15   5.891964e-04   4.614394e-19   56263678
  7.396911e-01   2.998434e-15   5.890745e-04   4.582285e-19   56564050
  7.417316e-01   2.984131e-15   5.889839e-04   4.554884e-19   56866744
  7.437721e-01   2.968870e-15   5.891183e-04   4.528016e-19   57191926
  7.458128e-01   2.951323e-15   5.890701e-04   4.492555e-19   57502690
  7.478532e-01   2.936240e-15   5.889499e-04   4.463922e-19   57807346
  7.498935e-01   2.920994e-15   5.890311e-04   4.436800e-19   58128860
  7.519342e-01   2.906788e-15   5.891800e-04   4.411127e-19   58460482
  7.539749e-01   2.892018e-15   5.890194e-04   4.382916e-19   58763242
  7.560154e-01   2.875749e-15   5.890230e-04   4.355337e-19   59082106
  7.580559e-01   2.861588e-15   5.890890e-04   4.325498e-19   59407348
  7.600966e-01   2.846466e-15   5.891168e-04   4.298678e-19   59728954
  7.621372e-01   2.831770e-15   5.890591e-04   4.273069e-19   60046258
  7.641776e-01   2.815988e-15   5.889475e-04   4.243775e-19   60357214
  7.662176e-01   2.801312e-15   5.888944e-04   4.216952e-19   60673376
  7.682580e-01   2.787426e-15   5.891314e-04   4.191595e-19   61021858
  7.702985e-01   2.772292e-15   5.889623e-04   4.166523e-19   61328446
  7.723391e-01   2.757945e-15   5.891467e-04   4.137402e-19   61674178
  7.743799e-01   2.743118e-15   5.890894e-04   4.112845e-19   61993840
  7.764203e-01   2.728378e-15   5.889881e-04   4.087098e-19   62309914
  7.784609e-01   2.712989e-15   5.891064e-04   4.059769e-19   62652022
  7.805015e-01   2.698707e-15   5.890586e-04   4.034819e-19   62975410
  7.825417e-01   2.683576e-15   5.888216e-04   4.009994e-19   63279512
  7.845823e-01   2.670075e-15   5.893386e-04   3.983207e-19   63665182
  7.866232e-01   2.654977e-15   5.889600e-04   3.959868e-19   63955858
  7.886636e-01   2.640562e-15   5.890392e-04   3.932990e-19   64297714
  7.907041e-01   2.627537e-15   5.890386e-04   3.911370e-19   64629700
  7.927448e-01   2.611672e-15   5.891524e-04   3.885730e-19   64975930
  7.947853e-01   2.598157e-15   5.889366e-04   3.860466e-19   65286826
  7.968255e-01   2.584500e-15   5.889848e-04   3.838386e-19   65628514
  7.988660e-01   2.569923e-15   5.890932e-04   3.815086e-19   65976716
  8.009067e-01   2.555357e-15   5.891188e-04   3.787975e-19   66316330
  8.029474e-01   2.541434e-15   5.891266e-04   3.763249e-19   66656650
  8.049878e-01   2.527551e-15   5.888988e-04   3.741482e-19   66970006
  8.070280e-01   2.513413e-15   5.890021e-04   3.720640e-19   67322080
  8.090687e-01   2.500158e-15   5.891875e-04   3.695763e-19   67682866
  8.111095e-01   2.486619e-15   5.890847e-04   3.673047e-19   68012842
  8.131499e-01   2.472491e-15   5.889318e-04   3.651798e-19   68339494
  8.151899e-01   2.458503e-15   5.888723e-04   3.627011e-19   68675096
  8.172305e-01   2.445232e-15   5.892538e-04   3.606097e-19   69064042
  8.192714e-01   2.431514e-15   5.890856e-04   3.582528e-19   69389686
  8.213121e-01   2.417450e-15   5.890987e-04   3.558274e-19   69738706
  8.233525e-01   2.403574e-15   5.888963e-04   3.539566e-19   70061896
  8.253928e-01   2.391953e-15   5.890583e-04   3.518869e-19   70425790
  8.274334e-01   2.377779e-15   5.891196e-04   3.495743e-19   70782370
  8.294740e-01   2.364735e-15   5.889724e-04   3.474811e-19   71116186
  8.315144e-01   2.350272e-15   5.890852e-04   3.451091e-19   71480024
  8.335549e-01   2.338995e-15   5.889597e-04   3.433206e-19   71814742
  8.355952e-01   2.324819e-15   5.890040e-04   3.411302e-19   72171202
  8.376358e-01   2.311787e-15   5.891439e-04   3.389777e-19   72543490
  8.396764e-01   2.298639e-15   5.889798e-04   3.369163e-19   72876820
  8.417169e-01   2.285624e-15   5.891365e-04   3.347691e-19   73248754
  8.437576e-01   2.272904e-15   5.891037e-04   3.329149e-19   73600714
  8.457981e-01   2.260244e-15   5.889516e-04   3.309327e-19   73939270
  8.478382e-01   2.246853e-15   5.889091e-04   3.286831e-19   74291714
  8.498788e-01   2.234111e-15   5.891854e-04   3.267997e-19   74682904
  8.519197e-01   2.222534e-15   5.891690e-04   3.250239e-19   75039298
  8.539602e-01   2.208773e-15   5.889132e-04   3.227157e-19   75368014
  8.560003e-01   2.196401e-15   5.889846e-04   3.209795e-19   75738490
  8.580410e-01   2.183844e-15   5.891817e-04   3.188525e-19   76124728
  8.600820e-01   2.170865e-15   5.891792e-04   3.169043e-19   76485862
  8.621224e-01   2.158596e-15   5.888897e-04   3.151023e-19   76813090
  8.641626e-01   2.146427e-15   5.890167e-04   3.130641e-19   77193586
  8.662032e-01   2.134230e-15   5.891008e-04   3.113844e-19   77568920
  8.682439e-01   2.121652e-15   5.890797e-04   3.094233e-19   77932510
  8.702844e-01   2.109114e-15   5.890060e-04   3.075247e-19   78289906
  8.723247e-01   2.097215e-15   5.889774e-04   3.057388e-19   78654682
  8.743654e-01   2.086556e-15   5.891909e-04   3.041072e-19   79049980
  8.764061e-01   2.073669e-15   5.890049e-04   3.020570e-19   79394074
  8.784467e-01   2.060749e-15   5.891673e-04   3.001050e-19   79787746
  8.804872e-01   2.049343e-15   5.888641e-04   2.986263e-19   80116310
  8.825277e-01   2.037892e-15   5.892283e-04   2.967654e-19   80537248
  8.845683e-01   2.026127e-15   5.889696e-04   2.950515e-19   80874346
  8.866088e-01   2.014193e-15   5.890951e-04   2.932057e-19   81267106
  8.886491e-01   2.002585e-15   5.888459e-04   2.915455e-19   81607390
  8.906896e-01   1.991491e-15   5.892322e-04   2.898339e-19   82033216
  8.927304e-01   1.979693e-15   5.890849e-04   2.881591e-19   82389442
  8.947709e-01   1.968364e-15   5.890077e-04   2.866612e-19   82756750
  8.968112e-01   1.956316e-15   5.889537e-04   2.847975e-19   83127570
  8.988518e-01   1.946303e-15   5.891942e-04   2.833464e-19   83539896
  9.008923e-01   1.934161e-15   5.889042e-04   2.814813e-19   83876998
  9.029325e-01   1.922088e-15   5.889931e-04   2.796334e-19   84272266
  9.049728e-01   1.911986e-15   5.889738e-04   2.782312e-19   84651082
  9.070134e-01   1.901022e-15   5.891428e-04   2.767877e-19   85056616
  9.090543e-01   1.889535e-15   5.891807e-04   2.749386e-19   85445494
  9.110948e-01   1.878952e-15   5.889254e-04   2.734841e-19   85792786
  9.131350e-01   1.866750e-15   5.889368e-04   2.716164e-19   86180690
  9.151757e-01   1.856917e-15   5.892597e-04   2.702950e-19   86612164
  9.172167e-01   1.845964e-15   5.890802e-04   2.687189e-19   86971186
  9.192569e-01   1.835665e-15   5.888405e-04   2.674855e-19   87324466
  9.212972e-01   1.824923e-15   5.891010e-04   2.658171e-19   87752002
  9.233379e-01   1.814035e-15   5.890933e-04   2.641325e-19   88139236
  9.253786e-01   1.803428e-15   5.891287e-04   2.625594e-19   88533010
  9.274193e-01   1.792620e-15   5.890668e-04   2.610863e-19   88915954
  9.294595e-01   1.782289e-15   5.888228e-04   2.597184e-19   89270822
  9.314999e-01   1.772143e-15   5.891979e-04   2.582068e-19   89718808
  9.335406e-01   1.762656e-15   5.890541e-04   2.570771e-19   90089986
  9.355812e-01   1.751526e-15   5.890655e-04   2.553780e-19   90486622
  9.376216e-01   1.740749e-15   5.889861e-04   2.537427e-19   90871474
  9.396619e-01   1.731213e-15   5.889761e-04   2.524600e-19   91264264
  9.417025e-01   1.721246e-15   5.891416e-04   2.511416e-19   91685746
  9.437433e-01   1.710782e-15   5.891100e-04   2.495654e-19   92079934
  9.457837e-01   1.701875e-15   5.889511e-04   2.485027e-19   92453258
  9.478243e-01   1.691509e-15   5.891894e-04   2.470278e-19   92890216
  9.498651e-01   1.681240e-15   5.890426e-04   2.454267e-19   93266086
  9.519055e-01   1.671436e-15   5.890148e-04   2.441958e-19   93664042
  9.539457e-01   1.661151e-15   5.889223e-04   2.426476e-19   94053754
  9.559861e-01   1.652340e-15   5.890673e-04   2.415602e-19   94478140
  9.580268e-01   1.642332e-15   5.891065e-04   2.401038e-19   94886986
  9.600674e-01   1.632505e-15   5.890780e-04   2.387121e-19   95286706
  9.621079e-01   1.622955e-15   5.889851e-04   2.374353e-19   95678762
  9.641484e-01   1.614429e-15   5.890983e-04   2.362933e-19   96104164
  9.661890e-01   1.605031e-15   5.890216e-04   2.349407e-19   96496690
  9.682295e-01   1.595087e-15   5.890990e-04   2.335453e-19   96918514
  9.702700e-01   1.585916e-15   5.889726e-04   2.323591e-19   97307278
  9.723103e-01   1.576763e-15   5.889587e-04   2.311740e-19   97714024
  9.743507e-01   1.567887e-15   5.890832e-04   2.299959e-19   98144122
  9.763914e-01   1.558948e-15   5.891285e-04   2.286954e-19   98563450
  9.784320e-01   1.549406e-15   5.890115e-04   2.274357e-19   98958470
  9.804726e-01   1.540003e-15   5.891125e-04   2.260967e-19   99387304
  9.825132e-01   1.531473e-15   5.890140e-04   2.250478e-19   99783106
  9.845537e-01   1.522514e-15   5.890821e-04   2.238604e-19   100210006
  9.865943e-01   1.513756e-15   5.890932e-04   2.226336e-19   100629538
  9.886348e-01   1.504511e-15   5.889573e-04   2.213092e-19   101022376
  9.906752e-01   1.496083e-15   5.890929e-04   2.202366e-19   101460742
  9.927158e-01   1.487439e-15   5.890716e-04   2.191498e-19   101877442
  9.947564e-01   1.479073e-15   5.890420e-04   2.178981e-19   102292778
  9.967968e-01   1.469782e-15   5.890077e-04   2.167225e-19   102706408
  9.988372e-01   1.461778e-15   5.889909e-04   2.156863e-19   103122910
  1.000878e+00   1.453491e-15   5.892507e-04   2.146237e-19   103590466
  1.002919e+00   1.444812e-15   5.888999e-04   2.133780e-19   103954594
  1.004959e+00   1.436354e-15   5.890683e-04   2.123435e-19   104405908
  1.006999e+00   1.428772e-15   5.890337e-04   2.113312e-19   104822674
  1.009040e+00   1.420405e-15   5.890259e-04   2.101476e-19   105248338
  1.011080e+00   1.412127e-15   5.890549e-04   2.089834e-19   105680174
  1.013121e+00   1.403631e-15   5.890587e-04   2.079255e-19   106107160
  1.015162e+00   1.395846e-15   5.890621e-04   2.068521e-19   106532746
  1.017202e+00   1.388297e-15   5.891714e-04   2.058798e-19   106983178
  1.019243e+00   1.379554e-15   5.889310e-04   2.047339e-19   107371678
  1.021283e+00   1.371644e-15   5.890781e-04   2.036929e-19   107825992
  1.023324e+00   1.364207e-15   5.890801e-04   2.028416e-19   108256762
  1.025365e+00   1.355719e-15   5.891196e-04   2.016713e-19   108697078
  1.027405e+00   1.348320e-15   5.888618e-04   2.007371e-19   109084106
  1.029445e+00   1.340836e-15   5.891123e-04   1.997147e-19   109563256
  1.031486e+00   1.333177e-15   5.890696e-04   1.987234e-19   109987786
  1.033526e+00   1.325842e-15   5.889856e-04   1.978065e-19   110410582
  1.035567e+00   1.317791e-15   5.890199e-04   1.966892e-19   110853658
  1.037607e+00   1.310432e-15   5.890374e-04   1.958294e-19   111292432
  1.039648e+00   1.302743e-15   5.891366e-04   1.948311e-19   111749038
  1.041688e+00   1.295455e-15   5.890194e-04   1.938500e-19   112167322
  1.043729e+00   1.288021e-15   5.889359e-04   1.928933e-19   112593170
  1.045769e+00   1.280464e-15   5.890781e-04   1.918799e-19   113059180
  1.047810e+00   1.273841e-15   5.891946e-04   1.910237e-19   113522842
  1.049851e+00   1.266487e-15   5.890529e-04   1.901520e-19   113938834
  1.051891e+00   1.258982e-15   5.889550e-04   1.891186e-19   114363730
  1.053931e+00   1.251738e-15   5.890529e-04   1.883007e-19   114826132
  1.055972e+00   1.245320e-15   5.891222e-04   1.875599e-19   115283146
  1.058013e+00   1.237968e-15   5.890429e-04   1.864457e-19   115714858
  1.060053e+00   1.230968e-15   5.889720e-04   1.856218e-19   116148350
  1.062094e+00   1.223764e-15   5.890966e-04   1.845594e-19   116621074
  1.064134e+00   1.217400e-15   5.891391e-04   1.838309e-19   117076912
  1.066175e+00   1.210864e-15   5.888940e-04   1.830171e-19   117476014
  1.068215e+00   1.203179e-15   5.891403e-04   1.820049e-19   117977266
  1.070256e+00   1.196310e-15   5.890586e-04   1.811469e-19   118411330
  1.072296e+00   1.190077e-15   5.890633e-04   1.803510e-19   118863808
  1.074337e+00   1.183913e-15   5.890300e-04   1.796737e-19   119309926
  1.076377e+00   1.176830e-15   5.889436e-04   1.787600e-19   119746154
  1.078418e+00   1.169911e-15   5.890425e-04   1.778520e-19   120222466
  1.080458e+00   1.163655e-15   5.891283e-04   1.771004e-19   120693652
  1.082499e+00   1.157175e-15   5.890784e-04   1.762384e-19   121138738
  1.084539e+00   1.150276e-15   5.890289e-04   1.753228e-19   121586722
  1.086580e+00   1.144412e-15   5.890313e-04   1.746595e-19   122046106
  1.088620e+00   1.138248e-15   5.889919e-04   1.739438e-19   122497588
  1.090661e+00   1.131709e-15   5.891764e-04   1.730618e-19   122993482
  1.092701e+00   1.125205e-15   5.889184e-04   1.722676e-19   123400850
  1.094742e+00   1.118624e-15   5.891205e-04   1.713542e-19   123906406
  1.096782e+00   1.113279e-15   5.889599e-04   1.708607e-19   124333864
  1.098823e+00   1.106757e-15   5.891264e-04   1.700023e-19   124831762
  1.100863e+00   1.100283e-15   5.889890e-04   1.691569e-19   125266318
  1.102904e+00   1.094386e-15   5.889958e-04   1.684907e-19   125733850
  1.104944e+00   1.089001e-15   5.891866e-04   1.678348e-19   126239536
  1.106985e+00   1.082886e-15   5.891189e-04   1.671011e-19   126690322
  1.109026e+00   1.076496e-15   5.888320e-04   1.663441e-19   127097390
  1.111066e+00   1.070217e-15   5.891291e-04   1.654800e-19   127630450
  1.113106e+00   1.064719e-15   5.889674e-04   1.649454e-19   128063512
  1.115147e+00   1.058821e-15   5.890953e-04   1.641193e-19   128559646
  1.117188e+00   1.053064e-15   5.891693e-04   1.635453e-19   129048946
  1.119228e+00   1.046739e-15   5.890550e-04   1.625482e-19   129496258
  1.121269e+00   1.041588e-15   5.889277e-04   1.620897e-19   129937804
  1.123309e+00   1.036007e-15   5.891485e-04   1.614688e-19   130460146
  1.125350e+00   1.030472e-15   5.889861e-04   1.607291e-19   130899986
  1.127390e+00   1.024243e-15   5.891261e-04   1.599757e-19   131408914
  1.129431e+00   1.019067e-15   5.889186e-04   1.594331e-19   131836660
  1.131471e+00   1.013263e-15   5.890882e-04   1.587329e-19   132349330
  1.133512e+00   1.007590e-15   5.890483e-04   1.580042e-19   132821674
  1.135552e+00   1.002100e-15   5.890400e-04   1.573341e-19   133298662
  1.137593e+00   9.969847e-16   5.891067e-04   1.568569e-19   133791832
  1.139634e+00   9.912358e-16   5.890647e-04   1.561100e-19   134261290
  1.141674e+00   9.858422e-16   5.890171e-04   1.555133e-19   134732858
  1.143714e+00   9.803182e-16   5.890143e-04   1.549141e-19   135217750
  1.145755e+00   9.749900e-16   5.890521e-04   1.543213e-19   135706048
  1.147795e+00   9.698907e-16   5.890013e-04   1.536546e-19   136176274
  1.149836e+00   9.642698e-16   5.891442e-04   1.529766e-19   136696294
  1.151877e+00   9.588232e-16   5.890157e-04   1.524152e-19   137152594
  1.153917e+00   9.532462e-16   5.890673e-04   1.517168e-19   137650312
  1.155958e+00   9.483853e-16   5.890043e-04   1.512516e-19   138119974
  1.157998e+00   9.429104e-16   5.890392e-04   1.505833e-19   138618410
  1.160039e+00   9.377786e-16   5.890651e-04   1.500552e-19   139115074
  1.162079e+00   9.327572e-16   5.890480e-04   1.495449e-19   139598296
  1.164120e+00   9.277326e-16   5.890599e-04   1.489962e-19   140091382
  1.166160e+00   9.221477e-16   5.889800e-04   1.482863e-19   140564770
  1.168201e+00   9.170638e-16   5.890380e-04   1.477535e-19   141072898
  1.170241e+00   9.116859e-16   5.891634e-04   1.471470e-19   141593980
  1.172282e+00   9.069265e-16   5.890131e-04   1.467193e-19   142050106
  1.174322e+00   9.017154e-16   5.889663e-04   1.461684e-19   142536194
  1.176362e+00   8.961475e-16   5.889976e-04   1.454487e-19   143040214
  1.178403e+00   8.912396e-16   5.892475e-04   1.450531e-19   143596672
  1.180444e+00   8.859992e-16   5.888530e-04   1.445044e-19   143996722
  1.182484e+00   8.811756e-16   5.891408e-04   1.440342e-19   144568426
  1.184525e+00   8.758124e-16   5.890931e-04   1.435078e-19   145057342
  1.186565e+00   8.705256e-16   5.890250e-04   1.429852e-19   145537888
  1.188606e+00   8.652993e-16   5.891118e-04   1.423293e-19   146059714
  1.190647e+00   8.599974e-16   5.890160e-04   1.419886e-19   146538542
  1.192687e+00   8.548309e-16   5.889612e-04   1.414506e-19   147029794
  1.194727e+00   8.496125e-16   5.891413e-04   1.410097e-19   147577264
  1.196768e+00   8.445028e-16   5.890795e-04   1.404860e-19   148064890
  1.198809e+00   8.388350e-16   5.890221e-04   1.399905e-19   148557886
  1.200849e+00   8.331657e-16   5.890890e-04   1.394274e-19   149080594
  1.202890e+00   8.277844e-16   5.889584e-04   1.389152e-19   149553256
  1.204930e+00   7.681990e-16   5.891253e-04   1.325553e-19   150102646
  1.206970e+00   2.841832e-16   5.889829e-04   4.199701e-20   150339167
  1.209010e+00   2.746270e-16   5.890378e-04   4.021339e-20   150110332
  1.211051e+00   2.652504e-16   5.890631e-04   3.843829e-20   149857372
  1.213091e+00   2.563827e-16   5.890038e-04   3.679978e-20   149584516
  1.215132e+00   2.478813e-16   5.890566e-04   3.524713e-20   149337736
  1.217172e+00   2.397048e-16   5.890107e-04   3.374203e-20   149061952
  1.219213e+00   2.320782e-16   5.890279e-04   3.237938e-20   148802188
  1.221253e+00   2.246158e-16   5.891076e-04   3.103348e-20   148556272
  1.223294e+00   2.175593e-16   5.890259e-04   2.976506e-20   148269512
  1.225334e+00   2.108728e-16   5.890700e-04   2.859457e-20   148010200
  1.227375e+00   2.045240e-16   5.890129e-04   2.747645e-20   147723904
  1.229415e+00   1.984444e-16   5.891133e-04   2.643501e-20   147477676
  1.231456e+00   1.926102e-16   5.890481e-04   2.543396e-20   147185992
  1.233497e+00   1.870778e-16   5.890127e-04   2.449378e-20   146900644
  1.235537e+00   1.818094e-16   5.890504e-04   2.360051e-20   146631880
  1.237577e+00   1.767531e-16   5.889396e-04   2.275374e-20   146325472
  1.239618e+00   1.718572e-16   5.890584e-04   2.193822e-20   146072660
  1.241659e+00   1.673189e-16   5.891863e-04   2.119711e-20   145819096
  1.243699e+00   1.628416e-16   5.890275e-04   2.046051e-20   145495612
  1.245740e+00   1.585708e-16   5.890387e-04   1.977924e-20   145211068
  1.247780e+00   1.544745e-16   5.890718e-04   1.910676e-20   144930616
  1.249821e+00   1.505890e-16   5.890299e-04   1.849462e-20   144629560
  1.251861e+00   1.468444e-16   5.889711e-04   1.791795e-20   144324232
  1.253902e+00   1.431466e-16   5.890914e-04   1.734164e-20   144060712
  1.255942e+00   1.397380e-16   5.890700e-04   1.681645e-20   143757068
  1.257983e+00   1.363723e-16   5.890809e-04   1.630265e-20   143463640
  1.260023e+00   1.331071e-16   5.890221e-04   1.581245e-20   143150992
  1.262064e+00   1.300811e-16   5.890436e-04   1.536386e-20   142855228
  1.264104e+00   1.270691e-16   5.890956e-04   1.491195e-20   142566664
  1.266145e+00   1.241701e-16   5.891031e-04   1.448754e-20   142262920
  1.268186e+00   1.213923e-16   5.888973e-04   1.408272e-20   141909196
  1.270226e+00   1.187205e-16   5.891356e-04   1.369894e-20   141658924
  1.272267e+00   1.161313e-16   5.890375e-04   1.332756e-20   141324932
  1.274307e+00   1.136207e-16   5.891107e-04   1.297867e-20   141033184
  1.276348e+00   1.111901e-16   5.889751e-04   1.263433e-20   140687188
  1.278388e+00   1.088706e-16   5.891350e-04   1.231101e-20   140411716
  1.280429e+00   1.066033e-16   5.889705e-04   1.200255e-20   140055724
  1.282469e+00   1.044453e-16   5.890588e-04   1.170850e-20   139758220
  1.284510e+00   1.023436e-16   5.890757e-04   1.142274e-20   139444756
  1.286550e+00   1.002564e-16   5.890521e-04   1.114392e-20   139116736
  1.288591e+00   9.828578e-17   5.889672e-04   1.088351e-20   138773468
  1.290631e+00   9.634907e-17   5.890066e-04   1.062337e-20   138458392
  1.292672e+00   9.453200e-17   5.891008e-04   1.039056e-20   138154300
  1.294712e+00   9.272373e-17   5.890757e-04   1.015458e-20   137819908
  1.296753e+00   9.097939e-17   5.890203e-04   9.927447e-21   137475340
  1.298793e+00   8.927114e-17   5.891002e-04   9.710562e-21   137163196
  1.300834e+00   8.762556e-17   5.890331e-04   9.501181e-21   136814716
  1.302874e+00   8.602035e-17   5.890577e-04   9.299841e-21   136485964
  1.304915e+00   8.445030e-17   5.889350e-04   9.105942e-21   136120808
  1.306955e+00   8.296074e-17   5.891045e-04   8.917602e-21   135821260
  1.308996e+00   8.148294e-17   5.890895e-04   8.738226e-21   135477340
  1.311037e+00   8.007582e-17   5.890947e-04   8.567598e-21   135135100
  1.313077e+00   7.862932e-17   5.889964e-04   8.390552e-21   134770696
  1.315117e+00   7.729112e-17   5.890487e-04   8.230682e-21   134437708
  1.317158e+00   7.595529e-17   5.889430e-04   8.070938e-21   134066500
  1.319198e+00   7.469988e-17   5.890907e-04   7.919938e-21   133752712
  1.321239e+00   7.343745e-17   5.891051e-04   7.771263e-21   133404284
  1.323280e+00   7.219398e-17   5.890537e-04   7.627766e-21   133041004
  1.325320e+00   7.101098e-17   5.890913e-04   7.490966e-21   132694456
  1.327361e+00   6.983502e-17   5.889810e-04   7.351815e-21   132313660
  1.329401e+00   6.871062e-17   5.891286e-04   7.219458e-21   131991472
  1.331442e+00   6.760682e-17   5.890126e-04   7.100293e-21   131604388
  1.333482e+00   6.651409e-17   5.890111e-04   6.974559e-21   131243368
  1.335523e+00   6.545416e-17   5.891086e-04   6.852364e-21   130902220
  1.337563e+00   6.441943e-17   5.889468e-04   6.738582e-21   130501724
  1.339604e+00   6.342321e-17   5.890756e-04   6.630308e-21   130164916
  1.341644e+00   6.244754e-17   5.890219e-04   6.518753e-21   129783760
  1.343685e+00   6.149199e-17   5.892039e-04   6.410577e-21   129455752
  1.345726e+00   6.054199e-17   5.889634e-04   6.311299e-21   129031288
  1.347766e+00   5.963747e-17   5.889860e-04   6.212682e-21   128662564
  1.349806e+00   5.873755e-17   5.890285e-04   6.113260e-21   128297836
  1.351847e+00   5.787087e-17   5.890303e-04   6.022406e-21   127920652
  1.353887e+00   5.701906e-17   5.891574e-04   5.929513e-21   127571336
  1.355928e+00   5.616891e-17   5.890300e-04   5.840832e-21   127164388
  1.357968e+00   5.535556e-17   5.889234e-04   5.753785e-21   126760960
  1.360009e+00   5.457452e-17   5.890605e-04   5.671602e-21   126407464
  1.362049e+00   5.375366e-17   5.891461e-04   5.583710e-21   126039568
  1.364090e+00   5.300306e-17   5.890104e-04   5.507698e-21   125624524
  1.366130e+00   5.225425e-17   5.891311e-04   5.429865e-21   125261068
  1.368171e+00   5.152315e-17   5.890585e-04   5.353215e-21   124856200
  1.370211e+00   5.079874e-17   5.888774e-04   5.280684e-21   124426292
  1.372252e+00   5.009628e-17   5.891363e-04   5.206601e-21   124087552
  1.374293e+00   4.940805e-17   5.890612e-04   5.139149e-21   123676768
  1.376333e+00   4.871377e-17   5.890393e-04   5.067077e-21   123273472
  1.378374e+00   4.805295e-17   5.891145e-04   5.001001e-21   122890852
  1.380414e+00   4.740209e-17   5.889878e-04   4.934161e-21   122463208
  1.382455e+00   4.676782e-17   5.890796e-04   4.871024e-21   122080756
  1.384495e+00   4.613544e-17   5.890985e-04   4.809262e-21   121682008
  1.386536e+00   4.552074e-17   5.888846e-04   4.750347e-21   121230104
  1.388576e+00   4.492475e-17   5.891923e-04   4.689351e-21   120886588
  1.390617e+00   4.432989e-17   5.888887e-04   4.630455e-21   120414880
  1.392657e+00   4.375641e-17   5.890786e-04   4.576287e-21   120043228
  1.394698e+00   4.317107e-17   5.891454e-04   4.518113e-21   119645356
  1.396738e+00   4.261717e-17   5.890259e-04   4.463990e-21   119205016
  1.398779e+00   4.207565e-17   5.890851e-04   4.412198e-21   118802680
  1.400819e+00   4.153327e-17   5.890625e-04   4.359638e-21   118379512
  1.402860e+00   4.100422e-17   5.889283e-04   4.312435e-21   117932660
  1.404900e+00   4.049222e-17   5.891761e-04   4.262101e-21   117563104
  1.406941e+00   3.998783e-17   5.890196e-04   4.215085e-21   117107632
  1.408982e+00   3.947262e-17   5.891150e-04   4.164880e-21   116702908
  1.411022e+00   3.898528e-17   5.889719e-04   4.120408e-21   116248540
  1.413062e+00   3.850761e-17   5.890825e-04   4.074676e-21   115842928
  1.415103e+00   3.803711e-17   5.890403e-04   4.031355e-21   115405216
  1.417143e+00   3.757524e-17   5.889673e-04   3.989265e-21   114957772
  1.419184e+00   3.711685e-17   5.891401e-04   3.945479e-21   114559364
  1.421225e+00   3.667751e-17   5.890398e-04   3.906333e-21   114104656
  1.423265e+00   3.622914e-17   5.890042e-04   3.865287e-21   113661280
  1.425306e+00   3.579138e-17   5.890785e-04   3.826446e-21   113237740
  1.427346e+00   3.536869e-17   5.889403e-04   3.787783e-21   112770880
  1.429386e+00   3.494118e-17   5.891022e-04   3.748226e-21   112359904
  1.431427e+00   3.453038e-17   5.891129e-04   3.710949e-21   111916864
  1.433468e+00   3.412624e-17   5.890529e-04   3.675567e-21   111460696
  1.435508e+00   3.373557e-17   5.889325e-04   3.641704e-21   110991224
  1.437549e+00   3.334622e-17   5.891042e-04   3.607884e-21   110575528
  1.439589e+00   3.296166e-17   5.891179e-04   3.573345e-21   110127664
  1.441630e+00   3.258558e-17   5.888211e-04   3.541825e-21   109618288
  1.443670e+00   3.221465e-17   5.892718e-04   3.508617e-21   109249240
  1.445711e+00   3.184613e-17   5.890165e-04   3.476939e-21   108746104
  1.447751e+00   3.148114e-17   5.889973e-04   3.445545e-21   108286000
  1.449792e+00   3.112134e-17   5.890817e-04   3.412808e-21   107843224
  1.451832e+00   3.077882e-17   5.889854e-04   3.383622e-21   107363840
  1.453873e+00   3.043482e-17   5.890974e-04   3.353845e-21   106923976
  1.455913e+00   3.010163e-17   5.890747e-04   3.326647e-21   106454320
  1.457954e+00   2.977063e-17   5.890821e-04   3.298490e-21   105989452
  1.459995e+00   2.944271e-17   5.890542e-04   3.271717e-21   105518308
  1.462035e+00   2.910677e-17   5.889452e-04   3.242983e-21   105028288
  1.464075e+00   2.880394e-17   5.890297e-04   3.218451e-21   104573752
  1.466116e+00   2.849725e-17   5.890543e-04   3.193937e-21   104104072
  1.468156e+00   2.818989e-17   5.890420e-04   3.168356e-21   103627328
  1.470197e+00   2.787374e-17   5.891604e-04   3.141945e-21   103172776
  1.472237e+00   2.757672e-17   5.889126e-04   3.118728e-21   102649708
  1.474278e+00   2.729245e-17   5.891801e-04   3.094616e-21   102217348
  1.476319e+00   2.700279e-17   5.889795e-04   3.072859e-21   101700736
  1.478359e+00   2.671805e-17   5.891047e-04   3.050018e-21   101239684
  1.480399e+00   2.642942e-17   5.889025e-04   3.027238e-21   100720660
  1.482440e+00   2.616276e-17   5.890941e-04   3.006044e-21   100266136
  1.484480e+00   2.589475e-17   5.890923e-04   2.985783e-21   99778100
  1.486521e+00   2.562040e-17   5.890961e-04   2.964271e-21   99287620
  1.488562e+00   2.536328e-17   5.890314e-04   2.944928e-21   98785756
  1.490602e+00   2.510294e-17   5.890200e-04   2.924774e-21   98290744
  1.492643e+00   2.484187e-17   5.890441e-04   2.905219e-21   97799956
  1.494683e+00   2.459310e-17   5.890092e-04   2.886750e-21   97297588
  1.496724e+00   2.434124e-17   5.890742e-04   2.867489e-21   96807856
  1.498764e+00   2.409884e-17   5.890937e-04   2.849011e-21   96311704
  1.500805e+00   2.386330e-17   5.889914e-04   2.832527e-21   95792888
  1.502845e+00   2.361947e-17   5.890998e-04   2.814012e-21   95307208
  1.504886e+00   2.337916e-17   5.890322e-04   2.796076e-21   94791100
  1.506926e+00   2.314579e-17   5.890218e-04   2.779802e-21   94280704
  1.508967e+00   2.293115e-17   5.891023e-04   2.765490e-21   93786136
  1.511007e+00   2.270406e-17   5.890098e-04   2.749707e-21   93259576
  1.513048e+00   2.247868e-17   5.890143e-04   2.734103e-21   92748448
  1.515088e+00   2.226620e-17   5.891043e-04   2.719147e-21   92250064
  1.517129e+00   2.204751e-17   5.889733e-04   2.703990e-21   91711820
  1.519169e+00   2.183752e-17   5.891153e-04   2.689858e-21   91217224
  1.521210e+00   2.163463e-17   5.889585e-04   2.677354e-21   90672604
  1.523250e+00   2.142622e-17   5.891610e-04   2.663142e-21   90183628
  1.525291e+00   2.122354e-17   5.890621e-04   2.649032e-21   89647216
  1.527331e+00   2.101858e-17   5.888907e-04   2.636896e-21   89094328
  1.529372e+00   2.082219e-17   5.891399e-04   2.623788e-21   88606888
  1.531412e+00   2.062394e-17   5.889473e-04   2.612525e-21   88049632
  1.533453e+00   2.043206e-17   5.891289e-04   2.599395e-21   87547700
  1.535494e+00   2.024417e-17   5.891432e-04   2.588751e-21   87018844
  1.537534e+00   2.005340e-17   5.889347e-04   2.577353e-21   86453428
  1.539575e+00   1.986767e-17   5.892172e-04   2.565436e-21   85961620
  1.541615e+00   1.968423e-17   5.889098e-04   2.554746e-21   85379956
  1.543655e+00   1.950254e-17   5.890392e-04   2.544743e-21   84860440
  1.545696e+00   1.932020e-17   5.891645e-04   2.533425e-21   84338596
  1.547737e+00   1.913844e-17   5.889823e-04   2.523351e-21   83770780
  1.549777e+00   1.897420e-17   5.890105e-04   2.514824e-21   83232380
  1.551818e+00   1.880037e-17   5.890092e-04   2.504755e-21   82685920
  1.553858e+00   1.863671e-17   5.891736e-04   2.496476e-21   82162552
  1.555899e+00   1.846688e-17   5.889481e-04   2.488625e-21   81583120
  1.557939e+00   1.830232e-17   5.890845e-04   2.480411e-21   81051772
  1.559980e+00   1.814510e-17   5.890308e-04   2.472305e-21   80492080
  1.562020e+00   1.797383e-17   5.890337e-04   2.463800e-21   79937728
  1.564061e+00   1.781802e-17   5.890974e-04   2.455529e-21   79392292
  1.566101e+00   1.765258e-17   5.889283e-04   2.448503e-21   78811832
  1.568142e+00   1.750019e-17   5.891109e-04   2.441709e-21   78277768
  1.570182e+00   1.734511e-17   5.890791e-04   2.435111e-21   77713156
  1.572223e+00   1.718715e-17   5.889841e-04   2.427071e-21   77137396
  1.574263e+00   1.704240e-17   5.891573e-04   2.421503e-21   76597252
  1.576304e+00   1.688775e-17   5.889752e-04   2.415368e-21   76006060
  1.578344e+00   1.674338e-17   5.890583e-04   2.410350e-21   75450580
  1.580385e+00   1.659885e-17   5.890719e-04   2.404278e-21   74884264
  1.582425e+00   1.645133e-17   5.888647e-04   2.399116e-21   74285432
  1.584466e+00   1.630960e-17   5.892725e-04   2.392737e-21   73765288
  1.586506e+00   1.615997e-17   5.890108e-04   2.387053e-21   73156660
  1.588547e+00   1.602296e-17   5.889540e-04   2.383925e-21   72574816
  1.590587e+00   1.588311e-17   5.892014e-04   2.378981e-21   72028000
  1.592628e+00   1.574240e-17   5.889485e-04   2.373501e-21   71415808
  1.594668e+00   1.560890e-17   5.890251e-04   2.370533e-21   70845868
  1.596709e+00   1.546982e-17   5.891156e-04   2.365683e-21   70272388
  1.598749e+00   1.533368e-17   5.890120e-04   2.362444e-21   69675308
  1.600790e+00   1.519652e-17   5.890000e-04   2.357741e-21   69088144
  1.602830e+00   1.505876e-17   5.890710e-04   2.353837e-21   68507884
  1.604871e+00   1.493683e-17   5.890512e-04   2.352010e-21   67917004
  1.606911e+00   1.479262e-17   5.890578e-04   2.345805e-21   67324480
  1.608952e+00   1.466738e-17   5.890788e-04   2.345026e-21   66733744
  1.610992e+00   1.453631e-17   5.890076e-04   2.340632e-21   66131224
  1.613033e+00   1.440465e-17   5.891093e-04   2.336984e-21   65545936
  1.615073e+00   1.428432e-17   5.889262e-04   2.338628e-21   64927556
  1.617114e+00   1.414758e-17   5.890371e-04   2.333168e-21   64338388
  1.619154e+00   1.402016e-17   5.891675e-04   2.330026e-21   63752068
  1.621195e+00   1.389308e-17   5.889776e-04   2.327326e-21   63127552
  1.623235e+00   1.377120e-17   5.890429e-04   2.327781e-21   62528716
  1.625276e+00   1.363919e-17   5.890384e-04   2.323160e-21   61921192
  1.627316e+00   1.350794e-17   5.890430e-04   2.321248e-21   61312336
  1.629357e+00   1.338564e-17   5.891104e-04   2.319915e-21   60710332
  1.631397e+00   1.326295e-17   5.888988e-04   2.317644e-21   60075140
  1.633438e+00   1.313277e-17   5.891169e-04   2.314713e-21   59484148
  1.635478e+00   1.299914e-17   5.890793e-04   2.310743e-21   58864996
  1.637519e+00   1.287111e-17   5.889698e-04   2.308699e-21   58235308
  1.639559e+00   1.275399e-17   5.890742e-04   2.307910e-21   57628036
  1.641600e+00   1.261821e-17   5.890577e-04   2.304219e-21   57004144
  1.643640e+00   1.249306e-17   5.891277e-04   2.300432e-21   56389540
  1.645681e+00   1.236168e-17   5.890631e-04   2.298879e-21   55759408
  1.647721e+00   1.222860e-17   5.888275e-04   2.295537e-21   55109720
  1.649762e+00   1.210058e-17   5.892023e-04   2.292293e-21   54519076
  1.651802e+00   1.197166e-17   5.890341e-04   2.290250e-21   53872468
  1.653843e+00   1.183933e-17   5.891088e-04   2.286406e-21   53248276
  1.655883e+00   1.171085e-17   5.889341e-04   2.283804e-21   52600132
  1.657924e+00   1.157183e-17   5.890604e-04   2.277812e-21   51976144
  1.659964e+00   1.143404e-17   5.891546e-04   2.272185e-21   51349900
  1.662005e+00   1.129688e-17   5.889908e-04   2.266868e-21   50695384
  1.664045e+00   1.115678e-17   5.890155e-04   2.259438e-21   50057984
  1.666086e+00   1.101505e-17   5.890380e-04   2.253501e-21   49419508
  1.668126e+00   1.087557e-17   5.890496e-04   2.246721e-21   48776488
  1.670167e+00   1.073214e-17   5.890648e-04   2.241161e-21   48133384
  1.672207e+00   1.057431e-17   5.889196e-04   2.226217e-21   47474236
  1.674248e+00   1.043622e-17   5.891309e-04   2.219481e-21   46843636
  1.676288e+00   1.028050e-17   5.891074e-04   2.208820e-21   46191052
  1.678329e+00   1.012138e-17   5.889792e-04   2.194785e-21   45529264
  1.680369e+00   9.971035e-18   5.890485e-04   2.183569e-21   44881736
  1.682410e+00   9.790943e-18   5.890525e-04   2.163987e-21   44225644
  1.684450e+00   9.642940e-18   5.891358e-04   2.151286e-21   43576192
  1.686491e+00   9.466070e-18   5.889794e-04   2.128250e-21   42904780
  1.688531e+00   9.290376e-18   5.889633e-04   2.105865e-21   42243280
  1.690572e+00   9.118773e-18   5.891008e-04   2.083718e-21   41592304
  1.692612e+00   8.922930e-18   5.890218e-04   2.049932e-21   40921504
  1.694653e+00   8.747171e-18   5.890829e-04   2.025492e-21   40260364
  1.696693e+00   8.548312e-18   5.888496e-04   1.987916e-21   39577280
  1.698733e+00   8.347459e-18   5.892354e-04   1.949358e-21   38934796
  1.700774e+00   8.141955e-18   5.890401e-04   1.902858e-21   38251060
  1.702814e+00   7.925048e-18   5.889828e-04   1.850589e-21   37573912
  1.704855e+00   7.703166e-18   5.889933e-04   1.789518e-21   36901072
  1.706895e+00   7.481885e-18   5.890773e-04   1.725887e-21   36243835
  1.708936e+00   7.296812e-18   5.891165e-04   1.675542e-21   35631178
  1.710977e+00   7.127737e-18   5.890339e-04   1.633893e-21   35038834
  1.713017e+00   6.970293e-18   5.889561e-04   1.594491e-21   34467356
  1.715058e+00   6.824465e-18   5.891917e-04   1.558172e-21   33932020
  1.717099e+00   6.682619e-18   5.890389e-04   1.524741e-21   33386890
  1.719139e+00   6.551063e-18   5.889525e-04   1.491412e-21   32859112
  1.721179e+00   6.425783e-18   5.890795e-04   1.463875e-21   32356054
  1.723220e+00   6.300843e-18   5.891297e-04   1.434136e-21   31858198
  1.725261e+00   6.184913e-18   5.889578e-04   1.407125e-21   31358896
  1.727301e+00   6.077079e-18   5.890306e-04   1.384848e-21   30881506
  1.729342e+00   5.970448e-18   5.890010e-04   1.361343e-21   30407522
  1.731382e+00   5.865710e-18   5.892460e-04   1.335347e-21   29957086
  1.733423e+00   5.766455e-18   5.890039e-04   1.315666e-21   29488294
  1.735463e+00   5.668073e-18   5.889085e-04   1.293908e-21   29035384
  1.737504e+00   5.575957e-18   5.890134e-04   1.274662e-21   28600522
  1.739544e+00   5.485537e-18   5.890735e-04   1.255890e-21   28168888
  1.741585e+00   5.403853e-18   5.891100e-04   1.240304e-21   27743284
  1.743625e+00   5.315894e-18   5.890873e-04   1.221495e-21   27321316
  1.745666e+00   5.238368e-18   5.888632e-04   1.204725e-21   26896532
  1.747706e+00   5.155374e-18   5.893143e-04   1.188633e-21   26509150
  1.749747e+00   5.079097e-18   5.889556e-04   1.174064e-21   26089648
  1.751787e+00   5.005935e-18   5.889177e-04   1.159714e-21   25691308
  1.753828e+00   4.934241e-18   5.891439e-04   1.145472e-21   25310632
  1.755869e+00   4.866069e-18   5.890222e-04   1.132418e-21   24918688
  1.757909e+00   4.796841e-18   5.891025e-04   1.119496e-21   24541360
  1.759949e+00   4.730125e-18   5.888725e-04   1.106994e-21   24156514
  1.761990e+00   4.666754e-18   5.890172e-04   1.094673e-21   23792042
  1.764031e+00   4.604782e-18   5.893560e-04   1.083851e-21   23440270
  1.766072e+00   4.546759e-18   5.889368e-04   1.073673e-21   23061724
  1.768111e+00   4.486313e-18   5.888399e-04   1.063736e-21   22702210
  1.770152e+00   4.432483e-18   5.891801e-04   1.054166e-21   22364644
  1.772193e+00   4.377075e-18   5.890835e-04   1.045214e-21   22012804
  1.774233e+00   4.320066e-18   5.890457e-04   1.034420e-21   21668428
  1.776274e+00   4.270047e-18   5.889348e-04   1.028540e-21   21326230
  1.778314e+00   4.221558e-18   5.889908e-04   1.019840e-21   20994284
  1.780354e+00   4.170026e-18   5.891391e-04   1.012008e-21   20669938
  1.782395e+00   4.118336e-18   5.891308e-04   1.003233e-21   20342638
  1.784436e+00   4.073363e-18   5.889063e-04   9.973418e-22   20013358
  1.786476e+00   4.028824e-18   5.892316e-04   9.900995e-22   19707214
  1.788517e+00   3.982333e-18   5.889170e-04   9.846038e-22   19381486
  1.790557e+00   3.937696e-18   5.890117e-04   9.772481e-22   19074238
  1.792598e+00   3.899372e-18   5.891567e-04   9.729237e-22   18772624
  1.794638e+00   3.858826e-18   5.888580e-04   9.688921e-22   18460526
  1.796679e+00   3.816323e-18   5.892699e-04   9.628191e-22   18174472
  1.798720e+00   3.778179e-18   5.889898e-04   9.581105e-22   17869018
  1.800760e+00   3.739527e-18   5.889083e-04   9.533110e-22   17574688
  1.802800e+00   3.704867e-18   5.892378e-04   9.503717e-22   17296672
  1.804841e+00   3.670848e-18   5.888582e-04   9.467750e-22   16999528
  1.806881e+00   3.632684e-18   5.891391e-04   9.423711e-22   16725952
  1.808922e+00   3.599718e-18   5.891464e-04   9.402118e-22   16447546
  1.810962e+00   3.567394e-18   5.888185e-04   9.378255e-22   16162976
  1.813003e+00   3.536020e-18   5.891753e-04   9.350666e-22   15901480
  1.815043e+00   3.503037e-18   5.889780e-04   9.317413e-22   15626866
  1.817084e+00   3.474602e-18   5.890869e-04   9.305658e-22   15364096
  1.819124e+00   3.444365e-18   5.890487e-04   9.279540e-22   15101074
  1.821165e+00   3.416560e-18   5.890272e-04   9.274672e-22   14840482
  1.823205e+00   3.388255e-18   5.890653e-04   9.256545e-22   14585698
  1.825246e+00   3.361141e-18   5.891264e-04   9.237133e-22   14333860
  1.827286e+00   3.333624e-18   5.887389e-04   9.238093e-22   14073794
  1.829327e+00   3.305353e-18   5.893124e-04   9.224089e-22   13840834
  1.831368e+00   3.281739e-18   5.889528e-04   9.230156e-22   13587610
  1.833408e+00   3.257437e-18   5.890132e-04   9.219530e-22   13347532
  1.835449e+00   3.231374e-18   5.891862e-04   9.221858e-22   13113010
  1.837489e+00   3.209732e-18   5.889134e-04   9.232715e-22   12870418
  1.839530e+00   3.186102e-18   5.891722e-04   9.228339e-22   12643618
  1.841570e+00   3.164113e-18   5.889276e-04   9.239988e-22   12408220
  1.843610e+00   3.144749e-18   5.888611e-04   9.263334e-22   12178826
  1.845651e+00   3.122379e-18   5.893835e-04   9.259800e-22   11965252
  1.847692e+00   3.102346e-18   5.889798e-04   9.276875e-22   11734570
  1.849732e+00   3.081430e-18   5.888108e-04   9.297088e-22   11512084
  1.851772e+00   3.064119e-18   5.892882e-04   9.327038e-22   11304874
  1.853813e+00   3.044591e-18   5.890727e-04   9.340380e-22   11085628
  1.855854e+00   3.026184e-18   5.888873e-04   9.368171e-22   10871212
  1.857894e+00   3.006691e-18   5.890526e-04   9.393916e-22   10665436
  1.859934e+00   2.990411e-18   5.887988e-04   9.423150e-22   10454018
  1.861975e+00   2.974010e-18   5.894361e-04   9.445902e-22   10261756
  1.864016e+00   2.959015e-18   5.890315e-04   9.488261e-22   10052716
  1.866056e+00   2.944415e-18   5.887366e-04   9.535237e-22   9849052
  1.868096e+00   2.930219e-18   5.891497e-04   9.569959e-22   9659884
  1.870137e+00   2.914527e-18   5.891009e-04   9.606594e-22   9464068
  1.872178e+00   2.898869e-18   5.891150e-04   9.645877e-22   9273118
  1.874218e+00   2.883867e-18   5.890493e-04   9.696215e-22   9082996
  1.876258e+00   2.871423e-18   5.885635e-04   9.757476e-22   8888324
  1.878298e+00   2.856081e-18   5.894681e-04   9.799768e-22   8717860
  1.880339e+00   2.843591e-18   5.889024e-04   9.847727e-22   8526892
  1.882380e+00   2.831223e-18   5.891160e-04   9.904900e-22   8350294
  1.884421e+00   2.822186e-18   5.892668e-04   9.960224e-22   8175196
  1.886461e+00   2.810529e-18   5.886896e-04   1.003220e-21   7991188
  1.888501e+00   2.798221e-18   5.891856e-04   1.009785e-21   7825390
  1.890542e+00   2.787885e-18   5.892269e-04   1.017051e-21   7655212
  1.892582e+00   2.779122e-18   5.885119e-04   1.025184e-21   7477166
  1.894623e+00   2.765468e-18   5.895156e-04   1.030179e-21   7324060
  1.896664e+00   2.756988e-18   5.888806e-04   1.038798e-21   7151566
  1.898704e+00   2.747667e-18   5.888852e-04   1.046509e-21   6989950
  1.900745e+00   2.738929e-18   5.894191e-04   1.054883e-21   6836908
  1.902785e+00   2.732296e-18   5.887692e-04   1.063332e-21   6671038
  1.904825e+00   2.719472e-18   5.892290e-04   1.071432e-21   6521230
  1.906866e+00   2.712690e-18   5.889874e-04   1.080576e-21   6365332
  1.908906e+00   2.705975e-18   5.884549e-04   1.090591e-21   6208238
  1.910946e+00   2.697967e-18   5.897328e-04   1.100456e-21   6073126
  1.912988e+00   2.690274e-18   5.888926e-04   1.111328e-21   5916982
  1.915027e+00   2.681535e-18   5.887954e-04   1.121565e-21   5771308
  1.917068e+00   2.678386e-18   5.892604e-04   1.132455e-21   5633446
  1.919109e+00   2.669715e-18   5.888913e-04   1.144390e-21   5488414
  1.921149e+00   2.664544e-18   5.892279e-04   1.155819e-21   5353270
  1.923191e+00   2.656852e-18   5.893097e-04   1.166745e-21   5217238
  1.925230e+00   2.653296e-18   5.881123e-04   1.182842e-21   5071646
  1.927270e+00   2.648537e-18   5.897435e-04   1.195233e-21   4953394
  1.929311e+00   2.644430e-18   5.888971e-04   1.209158e-21   4815046
  1.931351e+00   2.638517e-18   5.888986e-04   1.220237e-21   4686502
  1.933392e+00   2.635268e-18   5.894151e-04   1.236452e-21   4564246
  1.935432e+00   2.630709e-18   5.884214e-04   1.253523e-21   4431088
  1.937472e+00   2.625267e-18   5.895013e-04   1.267446e-21   4316734
  1.939514e+00   2.622528e-18   5.892371e-04   1.283531e-21   4193806
  1.941554e+00   2.618472e-18   5.881432e-04   1.300838e-21   4066670
  1.943594e+00   2.612317e-18   5.899332e-04   1.315236e-21   3962278
  1.945635e+00   2.609246e-18   5.886384e-04   1.333545e-21   3837862
  1.947675e+00   2.611166e-18   5.888459e-04   1.356397e-21   3726112
  1.949716e+00   2.606238e-18   5.894296e-04   1.373649e-21   3618790
  1.951756e+00   2.605865e-18   5.885912e-04   1.394260e-21   3503302
  1.953796e+00   2.599404e-18   5.894725e-04   1.411613e-21   3401176
  1.955838e+00   2.600915e-18   5.891226e-04   1.434335e-21   3293194
  1.957876e+00   2.596732e-18   5.877277e-04   1.454604e-21   3181142
  1.959917e+00   2.595667e-18   5.903988e-04   1.476734e-21   3093808
  1.961960e+00   2.595753e-18   5.888871e-04   1.503035e-21   2984950
  1.963999e+00   2.587955e-18   5.886109e-04   1.525970e-21   2885224
  1.966040e+00   2.591160e-18   5.897750e-04   1.549348e-21   2794390
  1.968080e+00   2.595464e-18   5.881630e-04   1.582786e-21   2690920
  1.970120e+00   2.590559e-18   5.894221e-04   1.609272e-21   2603926
  1.972161e+00   2.586843e-18   5.892800e-04   1.635230e-21   2511952
  1.974200e+00   2.590590e-18   5.876979e-04   1.667711e-21   2415422
  1.976241e+00   2.594126e-18   5.905190e-04   1.695119e-21   2339440
  1.978283e+00   2.589018e-18   5.886459e-04   1.730116e-21   2245138
  1.980322e+00   2.592384e-18   5.885584e-04   1.763602e-21   2160592
  1.982363e+00   2.594551e-18   5.897432e-04   1.798610e-21   2082736
  1.984403e+00   2.587931e-18   5.881362e-04   1.832339e-21   1995454
  1.986443e+00   2.590209e-18   5.897534e-04   1.868090e-21   1922008
  1.988485e+00   2.594244e-18   5.891749e-04   1.911306e-21   1842448
  1.990522e+00   2.592997e-18   5.870719e-04   1.957699e-21   1759982
  1.992563e+00   2.595634e-18   5.909793e-04   1.990188e-21   1698088
  1.994607e+00   2.600577e-18   5.888644e-04   2.045680e-21   1618912
  1.996645e+00   2.598005e-18   5.882080e-04   2.088653e-21   1546426
  1.998686e+00   2.601717e-18   5.901587e-04   2.136107e-21   1482760
  2.000726e+00   2.601218e-18   5.876526e-04   2.192730e-21   1408504
  2.002766e+00   2.606819e-18   5.900293e-04   2.242260e-21   1348888
  2.004809e+00   2.608868e-18   5.894112e-04   2.307257e-21   1283128
  2.006844e+00   2.613412e-18   5.857661e-04   2.378714e-21   1212710
  2.008884e+00   2.612829e-18   5.919958e-04   2.420761e-21   1165312
  2.010930e+00   2.611239e-18   5.888517e-04   2.488902e-21   1099240
  2.012967e+00   2.618572e-18   5.874477e-04   2.575440e-21   1039180
  2.015008e+00   2.618873e-18   5.907201e-04   2.629850e-21   989296
  2.017048e+00   2.616610e-18   5.871427e-04   2.712501e-21   928480
  2.019088e+00   2.627512e-18   5.908312e-04   2.796113e-21   881896
  2.021133e+00   2.631433e-18   5.892377e-04   2.879990e-21   828112
  2.023164e+00   2.639274e-18   5.840081e-04   2.995966e-21   771512
  2.025205e+00   2.638616e-18   5.943827e-04   3.069384e-21   737656
  2.027255e+00   2.634305e-18   5.883968e-04   3.185352e-21   682876
  2.029287e+00   2.650822e-18   5.857126e-04   3.331208e-21   635344
  2.031329e+00   2.649705e-18   5.927774e-04   3.424789e-21   600232
  2.033373e+00   2.648106e-18   5.864297e-04   3.563862e-21   551368
  2.035408e+00   2.655355e-18   5.898380e-04   3.693886e-21   514696
  2.037453e+00   2.654871e-18   5.900658e-04   3.849927e-21   476416
  2.039484e+00   2.665592e-18   5.824378e-04   4.048390e-21   433616
  2.041526e+00   2.678110e-18   5.962478e-04   4.184290e-21   408292
  2.043575e+00   2.672089e-18   5.862678e-04   4.381485e-21   366880
  2.045605e+00   2.682711e-18   5.870941e-04   4.631304e-21   335704
  2.047656e+00   2.682068e-18   5.955911e-04   4.834777e-21   309472
  2.049690e+00   2.687530e-18   5.783526e-04   5.156598e-21   270784
  2.051720e+00   2.704973e-18   5.958327e-04   5.393096e-21   251818
  2.053787e+00   2.717949e-18   5.940264e-04   5.756683e-21   224092
  2.055790e+00   2.704114e-18   5.619118e-04   6.243819e-21   188432
  2.057825e+00   2.728997e-18   6.103572e-04   6.424782e-21   181504
  2.059914e+00   2.723939e-18   5.896146e-04   6.944585e-21   151936
  2.061912e+00   2.728311e-18   5.664388e-04   7.700211e-21   126706
  2.063961e+00   2.731132e-18   6.122265e-04   7.882005e-21   118288
  2.066031e+00   2.747497e-18   5.747082e-04   9.047093e-21   92620
  2.068014e+00   2.760358e-18   5.791988e-04   9.867907e-21   78136
  2.070093e+00   2.733192e-18   6.153460e-04   1.038172e-20   68626
  2.072088e+00   2.749430e-18   5.129496e-04   1.291045e-20   46280
  2.074059e+00   2.789208e-18   6.160051e-04   1.346499e-20   43432
  2.076220e+00   2.793737e-18   6.155713e-04   1.583638e-20   32056
  2.078220e+00   2.744649e-18   5.100189e-04   1.996915e-20   19270
  2.080175e+00   2.763110e-18   6.137065e-04   2.180589e-20   15688
  2.082322e+00   2.769539e-18   6.108434e-04   2.839024e-20   9208
  2.084319e+00   2.739552e-18   5.039385e-04   4.299416e-20   3970
  2.086177e+00   2.850028e-18   5.810493e-04   6.948181e-20   1816
  2.088030e+00   2.800227e-18   3.896770e-04   1.800523e-19   230
