# power spectrum of delta
# redshift z=-0.034717
# k              Pk             sigma(k)       sigma(Pk)      count
  1.554082e-03   1.516214e-06   3.849967e-04   1.837871e-07   146
  3.315891e-03   2.458220e-05   5.645617e-04   9.458746e-07   1042
  5.255560e-03   1.217897e-04   5.631710e-04   2.602530e-06   2698
  7.226238e-03   3.778796e-04   5.714963e-04   5.597521e-06   5206
  9.236952e-03   8.805135e-04   5.879031e-04   1.014051e-05   8752
  1.128500e-02   1.730632e-03   5.950186e-04   1.546393e-05   13258
  1.332029e-02   3.008636e-03   5.812860e-04   2.288884e-05   18070
  1.533799e-02   4.662382e-03   5.833601e-04   3.044808e-05   24050
  1.738769e-02   6.754041e-03   5.989399e-04   3.834644e-05   31720
  1.943477e-02   9.323827e-03   5.849109e-04   4.737222e-05   38722
  2.146405e-02   1.214144e-02   5.862639e-04   5.652526e-05   47398
  2.349979e-02   1.539930e-02   5.882944e-04   6.460314e-05   56986
  2.554151e-02   1.905667e-02   5.907046e-04   7.411685e-05   67552
  2.758014e-02   2.314940e-02   5.872674e-04   8.293377e-05   78310
  2.961557e-02   2.685275e-02   5.882808e-04   9.001628e-05   90514
  3.164924e-02   3.133805e-02   5.857631e-04   9.873318e-05   102938
  3.368563e-02   3.531872e-02   5.901325e-04   1.034284e-04   117412
  3.572860e-02   4.041766e-02   5.900212e-04   1.112253e-04   132106
  3.776869e-02   4.521056e-02   5.879385e-04   1.179099e-04   147154
  3.980581e-02   4.993606e-02   5.881164e-04   1.236276e-04   163522
  4.184971e-02   5.542159e-02   5.917380e-04   1.303777e-04   181804
  4.388716e-02   6.087196e-02   5.852792e-04   1.379702e-04   197722
  4.592521e-02   6.678566e-02   5.913571e-04   1.429630e-04   218866
  4.796858e-02   7.383711e-02   5.883333e-04   1.515803e-04   237542
  5.000645e-02   8.035779e-02   5.882751e-04   1.584155e-04   258136
  5.204613e-02   8.776477e-02   5.892119e-04   1.662534e-04   280066
  5.408484e-02   9.517108e-02   5.879532e-04   1.737370e-04   301774
  5.612494e-02   1.036350e-01   5.897386e-04   1.812524e-04   326050
  5.816725e-02   1.130854e-01   5.892357e-04   1.919480e-04   349792
  6.020894e-02   1.222493e-01   5.898220e-04   2.000122e-04   375154
  6.224878e-02   1.317287e-01   5.878390e-04   2.093117e-04   399742
  6.428502e-02   1.421034e-01   5.877282e-04   2.181353e-04   426266
  6.632420e-02   1.514337e-01   5.892967e-04   2.249570e-04   454960
  6.836448e-02   1.617660e-01   5.887382e-04   2.328590e-04   482734
  7.040483e-02   1.722847e-01   5.895060e-04   2.410294e-04   512746
  7.244666e-02   1.820853e-01   5.892082e-04   2.471436e-04   542746
  7.448833e-02   1.905371e-01   5.895081e-04   2.517381e-04   573952
  7.652873e-02   1.998915e-01   5.886192e-04   2.581201e-04   604918
  7.856782e-02   2.095136e-01   5.887181e-04   2.628155e-04   637666
  8.060887e-02   2.174783e-01   5.897344e-04   2.648975e-04   672482
  8.265024e-02   2.265613e-01   5.887854e-04   2.701157e-04   705748
  8.468883e-02   2.338254e-01   5.884884e-04   2.712598e-04   740482
  8.673009e-02   2.405922e-01   5.901845e-04   2.722604e-04   779026
  8.877006e-02   2.477002e-01   5.875992e-04   2.747797e-04   812614
  9.081033e-02   2.551758e-01   5.902277e-04   2.762276e-04   854200
  9.285241e-02   2.622739e-01   5.887737e-04   2.782461e-04   890746
  9.489189e-02   2.700726e-01   5.888028e-04   2.797588e-04   930394
  9.693174e-02   2.782249e-01   5.888121e-04   2.825351e-04   970982
  9.897209e-02   2.856818e-01   5.890745e-04   2.843442e-04   1012600
  1.010137e-01   2.953125e-01   5.897237e-04   2.877527e-04   1055890
  1.030542e-01   3.043655e-01   5.884073e-04   2.912444e-04   1096630
  1.050933e-01   3.133146e-01   5.887890e-04   2.929247e-04   1141378
  1.071337e-01   3.238857e-01   5.890564e-04   2.980733e-04   1186552
  1.091740e-01   3.356413e-01   5.889981e-04   3.027383e-04   1231798
  1.112148e-01   3.465807e-01   5.893633e-04   3.071076e-04   1279234
  1.132559e-01   3.592727e-01   5.890093e-04   3.124892e-04   1325906
  1.152965e-01   3.720986e-01   5.891197e-04   3.172374e-04   1374352
  1.173364e-01   3.856227e-01   5.886007e-04   3.233848e-04   1421950
  1.193758e-01   4.002243e-01   5.890300e-04   3.297543e-04   1472962
  1.214157e-01   4.130829e-01   5.886064e-04   3.348614e-04   1522954
  1.234545e-01   4.264976e-01   5.884752e-04   3.398524e-04   1573804
  1.254965e-01   4.403974e-01   5.906693e-04   3.446836e-04   1632274
  1.275390e-01   4.542165e-01   5.886302e-04   3.506333e-04   1680226
  1.295769e-01   4.667558e-01   5.879889e-04   3.556684e-04   1732682
  1.316167e-01   4.786127e-01   5.894980e-04   3.574896e-04   1792204
  1.336589e-01   4.929109e-01   5.896575e-04   3.629810e-04   1848298
  1.356989e-01   5.043536e-01   5.883050e-04   3.660634e-04   1901050
  1.377383e-01   5.158820e-01   5.890297e-04   3.690010e-04   1961326
  1.397792e-01   5.263590e-01   5.892228e-04   3.707046e-04   2020312
  1.418209e-01   5.375763e-01   5.895741e-04   3.733335e-04   2080930
  1.438627e-01   5.476845e-01   5.893024e-04   3.742813e-04   2140390
  1.459026e-01   5.574218e-01   5.883405e-04   3.768001e-04   2198162
  1.479427e-01   5.675072e-01   5.893956e-04   3.771750e-04   2263864
  1.499842e-01   5.777142e-01   5.893769e-04   3.792602e-04   2326426
  1.520249e-01   5.880875e-01   5.889045e-04   3.813900e-04   2388550
  1.540650e-01   5.968850e-01   5.888570e-04   3.809051e-04   2453098
  1.561047e-01   6.071086e-01   5.886971e-04   3.823316e-04   2517592
  1.581449e-01   6.177288e-01   5.892905e-04   3.846839e-04   2586070
  1.601854e-01   6.290233e-01   5.889181e-04   3.866990e-04   2651842
  1.622257e-01   6.405566e-01   5.889579e-04   3.884362e-04   2720330
  1.642669e-01   6.525410e-01   5.894439e-04   3.908662e-04   2791156
  1.663078e-01   6.656898e-01   5.889934e-04   3.936314e-04   2858554
  1.683481e-01   6.775397e-01   5.890635e-04   3.964614e-04   2929594
  1.703877e-01   6.916609e-01   5.885431e-04   3.993264e-04   2998762
  1.724278e-01   7.054270e-01   5.891948e-04   4.032077e-04   3074188
  1.744675e-01   7.203132e-01   5.885376e-04   4.065574e-04   3143482
  1.765088e-01   7.328795e-01   5.900653e-04   4.082915e-04   3226186
  1.785498e-01   7.495350e-01   5.882615e-04   4.135937e-04   3291158
  1.805901e-01   7.635309e-01   5.897179e-04   4.154884e-04   3375112
  1.826317e-01   7.786422e-01   5.890290e-04   4.196965e-04   3447658
  1.846719e-01   7.933014e-01   5.889171e-04   4.225949e-04   3524626
  1.867120e-01   8.088221e-01   5.888543e-04   4.263599e-04   3602998
  1.887512e-01   8.240212e-01   5.883706e-04   4.301976e-04   3678592
  1.907908e-01   8.397865e-01   5.892546e-04   4.328992e-04   3764122
  1.928324e-01   8.527623e-01   5.894579e-04   4.353356e-04   3846598
  1.948727e-01   8.682668e-01   5.885077e-04   4.387469e-04   3922250
  1.969136e-01   8.811115e-01   5.896943e-04   4.403462e-04   4013032
  1.989552e-01   8.968993e-01   5.889700e-04   4.443088e-04   4091182
  2.009950e-01   9.108127e-01   5.887664e-04   4.464177e-04   4174282
  2.030353e-01   9.240480e-01   5.891040e-04   4.481207e-04   4261978
  2.050762e-01   9.373595e-01   5.892160e-04   4.498981e-04   4348624
  2.071163e-01   9.512802e-01   5.886637e-04   4.522059e-04   4431430
  2.091564e-01   9.637537e-01   5.892138e-04   4.539250e-04   4523290
  2.111972e-01   9.782584e-01   5.891043e-04   4.557584e-04   4611386
  2.132376e-01   9.919740e-01   5.888473e-04   4.580373e-04   4698814
  2.152782e-01   1.004777e+00   5.893426e-04   4.601797e-04   4792984
  2.173194e-01   1.019459e+00   5.892017e-04   4.621473e-04   4883194
  2.193596e-01   1.032641e+00   5.887755e-04   4.636395e-04   4971694
  2.214001e-01   1.047264e+00   5.893212e-04   4.664309e-04   5069434
  2.234405e-01   1.062094e+00   5.886957e-04   4.680880e-04   5157736
  2.254804e-01   1.076335e+00   5.891220e-04   4.705618e-04   5256202
  2.275212e-01   1.091468e+00   5.891252e-04   4.724433e-04   5351990
  2.295614e-01   1.105511e+00   5.887454e-04   4.745084e-04   5444914
  2.316024e-01   1.119338e+00   5.895775e-04   4.757528e-04   5550088
  2.336441e-01   1.136205e+00   5.892314e-04   4.790279e-04   5644774
  2.356844e-01   1.152776e+00   5.887291e-04   4.817477e-04   5739034
  2.377243e-01   1.167245e+00   5.889493e-04   4.833549e-04   5841154
  2.397648e-01   1.184478e+00   5.891188e-04   4.866445e-04   5943448
  2.418057e-01   1.201059e+00   5.891894e-04   4.895416e-04   6045670
  2.438457e-01   1.215727e+00   5.886738e-04   4.911228e-04   6142586
  2.458857e-01   1.231635e+00   5.890965e-04   4.933930e-04   6250738
  2.479269e-01   1.248332e+00   5.893339e-04   4.954250e-04   6357172
  2.499678e-01   1.266078e+00   5.890271e-04   4.988587e-04   6458506
  2.520084e-01   1.282292e+00   5.891472e-04   5.008039e-04   6566290
  2.540484e-01   1.297497e+00   5.886483e-04   5.026348e-04   6667414
  2.560881e-01   1.312579e+00   5.889729e-04   5.050061e-04   6778336
  2.581289e-01   1.330928e+00   5.893065e-04   5.073815e-04   6890218
  2.601690e-01   1.348507e+00   5.886464e-04   5.109672e-04   6992306
  2.622097e-01   1.363857e+00   5.895050e-04   5.122171e-04   7113454
  2.642508e-01   1.381094e+00   5.888931e-04   5.152638e-04   7216216
  2.662907e-01   1.395822e+00   5.889220e-04   5.160624e-04   7328218
  2.683311e-01   1.412744e+00   5.891504e-04   5.190245e-04   7444414
  2.703714e-01   1.429847e+00   5.887477e-04   5.216219e-04   7553290
  2.724122e-01   1.445146e+00   5.894442e-04   5.223986e-04   7676368
  2.744529e-01   1.461784e+00   5.888427e-04   5.247792e-04   7783150
  2.764932e-01   1.479188e+00   5.891771e-04   5.272845e-04   7904570
  2.785337e-01   1.495227e+00   5.888377e-04   5.292571e-04   8017570
  2.805747e-01   1.512544e+00   5.894749e-04   5.310320e-04   8143840
  2.826158e-01   1.528712e+00   5.889589e-04   5.326972e-04   8255134
  2.846555e-01   1.544941e+00   5.886996e-04   5.347273e-04   8371450
  2.866957e-01   1.563457e+00   5.891278e-04   5.370936e-04   8498578
  2.887371e-01   1.579872e+00   5.893995e-04   5.392914e-04   8623180
  2.907783e-01   1.597114e+00   5.891794e-04   5.413079e-04   8742034
  2.928185e-01   1.614113e+00   5.887409e-04   5.431927e-04   8859194
  2.948582e-01   1.631787e+00   5.888043e-04   5.453529e-04   8984386
  2.968984e-01   1.650104e+00   5.889953e-04   5.476136e-04   9111652
  2.989394e-01   1.667053e+00   5.894313e-04   5.491576e-04   9243322
  3.009801e-01   1.684109e+00   5.888434e-04   5.512522e-04   9361378
  3.030204e-01   1.702964e+00   5.890316e-04   5.538823e-04   9491998
  3.050606e-01   1.719696e+00   5.889315e-04   5.555805e-04   9618016
  3.071010e-01   1.738905e+00   5.891205e-04   5.585862e-04   9750178
  3.091413e-01   1.756179e+00   5.888404e-04   5.600265e-04   9875558
  3.111820e-01   1.772810e+00   5.893640e-04   5.611713e-04   10015834
  3.132223e-01   1.791115e+00   5.885801e-04   5.639390e-04   10133344
  3.152627e-01   1.810628e+00   5.895529e-04   5.661706e-04   10282522
  3.173040e-01   1.828044e+00   5.889812e-04   5.679073e-04   10406974
  3.193437e-01   1.846098e+00   5.886096e-04   5.693784e-04   10534378
  3.213841e-01   1.866346e+00   5.894405e-04   5.719405e-04   10684456
  3.234254e-01   1.882615e+00   5.890917e-04   5.738167e-04   10813894
  3.254654e-01   1.903177e+00   5.887488e-04   5.767284e-04   10944626
  3.275058e-01   1.921576e+00   5.892300e-04   5.781914e-04   11091802
  3.295466e-01   1.939578e+00   5.889694e-04   5.800214e-04   11224756
  3.315871e-01   1.957358e+00   5.891399e-04   5.817842e-04   11367730
  3.336279e-01   1.975236e+00   5.891097e-04   5.836350e-04   11507890
  3.356680e-01   1.994060e+00   5.886912e-04   5.855548e-04   11640658
  3.377084e-01   2.011666e+00   5.893412e-04   5.865048e-04   11795380
  3.397495e-01   2.032131e+00   5.891216e-04   5.895919e-04   11933434
  3.417900e-01   2.051721e+00   5.889963e-04   5.915413e-04   12074954
  3.438308e-01   2.068943e+00   5.892532e-04   5.927442e-04   12225142
  3.458709e-01   2.086697e+00   5.885745e-04   5.943238e-04   12356104
  3.479106e-01   2.107476e+00   5.891058e-04   5.968155e-04   12513442
  3.499516e-01   2.125875e+00   5.892873e-04   5.987373e-04   12664810
  3.519928e-01   2.144979e+00   5.891937e-04   6.005595e-04   12811246
  3.540334e-01   2.164099e+00   5.889181e-04   6.026074e-04   12953536
  3.560735e-01   2.183639e+00   5.890044e-04   6.042399e-04   13105042
  3.581140e-01   2.202156e+00   5.891192e-04   6.060825e-04   13258670
  3.601546e-01   2.222772e+00   5.890325e-04   6.086901e-04   13408738
  3.621953e-01   2.241254e+00   5.890899e-04   6.099770e-04   13562320
  3.642355e-01   2.262148e+00   5.888450e-04   6.121911e-04   13709062
  3.662757e-01   2.280492e+00   5.891202e-04   6.136013e-04   13870258
  3.683171e-01   2.298814e+00   5.894186e-04   6.152656e-04   14032714
  3.703575e-01   2.318917e+00   5.886241e-04   6.170669e-04   14169232
  3.723976e-01   2.338571e+00   5.891956e-04   6.189602e-04   14339422
  3.744381e-01   2.357550e+00   5.888919e-04   6.210458e-04   14489330
  3.764785e-01   2.376159e+00   5.891282e-04   6.220015e-04   14654458
  3.785190e-01   2.396281e+00   5.889293e-04   6.239899e-04   14808292
  3.805593e-01   2.418067e+00   5.890179e-04   6.261919e-04   14970130
  3.825997e-01   2.437834e+00   5.890254e-04   6.281221e-04   15131626
  3.846399e-01   2.457678e+00   5.888648e-04   6.297326e-04   15289198
  3.866807e-01   2.475682e+00   5.894136e-04   6.310731e-04   15466552
  3.887217e-01   2.496675e+00   5.889267e-04   6.331771e-04   15616714
  3.907617e-01   2.518320e+00   5.889009e-04   6.352613e-04   15780506
  3.928022e-01   2.537310e+00   5.891699e-04   6.370101e-04   15953542
  3.948433e-01   2.556909e+00   5.892495e-04   6.384014e-04   16121296
  3.968834e-01   2.576235e+00   5.886227e-04   6.396985e-04   16270762
  3.989235e-01   2.598398e+00   5.892919e-04   6.423679e-04   16457182
  4.009646e-01   2.617764e+00   5.891739e-04   6.434542e-04   16623562
  4.030052e-01   2.637110e+00   5.889160e-04   6.454614e-04   16785784
  4.050455e-01   2.657367e+00   5.890644e-04   6.469080e-04   16959370
  4.070861e-01   2.679144e+00   5.891235e-04   6.489365e-04   17132774
  4.091266e-01   2.697795e+00   5.889569e-04   6.499176e-04   17300602
  4.111672e-01   2.718574e+00   5.891834e-04   6.516807e-04   17480656
  4.132078e-01   2.740470e+00   5.889644e-04   6.539736e-04   17647558
  4.152481e-01   2.759171e+00   5.890172e-04   6.553012e-04   17823778
  4.172887e-01   2.781599e+00   5.890581e-04   6.573580e-04   18001594
  4.193290e-01   2.800526e+00   5.888841e-04   6.583444e-04   18172300
  4.213694e-01   2.820765e+00   5.891306e-04   6.597591e-04   18356770
  4.234105e-01   2.840641e+00   5.893313e-04   6.615730e-04   18541082
  4.254516e-01   2.862362e+00   5.891095e-04   6.630091e-04   18713914
  4.274917e-01   2.882256e+00   5.886533e-04   6.649109e-04   18879742
  4.295318e-01   2.903941e+00   5.892187e-04   6.663813e-04   19077592
  4.315727e-01   2.923794e+00   5.891074e-04   6.680265e-04   19255474
  4.336133e-01   2.942431e+00   5.890497e-04   6.690971e-04   19436278
  4.356531e-01   2.965310e+00   5.886327e-04   6.712184e-04   19605994
  4.376936e-01   2.986780e+00   5.894559e-04   6.727529e-04   19817344
  4.397347e-01   3.005259e+00   5.889775e-04   6.742828e-04   19985702
  4.417750e-01   3.027664e+00   5.890630e-04   6.755942e-04   20175730
  4.438152e-01   3.046137e+00   5.887860e-04   6.769382e-04   20352682
  4.458557e-01   3.069994e+00   5.893597e-04   6.785680e-04   20559616
  4.478969e-01   3.089877e+00   5.891648e-04   6.804257e-04   20741518
  4.499369e-01   3.111885e+00   5.886230e-04   6.818774e-04   20912026
  4.519768e-01   3.132859e+00   5.891225e-04   6.834151e-04   21121018
  4.540176e-01   3.154405e+00   5.890883e-04   6.851897e-04   21310012
  4.560579e-01   3.173355e+00   5.889301e-04   6.860706e-04   21496154
  4.580989e-01   3.194267e+00   5.893557e-04   6.872283e-04   21705946
  4.601398e-01   3.216018e+00   5.889070e-04   6.893643e-04   21882562
  4.621802e-01   3.235786e+00   5.891458e-04   6.905084e-04   22085428
  4.642214e-01   3.256957e+00   5.893143e-04   6.917395e-04   22287106
  4.662615e-01   3.279894e+00   5.885500e-04   6.935637e-04   22455010
  4.683013e-01   3.300569e+00   5.890571e-04   6.951716e-04   22671694
  4.703421e-01   3.320153e+00   5.892012e-04   6.958805e-04   22874368
  4.723830e-01   3.339705e+00   5.891203e-04   6.970657e-04   23070146
  4.744235e-01   3.362552e+00   5.889653e-04   6.984228e-04   23264038
  4.764637e-01   3.384449e+00   5.889570e-04   7.001672e-04   23464210
  4.785045e-01   3.403125e+00   5.893101e-04   7.010280e-04   23679208
  4.805453e-01   3.426050e+00   5.889894e-04   7.031642e-04   23868658
  4.825856e-01   3.445994e+00   5.889440e-04   7.041970e-04   24070582
  4.846259e-01   3.467195e+00   5.890549e-04   7.057155e-04   24278842
  4.866664e-01   3.487579e+00   5.890268e-04   7.066339e-04   24482272
  4.887069e-01   3.510745e+00   5.890750e-04   7.082714e-04   24689510
  4.907474e-01   3.530716e+00   5.890195e-04   7.093506e-04   24894634
  4.927881e-01   3.553221e+00   5.891565e-04   7.109428e-04   25108474
  4.948289e-01   3.573584e+00   5.890919e-04   7.119584e-04   25313116
  4.968692e-01   3.593915e+00   5.889389e-04   7.130602e-04   25515970
  4.989095e-01   3.617737e+00   5.889848e-04   7.153736e-04   25727962
  5.009501e-01   3.635362e+00   5.892016e-04   7.155101e-04   25948954
  5.029911e-01   3.658924e+00   5.891242e-04   7.172764e-04   26157220
  5.050312e-01   3.679826e+00   5.887329e-04   7.186995e-04   26351546
  5.070713e-01   3.701482e+00   5.891599e-04   7.198137e-04   26585314
  5.091124e-01   3.721110e+00   5.891783e-04   7.207621e-04   26800630
  5.111529e-01   3.744363e+00   5.889142e-04   7.223789e-04   27003376
  5.131928e-01   3.765335e+00   5.887939e-04   7.234131e-04   27213202
  5.152333e-01   3.784202e+00   5.893371e-04   7.239130e-04   27455194
  5.172745e-01   3.804526e+00   5.891605e-04   7.251614e-04   27666070
  5.193150e-01   3.827815e+00   5.888642e-04   7.269442e-04   27870280
  5.213548e-01   3.847016e+00   5.888416e-04   7.276855e-04   28088090
  5.233952e-01   3.867474e+00   5.892064e-04   7.287602e-04   28326262
  5.254363e-01   3.890037e+00   5.891855e-04   7.299198e-04   28546906
  5.274771e-01   3.913000e+00   5.890514e-04   7.316876e-04   28762552
  5.295175e-01   3.931960e+00   5.889643e-04   7.321692e-04   28979734
  5.315579e-01   3.954615e+00   5.891116e-04   7.334385e-04   29211106
  5.335984e-01   3.972058e+00   5.890058e-04   7.339808e-04   29431738
  5.356386e-01   3.995219e+00   5.888449e-04   7.354937e-04   29648776
  5.376788e-01   4.017635e+00   5.891295e-04   7.370069e-04   29888654
  5.397198e-01   4.039244e+00   5.892792e-04   7.378692e-04   30123490
  5.417605e-01   4.056582e+00   5.889187e-04   7.378352e-04   30334570
  5.438008e-01   4.080841e+00   5.889866e-04   7.399125e-04   30566524
  5.458411e-01   4.102553e+00   5.890413e-04   7.412872e-04   30798370
  5.478823e-01   4.123917e+00   5.894562e-04   7.419109e-04   31052026
  5.499229e-01   4.141774e+00   5.886551e-04   7.426021e-04   31241782
  5.519630e-01   4.166467e+00   5.891853e-04   7.445108e-04   31502128
  5.540036e-01   4.186739e+00   5.889524e-04   7.451598e-04   31721474
  5.560439e-01   4.207367e+00   5.890206e-04   7.459304e-04   31960210
  5.580845e-01   4.229277e+00   5.890910e-04   7.471228e-04   32200582
  5.601251e-01   4.248933e+00   5.889897e-04   7.477171e-04   32429512
  5.621660e-01   4.270057e+00   5.893423e-04   7.485091e-04   32685226
  5.642068e-01   4.291302e+00   5.889439e-04   7.500715e-04   32900830
  5.662468e-01   4.311049e+00   5.888631e-04   7.507597e-04   33135682
  5.682871e-01   4.332534e+00   5.890598e-04   7.517220e-04   33385288
  5.703276e-01   4.353509e+00   5.890887e-04   7.528201e-04   33625706
  5.723684e-01   4.372137e+00   5.891781e-04   7.532592e-04   33873550
  5.744087e-01   4.394528e+00   5.887629e-04   7.546661e-04   34091770
  5.764491e-01   4.414566e+00   5.892514e-04   7.551658e-04   34362160
  5.784901e-01   4.436211e+00   5.891116e-04   7.560020e-04   34597030
  5.805305e-01   4.456590e+00   5.889745e-04   7.567326e-04   34833682
  5.825710e-01   4.477103e+00   5.890769e-04   7.575670e-04   35086546
  5.846116e-01   4.499636e+00   5.890950e-04   7.586213e-04   35332420
  5.866518e-01   4.519118e+00   5.888517e-04   7.597820e-04   35564114
  5.886920e-01   4.539917e+00   5.890642e-04   7.603864e-04   35826586
  5.907326e-01   4.559393e+00   5.890274e-04   7.610570e-04   36074074
  5.927732e-01   4.580973e+00   5.890922e-04   7.621184e-04   36327004
  5.948140e-01   4.599277e+00   5.891619e-04   7.623962e-04   36580138
  5.968547e-01   4.620589e+00   5.890473e-04   7.631851e-04   36825370
  5.988952e-01   4.640771e+00   5.890096e-04   7.640670e-04   37076638
  6.009355e-01   4.661549e+00   5.889604e-04   7.647760e-04   37325632
  6.029761e-01   4.681818e+00   5.891712e-04   7.654541e-04   37592090
  6.050167e-01   4.702734e+00   5.889486e-04   7.666218e-04   37832974
  6.070568e-01   4.722818e+00   5.888939e-04   7.671432e-04   38086018
  6.090973e-01   4.743391e+00   5.891995e-04   7.678254e-04   38361616
  6.111381e-01   4.764441e+00   5.890389e-04   7.686495e-04   38608210
  6.131788e-01   4.783457e+00   5.892079e-04   7.691284e-04   38877934
  6.152192e-01   4.802472e+00   5.887809e-04   7.696953e-04   39108874
  6.172596e-01   4.824406e+00   5.892266e-04   7.704431e-04   39398656
  6.193004e-01   4.842534e+00   5.890403e-04   7.709580e-04   39645902
  6.213404e-01   4.863555e+00   5.887997e-04   7.720907e-04   39891802
  6.233811e-01   4.883820e+00   5.894056e-04   7.722670e-04   40195954
  6.254216e-01   4.904043e+00   5.886742e-04   7.734169e-04   40409056
  6.274620e-01   4.923929e+00   5.893381e-04   7.738415e-04   40719214
  6.295030e-01   4.943280e+00   5.890616e-04   7.740774e-04   40964602
  6.315433e-01   4.964700e+00   5.889302e-04   7.754283e-04   41222506
  6.335835e-01   4.983834e+00   5.889576e-04   7.757949e-04   41491060
  6.356241e-01   5.004046e+00   5.892017e-04   7.762740e-04   41775242
  6.376651e-01   5.024319e+00   5.891830e-04   7.765379e-04   42043402
  6.397057e-01   5.044944e+00   5.889444e-04   7.775034e-04   42295582
  6.417458e-01   5.062537e+00   5.888860e-04   7.776755e-04   42562282
  6.437862e-01   5.085198e+00   5.891497e-04   7.788649e-04   42852256
  6.458265e-01   5.103387e+00   5.887767e-04   7.792350e-04   43096474
  6.478673e-01   5.123024e+00   5.894924e-04   7.793293e-04   43423174
  6.499084e-01   5.142314e+00   5.889163e-04   7.803790e-04   43653706
  6.519483e-01   5.162830e+00   5.888221e-04   7.810060e-04   43920752
  6.539889e-01   5.180028e+00   5.892813e-04   7.806649e-04   44230510
  6.560299e-01   5.199751e+00   5.891350e-04   7.815436e-04   44496178
  6.580701e-01   5.218108e+00   5.887384e-04   7.822000e-04   44743978
  6.601104e-01   5.237048e+00   5.892343e-04   7.823373e-04   45058492
  6.621512e-01   5.256654e+00   5.890803e-04   7.827280e-04   45325234
  6.641921e-01   5.276595e+00   5.891943e-04   7.834149e-04   45614434
  6.662326e-01   5.296990e+00   5.889457e-04   7.839376e-04   45876514
  6.682729e-01   5.315574e+00   5.889645e-04   7.843794e-04   46159076
  6.703132e-01   5.335155e+00   5.890762e-04   7.846132e-04   46448722
  6.723539e-01   5.352983e+00   5.891439e-04   7.849198e-04   46738210
  6.743945e-01   5.373425e+00   5.889835e-04   7.855016e-04   47010094
  6.764347e-01   5.390023e+00   5.889403e-04   7.856728e-04   47291608
  6.784751e-01   5.410450e+00   5.890608e-04   7.861706e-04   47586538
  6.805157e-01   5.428795e+00   5.890811e-04   7.865619e-04   47875162
  6.825563e-01   5.448799e+00   5.890818e-04   7.871268e-04   48164470
  6.845968e-01   5.465405e+00   5.889338e-04   7.871711e-04   48439232
  6.866374e-01   5.485612e+00   5.892484e-04   7.877136e-04   48754090
  6.886783e-01   5.502914e+00   5.890583e-04   7.878566e-04   49029406
  6.907187e-01   5.522534e+00   5.889734e-04   7.884470e-04   49313602
  6.927591e-01   5.539970e+00   5.889961e-04   7.885219e-04   49606816
  6.947992e-01   5.557368e+00   5.888581e-04   7.889754e-04   49886086
  6.968395e-01   5.577134e+00   5.891574e-04   7.890918e-04   50206858
  6.988805e-01   5.594651e+00   5.891832e-04   7.893488e-04   50504674
  7.009210e-01   5.613305e+00   5.888745e-04   7.896684e-04   50771552
  7.029616e-01   5.632603e+00   5.892780e-04   7.897393e-04   51101686
  7.050023e-01   5.647593e+00   5.889489e-04   7.900088e-04   51370378
  7.070426e-01   5.666622e+00   5.889825e-04   7.900333e-04   51672682
  7.090831e-01   5.685367e+00   5.890985e-04   7.906855e-04   51980788
  7.111236e-01   5.704455e+00   5.890280e-04   7.909588e-04   52272682
  7.131641e-01   5.721209e+00   5.890792e-04   7.910080e-04   52579498
  7.152047e-01   5.738342e+00   5.890023e-04   7.912839e-04   52874566
  7.172449e-01   5.756580e+00   5.889167e-04   7.916018e-04   53167808
  7.192858e-01   5.775409e+00   5.894268e-04   7.914427e-04   53515714
  7.213267e-01   5.791572e+00   5.888931e-04   7.918984e-04   53772202
  7.233667e-01   5.809697e+00   5.888686e-04   7.921413e-04   54076486
  7.254071e-01   5.828078e+00   5.891300e-04   7.921597e-04   54404584
  7.274479e-01   5.845230e+00   5.891493e-04   7.922850e-04   54711802
  7.294882e-01   5.861361e+00   5.888354e-04   7.925351e-04   54991006
  7.315285e-01   5.877298e+00   5.891199e-04   7.922778e-04   55327306
  7.335692e-01   5.896941e+00   5.890696e-04   7.925405e-04   55630256
  7.356096e-01   5.915477e+00   5.889727e-04   7.930510e-04   55929562
  7.376503e-01   5.929827e+00   5.891964e-04   7.925798e-04   56263678
  7.396911e-01   5.946604e+00   5.890745e-04   7.927653e-04   56564050
  7.417316e-01   5.963046e+00   5.889839e-04   7.929264e-04   56866744
  7.437721e-01   5.983364e+00   5.891183e-04   7.931595e-04   57191926
  7.458128e-01   5.998080e+00   5.890701e-04   7.931259e-04   57502690
  7.478532e-01   6.017656e+00   5.889499e-04   7.936476e-04   57807346
  7.498935e-01   6.034178e+00   5.890311e-04   7.936059e-04   58128860
  7.519342e-01   6.049081e+00   5.891800e-04   7.933415e-04   58460482
  7.539749e-01   6.066331e+00   5.890194e-04   7.935061e-04   58763242
  7.560154e-01   6.081530e+00   5.890230e-04   7.933035e-04   59082106
  7.580559e-01   6.097831e+00   5.890890e-04   7.931498e-04   59407348
  7.600966e-01   6.116326e+00   5.891168e-04   7.933085e-04   59728954
  7.621372e-01   6.130522e+00   5.890591e-04   7.931789e-04   60046258
  7.641776e-01   6.147975e+00   5.889475e-04   7.937873e-04   60357214
  7.662176e-01   6.163713e+00   5.888944e-04   7.931662e-04   60673376
  7.682580e-01   6.180565e+00   5.891314e-04   7.933663e-04   61021858
  7.702985e-01   6.197474e+00   5.889623e-04   7.937897e-04   61328446
  7.723391e-01   6.211939e+00   5.891467e-04   7.931897e-04   61674178
  7.743799e-01   6.227765e+00   5.890894e-04   7.933579e-04   61993840
  7.764203e-01   6.246454e+00   5.889881e-04   7.936032e-04   62309914
  7.784609e-01   6.260903e+00   5.891064e-04   7.929896e-04   62652022
  7.805015e-01   6.277290e+00   5.890586e-04   7.931600e-04   62975410
  7.825417e-01   6.290907e+00   5.888216e-04   7.927600e-04   63279512
  7.845823e-01   6.306431e+00   5.893386e-04   7.927399e-04   63665182
  7.866232e-01   6.323080e+00   5.889600e-04   7.928613e-04   63955858
  7.886636e-01   6.339065e+00   5.890392e-04   7.930816e-04   64297714
  7.907041e-01   6.357452e+00   5.890386e-04   7.929593e-04   64629700
  7.927448e-01   6.372246e+00   5.891524e-04   7.929070e-04   64975930
  7.947853e-01   6.386023e+00   5.889366e-04   7.925575e-04   65286826
  7.968255e-01   6.402063e+00   5.889848e-04   7.925906e-04   65628514
  7.988660e-01   6.417581e+00   5.890932e-04   7.924901e-04   65976716
  8.009067e-01   6.431585e+00   5.891188e-04   7.919503e-04   66316330
  8.029474e-01   6.447041e+00   5.891266e-04   7.921119e-04   66656650
  8.049878e-01   6.463075e+00   5.888988e-04   7.920494e-04   66970006
  8.070280e-01   6.476196e+00   5.890021e-04   7.916874e-04   67322080
  8.090687e-01   6.490608e+00   5.891875e-04   7.913635e-04   67682866
  8.111095e-01   6.507982e+00   5.890847e-04   7.913861e-04   68012842
  8.131499e-01   6.522083e+00   5.889318e-04   7.912830e-04   68339494
  8.151899e-01   6.535261e+00   5.888723e-04   7.910953e-04   68675096
  8.172305e-01   6.551512e+00   5.892538e-04   7.905202e-04   69064042
  8.192714e-01   6.566134e+00   5.890856e-04   7.907484e-04   69389686
  8.213121e-01   6.581189e+00   5.890987e-04   7.904466e-04   69738706
  8.233525e-01   6.594622e+00   5.888963e-04   7.902954e-04   70061896
  8.253928e-01   6.609667e+00   5.890583e-04   7.901669e-04   70425790
  8.274334e-01   6.624642e+00   5.891196e-04   7.898656e-04   70782370
  8.294740e-01   6.640082e+00   5.889724e-04   7.896868e-04   71116186
  8.315144e-01   6.653262e+00   5.890852e-04   7.893891e-04   71480024
  8.335549e-01   6.667483e+00   5.889597e-04   7.893527e-04   71814742
  8.355952e-01   6.682484e+00   5.890040e-04   7.889531e-04   72171202
  8.376358e-01   6.696346e+00   5.891439e-04   7.886481e-04   72543490
  8.396764e-01   6.707706e+00   5.889798e-04   7.885745e-04   72876820
  8.417169e-01   6.723207e+00   5.891365e-04   7.880956e-04   73248754
  8.437576e-01   6.738471e+00   5.891037e-04   7.879953e-04   73600714
  8.457981e-01   6.749944e+00   5.889516e-04   7.877748e-04   73939270
  8.478382e-01   6.765244e+00   5.889091e-04   7.875295e-04   74291714
  8.498788e-01   6.778676e+00   5.891854e-04   7.869791e-04   74682904
  8.519197e-01   6.792127e+00   5.891690e-04   7.867291e-04   75039298
  8.539602e-01   6.807801e+00   5.889132e-04   7.869478e-04   75368014
  8.560003e-01   6.821073e+00   5.889846e-04   7.865537e-04   75738490
  8.580410e-01   6.832756e+00   5.891817e-04   7.861371e-04   76124728
  8.600820e-01   6.848580e+00   5.891792e-04   7.859946e-04   76485862
  8.621224e-01   6.862581e+00   5.888897e-04   7.860622e-04   76813090
  8.641626e-01   6.876493e+00   5.890167e-04   7.853729e-04   77193586
  8.662032e-01   6.889473e+00   5.891008e-04   7.850782e-04   77568920
  8.682439e-01   6.900075e+00   5.890797e-04   7.847290e-04   77932510
  8.702844e-01   6.914291e+00   5.890060e-04   7.844263e-04   78289906
  8.723247e-01   6.927348e+00   5.889774e-04   7.838972e-04   78654682
  8.743654e-01   6.940101e+00   5.891909e-04   7.835643e-04   79049980
  8.764061e-01   6.952967e+00   5.890049e-04   7.833723e-04   79394074
  8.784467e-01   6.966327e+00   5.891673e-04   7.829166e-04   79787746
  8.804872e-01   6.979543e+00   5.888641e-04   7.825960e-04   80116310
  8.825277e-01   6.992442e+00   5.892283e-04   7.824443e-04   80537248
  8.845683e-01   7.006266e+00   5.889696e-04   7.822166e-04   80874346
  8.866088e-01   7.018873e+00   5.890951e-04   7.817148e-04   81267106
  8.886491e-01   7.031600e+00   5.888459e-04   7.816942e-04   81607390
  8.906896e-01   7.045177e+00   5.892322e-04   7.812887e-04   82033216
  8.927304e-01   7.057870e+00   5.890849e-04   7.807991e-04   82389442
  8.947709e-01   7.072331e+00   5.890077e-04   7.809602e-04   82756750
  8.968112e-01   7.081117e+00   5.889537e-04   7.797222e-04   83127570
  8.988518e-01   7.094709e+00   5.891942e-04   7.794012e-04   83539896
  9.008923e-01   7.110065e+00   5.889042e-04   7.797901e-04   83876998
  9.029325e-01   7.120621e+00   5.889931e-04   7.791226e-04   84272266
  9.049728e-01   7.132858e+00   5.889738e-04   7.788860e-04   84651082
  9.070134e-01   7.144172e+00   5.891428e-04   7.781792e-04   85056616
  9.090543e-01   7.159068e+00   5.891807e-04   7.778245e-04   85445494
  9.110948e-01   7.170737e+00   5.889254e-04   7.776805e-04   85792786
  9.131350e-01   7.181865e+00   5.889368e-04   7.772385e-04   86180690
  9.151757e-01   7.195741e+00   5.892597e-04   7.767417e-04   86612164
  9.172167e-01   7.207864e+00   5.890802e-04   7.766154e-04   86971186
  9.192569e-01   7.217609e+00   5.888405e-04   7.763384e-04   87324466
  9.212972e-01   7.233384e+00   5.891010e-04   7.759999e-04   87752002
  9.233379e-01   7.244312e+00   5.890933e-04   7.756527e-04   88139236
  9.253786e-01   7.257410e+00   5.891287e-04   7.752831e-04   88533010
  9.274193e-01   7.270076e+00   5.890668e-04   7.749971e-04   88915954
  9.294595e-01   7.280312e+00   5.888228e-04   7.746615e-04   89270822
  9.314999e-01   7.293409e+00   5.891979e-04   7.739580e-04   89718808
  9.335406e-01   7.303777e+00   5.890541e-04   7.736712e-04   90089986
  9.355812e-01   7.317721e+00   5.890655e-04   7.734185e-04   90486622
  9.376216e-01   7.328825e+00   5.889861e-04   7.732484e-04   90871474
  9.396619e-01   7.342932e+00   5.889761e-04   7.729116e-04   91264264
  9.417025e-01   7.352435e+00   5.891416e-04   7.722294e-04   91685746
  9.437433e-01   7.364883e+00   5.891100e-04   7.719184e-04   92079934
  9.457837e-01   7.379165e+00   5.889511e-04   7.717313e-04   92453258
  9.478243e-01   7.388568e+00   5.891894e-04   7.711584e-04   92890216
  9.498651e-01   7.402702e+00   5.890426e-04   7.709775e-04   93266086
  9.519055e-01   7.414248e+00   5.890148e-04   7.708174e-04   93664042
  9.539457e-01   7.426605e+00   5.889223e-04   7.705896e-04   94053754
  9.559861e-01   7.437524e+00   5.890673e-04   7.700028e-04   94478140
  9.580268e-01   7.448770e+00   5.891065e-04   7.696960e-04   94886986
  9.600674e-01   7.462562e+00   5.890780e-04   7.694915e-04   95286706
  9.621079e-01   7.474724e+00   5.889851e-04   7.694306e-04   95678762
  9.641484e-01   7.484362e+00   5.890983e-04   7.685678e-04   96104164
  9.661890e-01   7.496641e+00   5.890216e-04   7.683314e-04   96496690
  9.682295e-01   7.508474e+00   5.890990e-04   7.680160e-04   96918514
  9.702700e-01   7.520269e+00   5.889726e-04   7.675950e-04   97307278
  9.723103e-01   7.533697e+00   5.889587e-04   7.675593e-04   97714024
  9.743507e-01   7.544384e+00   5.890832e-04   7.670174e-04   98144122
  9.763914e-01   7.556070e+00   5.891285e-04   7.666706e-04   98563450
  9.784320e-01   7.571723e+00   5.890115e-04   7.668517e-04   98958470
  9.804726e-01   7.580801e+00   5.891125e-04   7.662834e-04   99387304
  9.825132e-01   7.592503e+00   5.890140e-04   7.659450e-04   99783106
  9.845537e-01   7.604621e+00   5.890821e-04   7.655707e-04   100210006
  9.865943e-01   7.616929e+00   5.890932e-04   7.654170e-04   100629538
  9.886348e-01   7.626889e+00   5.889573e-04   7.651792e-04   101022376
  9.906752e-01   7.640267e+00   5.890929e-04   7.650071e-04   101460742
  9.927158e-01   7.652837e+00   5.890716e-04   7.645198e-04   101877442
  9.947564e-01   7.664329e+00   5.890420e-04   7.642118e-04   102292778
  9.967968e-01   7.676560e+00   5.890077e-04   7.639491e-04   102706408
  9.988372e-01   7.689865e+00   5.889909e-04   7.640503e-04   103122910
  1.000878e+00   7.701882e+00   5.892507e-04   7.635221e-04   103590466
  1.002919e+00   7.712912e+00   5.888999e-04   7.632188e-04   103954594
  1.004959e+00   7.726350e+00   5.890683e-04   7.632389e-04   104405908
  1.006999e+00   7.738756e+00   5.890337e-04   7.632517e-04   104822674
  1.009040e+00   7.749128e+00   5.890259e-04   7.626636e-04   105248338
  1.011080e+00   7.762463e+00   5.890549e-04   7.625329e-04   105680174
  1.013121e+00   7.772517e+00   5.890587e-04   7.618903e-04   106107160
  1.015162e+00   7.785969e+00   5.890621e-04   7.620040e-04   106532746
  1.017202e+00   7.798519e+00   5.891714e-04   7.619687e-04   106983178
  1.019243e+00   7.811150e+00   5.889310e-04   7.619461e-04   107371678
  1.021283e+00   7.822356e+00   5.890781e-04   7.612010e-04   107825992
  1.023324e+00   7.835026e+00   5.890801e-04   7.614202e-04   108256762
  1.025365e+00   7.847708e+00   5.891196e-04   7.612443e-04   108697078
  1.027405e+00   7.861205e+00   5.888618e-04   7.613467e-04   109084106
  1.029445e+00   7.875580e+00   5.891123e-04   7.610993e-04   109563256
  1.031486e+00   7.887540e+00   5.890696e-04   7.609761e-04   109987786
  1.033526e+00   7.899948e+00   5.889856e-04   7.609553e-04   110410582
  1.035567e+00   7.910250e+00   5.890199e-04   7.605724e-04   110853658
  1.037607e+00   7.925650e+00   5.890374e-04   7.607697e-04   111292432
  1.039648e+00   7.938549e+00   5.891366e-04   7.605686e-04   111749038
  1.041688e+00   7.949356e+00   5.890194e-04   7.602571e-04   112167322
  1.043729e+00   7.963393e+00   5.889359e-04   7.605266e-04   112593170
  1.045769e+00   7.976870e+00   5.890781e-04   7.603846e-04   113059180
  1.047810e+00   7.990962e+00   5.891946e-04   7.604090e-04   113522842
  1.049851e+00   8.004296e+00   5.890529e-04   7.605600e-04   113938834
  1.051891e+00   8.016628e+00   5.889550e-04   7.604697e-04   114363730
  1.053931e+00   8.030395e+00   5.890529e-04   7.603474e-04   114826132
  1.055972e+00   8.043744e+00   5.891222e-04   7.605379e-04   115283146
  1.058013e+00   8.059396e+00   5.890429e-04   7.606455e-04   115714858
  1.060053e+00   8.069247e+00   5.889720e-04   7.601296e-04   116148350
  1.062094e+00   8.086406e+00   5.890966e-04   7.607042e-04   116621074
  1.064134e+00   8.100302e+00   5.891391e-04   7.607823e-04   117076912
  1.066175e+00   8.111303e+00   5.888940e-04   7.607166e-04   117476014
  1.068215e+00   8.126314e+00   5.891403e-04   7.607422e-04   117977266
  1.070256e+00   8.141623e+00   5.890586e-04   7.610401e-04   118411330
  1.072296e+00   8.156488e+00   5.890633e-04   7.613759e-04   118863808
  1.074337e+00   8.170291e+00   5.890300e-04   7.614045e-04   119309926
  1.076377e+00   8.185557e+00   5.889436e-04   7.618476e-04   119746154
  1.078418e+00   8.199634e+00   5.890425e-04   7.618488e-04   120222466
  1.080458e+00   8.213348e+00   5.891283e-04   7.618703e-04   120693652
  1.082499e+00   8.225365e+00   5.890784e-04   7.617808e-04   121138738
  1.084539e+00   8.243434e+00   5.890289e-04   7.624410e-04   121586722
  1.086580e+00   8.258382e+00   5.890313e-04   7.628749e-04   122046106
  1.088620e+00   8.272714e+00   5.889919e-04   7.631055e-04   122497588
  1.090661e+00   8.288394e+00   5.891764e-04   7.632629e-04   122993482
  1.092701e+00   8.304806e+00   5.889184e-04   7.638002e-04   123400850
  1.094742e+00   8.319580e+00   5.891205e-04   7.639482e-04   123906406
  1.096782e+00   8.335082e+00   5.889599e-04   7.642765e-04   124333864
  1.098823e+00   8.352256e+00   5.891264e-04   7.647561e-04   124831762
  1.100863e+00   8.369111e+00   5.889890e-04   7.655290e-04   125266318
  1.102904e+00   8.383881e+00   5.889958e-04   7.656217e-04   125733850
  1.104944e+00   8.402186e+00   5.891866e-04   7.662149e-04   126239536
  1.106985e+00   8.416775e+00   5.891189e-04   7.665783e-04   126690322
  1.109026e+00   8.434031e+00   5.888320e-04   7.675180e-04   127097390
  1.111066e+00   8.451538e+00   5.891291e-04   7.674945e-04   127630450
  1.113106e+00   8.467301e+00   5.889674e-04   7.680082e-04   128063512
  1.115147e+00   8.485448e+00   5.890953e-04   7.688206e-04   128559646
  1.117188e+00   8.503971e+00   5.891693e-04   7.694420e-04   129048946
  1.119228e+00   8.519607e+00   5.890550e-04   7.700632e-04   129496258
  1.121269e+00   8.539121e+00   5.889277e-04   7.711666e-04   129937804
  1.123309e+00   8.556838e+00   5.891485e-04   7.712860e-04   130460146
  1.125350e+00   8.574842e+00   5.889861e-04   7.722303e-04   130899986
  1.127390e+00   8.592714e+00   5.891261e-04   7.730033e-04   131408914
  1.129431e+00   8.612313e+00   5.889186e-04   7.737914e-04   131836660
  1.131471e+00   8.629867e+00   5.890882e-04   7.743308e-04   132349330
  1.133512e+00   8.647344e+00   5.890483e-04   7.751458e-04   132821674
  1.135552e+00   8.669126e+00   5.890400e-04   7.763624e-04   133298662
  1.137593e+00   8.689771e+00   5.891067e-04   7.771404e-04   133791832
  1.139634e+00   8.707048e+00   5.890647e-04   7.780987e-04   134261290
  1.141674e+00   8.727408e+00   5.890171e-04   7.790674e-04   134732858
  1.143714e+00   8.747659e+00   5.890143e-04   7.799422e-04   135217750
  1.145755e+00   8.767827e+00   5.890521e-04   7.809256e-04   135706048
  1.147795e+00   8.787393e+00   5.890013e-04   7.821662e-04   136176274
  1.149836e+00   8.809014e+00   5.891442e-04   7.831034e-04   136696294
  1.151877e+00   8.830736e+00   5.890157e-04   7.842744e-04   137152594
  1.153917e+00   8.851641e+00   5.890673e-04   7.854223e-04   137650312
  1.155958e+00   8.873041e+00   5.890043e-04   7.866326e-04   138119974
  1.157998e+00   8.895045e+00   5.890392e-04   7.877547e-04   138618410
  1.160039e+00   8.918744e+00   5.890651e-04   7.892526e-04   139115074
  1.162079e+00   8.941080e+00   5.890480e-04   7.904766e-04   139598296
  1.164120e+00   8.963044e+00   5.890599e-04   7.918213e-04   140091382
  1.166160e+00   8.986749e+00   5.889800e-04   7.932158e-04   140564770
  1.168201e+00   9.009373e+00   5.890380e-04   7.945375e-04   141072898
  1.170241e+00   9.032451e+00   5.891634e-04   7.961813e-04   141593980
  1.172282e+00   9.057705e+00   5.890131e-04   7.977750e-04   142050106
  1.174322e+00   9.080025e+00   5.889663e-04   7.990057e-04   142536194
  1.176362e+00   9.107670e+00   5.889976e-04   8.011041e-04   143040214
  1.178403e+00   9.131892e+00   5.892475e-04   8.025857e-04   143596672
  1.180444e+00   9.156324e+00   5.888530e-04   8.043935e-04   143996722
  1.182484e+00   9.181448e+00   5.891408e-04   8.057388e-04   144568426
  1.184525e+00   9.207565e+00   5.890931e-04   8.077666e-04   145057342
  1.186565e+00   9.233926e+00   5.890250e-04   8.093981e-04   145537888
  1.188606e+00   9.264028e+00   5.891118e-04   8.116904e-04   146059714
  1.190647e+00   9.287896e+00   5.890160e-04   8.136018e-04   146538542
  1.192687e+00   9.314015e+00   5.889612e-04   8.153036e-04   147029794
  1.194727e+00   9.342869e+00   5.891413e-04   8.175490e-04   147577264
  1.196768e+00   9.371248e+00   5.890795e-04   8.195963e-04   148064890
  1.198809e+00   9.400468e+00   5.890221e-04   8.217544e-04   148557886
  1.200849e+00   9.427919e+00   5.890890e-04   8.237740e-04   149080594
  1.202890e+00   9.457781e+00   5.889584e-04   8.261846e-04   149553256
  1.204930e+00   9.489523e+00   5.891253e-04   8.284487e-04   150102646
  1.206970e+00   9.502076e+00   5.889829e-04   8.295890e-04   150339167
  1.209010e+00   9.494497e+00   5.890378e-04   8.286770e-04   150110332
  1.211051e+00   9.483903e+00   5.890631e-04   8.276216e-04   149857372
  1.213091e+00   9.475355e+00   5.890038e-04   8.270302e-04   149584516
  1.215132e+00   9.465817e+00   5.890566e-04   8.264945e-04   149337736
  1.217172e+00   9.456472e+00   5.890107e-04   8.258034e-04   149061952
  1.219213e+00   9.449519e+00   5.890279e-04   8.251101e-04   148802188
  1.221253e+00   9.439348e+00   5.891076e-04   8.241711e-04   148556272
  1.223294e+00   9.427368e+00   5.890259e-04   8.233219e-04   148269512
  1.225334e+00   9.421759e+00   5.890700e-04   8.231716e-04   148010200
  1.227375e+00   9.414345e+00   5.890129e-04   8.228501e-04   147723904
  1.229415e+00   9.403562e+00   5.891133e-04   8.216586e-04   147477676
  1.231456e+00   9.396556e+00   5.890481e-04   8.216100e-04   147185992
  1.233497e+00   9.386812e+00   5.890127e-04   8.207056e-04   146900644
  1.235537e+00   9.379175e+00   5.890504e-04   8.204696e-04   146631880
  1.237577e+00   9.374329e+00   5.889396e-04   8.202126e-04   146325472
  1.239618e+00   9.365513e+00   5.890584e-04   8.199572e-04   146072660
  1.241659e+00   9.358331e+00   5.891863e-04   8.193932e-04   145819096
  1.243699e+00   9.350115e+00   5.890275e-04   8.191643e-04   145495612
  1.245740e+00   9.342555e+00   5.890387e-04   8.188430e-04   145211068
  1.247780e+00   9.337177e+00   5.890718e-04   8.186302e-04   144930616
  1.249821e+00   9.329394e+00   5.890299e-04   8.181707e-04   144629560
  1.251861e+00   9.324078e+00   5.889711e-04   8.184566e-04   144324232
  1.253902e+00   9.318623e+00   5.890914e-04   8.182519e-04   144060712
  1.255942e+00   9.313309e+00   5.890700e-04   8.180667e-04   143757068
  1.257983e+00   9.305323e+00   5.890809e-04   8.178839e-04   143463640
  1.260023e+00   9.300165e+00   5.890221e-04   8.179522e-04   143150992
  1.262064e+00   9.291011e+00   5.890436e-04   8.175164e-04   142855228
  1.264104e+00   9.286358e+00   5.890956e-04   8.176209e-04   142566664
  1.266145e+00   9.279003e+00   5.891031e-04   8.173396e-04   142262920
  1.268186e+00   9.273202e+00   5.888973e-04   8.176396e-04   141909196
  1.270226e+00   9.269394e+00   5.891356e-04   8.177755e-04   141658924
  1.272267e+00   9.264745e+00   5.890375e-04   8.179746e-04   141324932
  1.274307e+00   9.258788e+00   5.891107e-04   8.178624e-04   141033184
  1.276348e+00   9.253298e+00   5.889751e-04   8.179984e-04   140687188
  1.278388e+00   9.246519e+00   5.891350e-04   8.176942e-04   140411716
  1.280429e+00   9.240818e+00   5.889705e-04   8.178538e-04   140055724
  1.282469e+00   9.235678e+00   5.890588e-04   8.179515e-04   139758220
  1.284510e+00   9.232460e+00   5.890757e-04   8.183513e-04   139444756
  1.286550e+00   9.228647e+00   5.890521e-04   8.187195e-04   139116736
  1.288591e+00   9.221346e+00   5.889672e-04   8.189154e-04   138773468
  1.290631e+00   9.217591e+00   5.890066e-04   8.191040e-04   138458392
  1.292672e+00   9.213860e+00   5.891008e-04   8.194042e-04   138154300
  1.294712e+00   9.209780e+00   5.890757e-04   8.194042e-04   137819908
  1.296753e+00   9.203310e+00   5.890203e-04   8.198656e-04   137475340
  1.298793e+00   9.199174e+00   5.891002e-04   8.201232e-04   137163196
  1.300834e+00   9.196532e+00   5.890331e-04   8.205255e-04   136814716
  1.302874e+00   9.192468e+00   5.890577e-04   8.209949e-04   136485964
  1.304915e+00   9.186381e+00   5.889350e-04   8.210457e-04   136120808
  1.306955e+00   9.183672e+00   5.891045e-04   8.216720e-04   135821260
  1.308996e+00   9.179126e+00   5.890895e-04   8.220548e-04   135477340
  1.311037e+00   9.177351e+00   5.890947e-04   8.223939e-04   135135100
  1.313077e+00   9.171312e+00   5.889964e-04   8.227180e-04   134770696
  1.315117e+00   9.168652e+00   5.890487e-04   8.233705e-04   134437708
  1.317158e+00   9.164671e+00   5.889430e-04   8.239161e-04   134066500
  1.319198e+00   9.162229e+00   5.890907e-04   8.242388e-04   133752712
  1.321239e+00   9.157045e+00   5.891051e-04   8.245541e-04   133404284
  1.323280e+00   9.152901e+00   5.890537e-04   8.251230e-04   133041004
  1.325320e+00   9.154284e+00   5.890913e-04   8.261573e-04   132694456
  1.327361e+00   9.148331e+00   5.889810e-04   8.264220e-04   132313660
  1.329401e+00   9.144230e+00   5.891286e-04   8.269379e-04   131991472
  1.331442e+00   9.142517e+00   5.890126e-04   8.280322e-04   131604388
  1.333482e+00   9.137566e+00   5.890111e-04   8.285152e-04   131243368
  1.335523e+00   9.135631e+00   5.891086e-04   8.292011e-04   130902220
  1.337563e+00   9.131515e+00   5.889468e-04   8.297344e-04   130501724
  1.339604e+00   9.129343e+00   5.890756e-04   8.300868e-04   130164916
  1.341644e+00   9.127761e+00   5.890219e-04   8.311422e-04   129783760
  1.343685e+00   9.124808e+00   5.892039e-04   8.318059e-04   129455752
  1.345726e+00   9.122946e+00   5.889634e-04   8.326356e-04   129031288
  1.347766e+00   9.117860e+00   5.889860e-04   8.329020e-04   128662564
  1.349806e+00   9.117976e+00   5.890285e-04   8.341014e-04   128297836
  1.351847e+00   9.116856e+00   5.890303e-04   8.348743e-04   127920652
  1.353887e+00   9.114690e+00   5.891574e-04   8.356966e-04   127571336
  1.355928e+00   9.108688e+00   5.890300e-04   8.363281e-04   127164388
  1.357968e+00   9.109356e+00   5.889234e-04   8.375268e-04   126760960
  1.360009e+00   9.107339e+00   5.890605e-04   8.383003e-04   126407464
  1.362049e+00   9.106428e+00   5.891461e-04   8.390596e-04   126039568
  1.364090e+00   9.104497e+00   5.890104e-04   8.404182e-04   125624524
  1.366130e+00   9.103158e+00   5.891311e-04   8.410792e-04   125261068
  1.368171e+00   9.101549e+00   5.890585e-04   8.421249e-04   124856200
  1.370211e+00   9.098387e+00   5.888774e-04   8.429192e-04   124426292
  1.372252e+00   9.097301e+00   5.891363e-04   8.438271e-04   124087552
  1.374293e+00   9.096195e+00   5.890612e-04   8.450876e-04   123676768
  1.376333e+00   9.095705e+00   5.890393e-04   8.460315e-04   123273472
  1.378374e+00   9.094737e+00   5.891145e-04   8.472277e-04   122890852
  1.380414e+00   9.092257e+00   5.889878e-04   8.481888e-04   122463208
  1.382455e+00   9.091685e+00   5.890796e-04   8.493348e-04   122080756
  1.384495e+00   9.091677e+00   5.890985e-04   8.506355e-04   121682008
  1.386536e+00   9.089928e+00   5.888846e-04   8.518584e-04   121230104
  1.388576e+00   9.090711e+00   5.891923e-04   8.528725e-04   120886588
  1.390617e+00   9.087792e+00   5.888887e-04   8.545287e-04   120414880
  1.392657e+00   9.088222e+00   5.890786e-04   8.553016e-04   120043228
  1.394698e+00   9.088721e+00   5.891454e-04   8.567054e-04   119645356
  1.396738e+00   9.089480e+00   5.890259e-04   8.584623e-04   119205016
  1.398779e+00   9.089098e+00   5.890851e-04   8.594420e-04   118802680
  1.400819e+00   9.090138e+00   5.890625e-04   8.611538e-04   118379512
  1.402860e+00   9.091105e+00   5.889283e-04   8.625872e-04   117932660
  1.404900e+00   9.088143e+00   5.891761e-04   8.633606e-04   117563104
  1.406941e+00   9.088319e+00   5.890196e-04   8.650806e-04   117107632
  1.408982e+00   9.088495e+00   5.891150e-04   8.663761e-04   116702908
  1.411022e+00   9.089527e+00   5.889719e-04   8.678564e-04   116248540
  1.413062e+00   9.089581e+00   5.890825e-04   8.692192e-04   115842928
  1.415103e+00   9.091916e+00   5.890403e-04   8.708664e-04   115405216
  1.417143e+00   9.090442e+00   5.889673e-04   8.726935e-04   114957772
  1.419184e+00   9.092022e+00   5.891401e-04   8.740352e-04   114559364
  1.421225e+00   9.095187e+00   5.890398e-04   8.758078e-04   114104656
  1.423265e+00   9.094988e+00   5.890042e-04   8.774684e-04   113661280
  1.425306e+00   9.097639e+00   5.890785e-04   8.791530e-04   113237740
  1.427346e+00   9.097406e+00   5.889403e-04   8.813203e-04   112770880
  1.429386e+00   9.099362e+00   5.891022e-04   8.826411e-04   112359904
  1.431427e+00   9.099197e+00   5.891129e-04   8.840403e-04   111916864
  1.433468e+00   9.102979e+00   5.890529e-04   8.864249e-04   111460696
  1.435508e+00   9.107062e+00   5.889325e-04   8.884870e-04   110991224
  1.437549e+00   9.102858e+00   5.891042e-04   8.895328e-04   110575528
  1.439589e+00   9.108926e+00   5.891179e-04   8.918009e-04   110127664
  1.441630e+00   9.112583e+00   5.888211e-04   8.942275e-04   109618288
  1.443670e+00   9.114231e+00   5.892718e-04   8.960581e-04   109249240
  1.445711e+00   9.115705e+00   5.890165e-04   8.982065e-04   108746104
  1.447751e+00   9.116617e+00   5.889973e-04   8.999593e-04   108286000
  1.449792e+00   9.118985e+00   5.890817e-04   9.019149e-04   107843224
  1.451832e+00   9.122300e+00   5.889854e-04   9.043780e-04   107363840
  1.453873e+00   9.125299e+00   5.890974e-04   9.065755e-04   106923976
  1.455913e+00   9.130993e+00   5.890747e-04   9.087467e-04   106454320
  1.457954e+00   9.130654e+00   5.890821e-04   9.105199e-04   105989452
  1.459995e+00   9.136755e+00   5.890542e-04   9.132495e-04   105518308
  1.462035e+00   9.140126e+00   5.889452e-04   9.155818e-04   105028288
  1.464075e+00   9.141817e+00   5.890297e-04   9.176353e-04   104573752
  1.466116e+00   9.148454e+00   5.890543e-04   9.204820e-04   104104072
  1.468156e+00   9.150438e+00   5.890420e-04   9.225528e-04   103627328
  1.470197e+00   9.156906e+00   5.891604e-04   9.254475e-04   103172776
  1.472237e+00   9.159561e+00   5.889126e-04   9.278342e-04   102649708
  1.474278e+00   9.167061e+00   5.891801e-04   9.304791e-04   102217348
  1.476319e+00   9.169367e+00   5.889795e-04   9.334663e-04   101700736
  1.478359e+00   9.173385e+00   5.891047e-04   9.360494e-04   101239684
  1.480399e+00   9.179435e+00   5.889025e-04   9.387004e-04   100720660
  1.482440e+00   9.183776e+00   5.890941e-04   9.413493e-04   100266136
  1.484480e+00   9.189846e+00   5.890923e-04   9.441604e-04   99778100
  1.486521e+00   9.195012e+00   5.890961e-04   9.469671e-04   99287620
  1.488562e+00   9.201345e+00   5.890314e-04   9.502083e-04   98785756
  1.490602e+00   9.205786e+00   5.890200e-04   9.530401e-04   98290744
  1.492643e+00   9.211493e+00   5.890441e-04   9.560222e-04   97799956
  1.494683e+00   9.216684e+00   5.890092e-04   9.593308e-04   97297588
  1.496724e+00   9.222686e+00   5.890742e-04   9.619976e-04   96807856
  1.498764e+00   9.229489e+00   5.890937e-04   9.653068e-04   96311704
  1.500805e+00   9.235908e+00   5.889914e-04   9.687218e-04   95792888
  1.502845e+00   9.240822e+00   5.890998e-04   9.718478e-04   95307208
  1.504886e+00   9.246890e+00   5.890322e-04   9.749561e-04   94791100
  1.506926e+00   9.254424e+00   5.890218e-04   9.785474e-04   94280704
  1.508967e+00   9.260063e+00   5.891023e-04   9.818774e-04   93786136
  1.511007e+00   9.272000e+00   5.890098e-04   9.861537e-04   93259576
  1.513048e+00   9.276454e+00   5.890143e-04   9.892879e-04   92748448
  1.515088e+00   9.284074e+00   5.891043e-04   9.926017e-04   92250064
  1.517129e+00   9.292593e+00   5.889733e-04   9.965744e-04   91711820
  1.519169e+00   9.302429e+00   5.891153e-04   1.000792e-03   91217224
  1.521210e+00   9.307778e+00   5.889585e-04   1.004448e-03   90672604
  1.523250e+00   9.317505e+00   5.891610e-04   1.008114e-03   90183628
  1.525291e+00   9.328409e+00   5.890621e-04   1.013081e-03   89647216
  1.527331e+00   9.333121e+00   5.888907e-04   1.016346e-03   89094328
  1.529372e+00   9.341625e+00   5.891399e-04   1.020147e-03   88606888
  1.531412e+00   9.352398e+00   5.889473e-04   1.024975e-03   88049632
  1.533453e+00   9.358101e+00   5.891289e-04   1.028514e-03   87547700
  1.535494e+00   9.369394e+00   5.891432e-04   1.033221e-03   87018844
  1.537534e+00   9.377294e+00   5.889347e-04   1.037350e-03   86453428
  1.539575e+00   9.387607e+00   5.892172e-04   1.041759e-03   85961620
  1.541615e+00   9.397210e+00   5.889098e-04   1.046759e-03   85379956
  1.543655e+00   9.405019e+00   5.890392e-04   1.050692e-03   84860440
  1.545696e+00   9.416948e+00   5.891645e-04   1.055871e-03   84338596
  1.547737e+00   9.429018e+00   5.889823e-04   1.060743e-03   83770780
  1.549777e+00   9.435532e+00   5.890105e-04   1.064820e-03   83232380
  1.551818e+00   9.447474e+00   5.890092e-04   1.070551e-03   82685920
  1.553858e+00   9.459091e+00   5.891736e-04   1.075481e-03   82162552
  1.555899e+00   9.470154e+00   5.889481e-04   1.080533e-03   81583120
  1.557939e+00   9.479139e+00   5.890845e-04   1.085776e-03   81051772
  1.559980e+00   9.494309e+00   5.890308e-04   1.091731e-03   80492080
  1.562020e+00   9.503548e+00   5.890337e-04   1.096724e-03   79937728
  1.564061e+00   9.512849e+00   5.890974e-04   1.101695e-03   79392292
  1.566101e+00   9.525746e+00   5.889283e-04   1.107841e-03   78811832
  1.568142e+00   9.537541e+00   5.891109e-04   1.113239e-03   78277768
  1.570182e+00   9.548189e+00   5.890791e-04   1.118765e-03   77713156
  1.572223e+00   9.564110e+00   5.889841e-04   1.125419e-03   77137396
  1.574263e+00   9.572894e+00   5.891573e-04   1.130445e-03   76597252
  1.576304e+00   9.586648e+00   5.889752e-04   1.137369e-03   76006060
  1.578344e+00   9.596215e+00   5.890583e-04   1.142649e-03   75450580
  1.580385e+00   9.608891e+00   5.890719e-04   1.149386e-03   74884264
  1.582425e+00   9.618511e+00   5.888647e-04   1.155127e-03   74285432
  1.584466e+00   9.637159e+00   5.892725e-04   1.161985e-03   73765288
  1.586506e+00   9.648693e+00   5.890108e-04   1.169045e-03   73156660
  1.588547e+00   9.663216e+00   5.889540e-04   1.176071e-03   72574816
  1.590587e+00   9.670057e+00   5.892014e-04   1.181971e-03   72028000
  1.592628e+00   9.683507e+00   5.889485e-04   1.189020e-03   71415808
  1.594668e+00   9.696931e+00   5.890251e-04   1.195827e-03   70845868
  1.596709e+00   9.713439e+00   5.891156e-04   1.203268e-03   70272388
  1.598749e+00   9.728311e+00   5.890120e-04   1.211011e-03   69675308
  1.600790e+00   9.739843e+00   5.890000e-04   1.217795e-03   69088144
  1.602830e+00   9.754875e+00   5.890710e-04   1.225938e-03   68507884
  1.604871e+00   9.770162e+00   5.890512e-04   1.233604e-03   67917004
  1.606911e+00   9.779284e+00   5.890578e-04   1.240519e-03   67324480
  1.608952e+00   9.792356e+00   5.890788e-04   1.248282e-03   66733744
  1.610992e+00   9.807947e+00   5.890076e-04   1.256843e-03   66131224
  1.613033e+00   9.817343e+00   5.891093e-04   1.264356e-03   65545936
  1.615073e+00   9.833196e+00   5.889262e-04   1.273217e-03   64927556
  1.617114e+00   9.846346e+00   5.890371e-04   1.281462e-03   64338388
  1.619154e+00   9.858792e+00   5.891675e-04   1.289173e-03   63752068
  1.621195e+00   9.869451e+00   5.889776e-04   1.298237e-03   63127552
  1.623235e+00   9.885820e+00   5.890429e-04   1.307386e-03   62528716
  1.625276e+00   9.901126e+00   5.890384e-04   1.316290e-03   61921192
  1.627316e+00   9.910396e+00   5.890430e-04   1.324919e-03   61312336
  1.629357e+00   9.929365e+00   5.891104e-04   1.334836e-03   60710332
  1.631397e+00   9.935952e+00   5.888988e-04   1.343900e-03   60075140
  1.633438e+00   9.948019e+00   5.891169e-04   1.352920e-03   59484148
  1.635478e+00   9.964252e+00   5.890793e-04   1.363012e-03   58864996
  1.637519e+00   9.971104e+00   5.889698e-04   1.371907e-03   58235308
  1.639559e+00   9.985888e+00   5.890742e-04   1.382247e-03   57628036
  1.641600e+00   9.997062e+00   5.890577e-04   1.392556e-03   57004144
  1.643640e+00   1.000985e+01   5.891277e-04   1.402361e-03   56389540
  1.645681e+00   1.002015e+01   5.890631e-04   1.412852e-03   55759408
  1.647721e+00   1.002817e+01   5.888275e-04   1.422828e-03   55109720
  1.649762e+00   1.003654e+01   5.892023e-04   1.432982e-03   54519076
  1.651802e+00   1.004483e+01   5.890341e-04   1.443855e-03   53872468
  1.653843e+00   1.005983e+01   5.891088e-04   1.455677e-03   53248276
  1.655883e+00   1.006747e+01   5.889341e-04   1.465629e-03   52600132
  1.657924e+00   1.007248e+01   5.890604e-04   1.476117e-03   51976144
  1.659964e+00   1.008022e+01   5.891546e-04   1.487042e-03   51349900
  1.662005e+00   1.008077e+01   5.889908e-04   1.497802e-03   50695384
  1.664045e+00   1.008961e+01   5.890155e-04   1.509428e-03   50057984
  1.666086e+00   1.009147e+01   5.890380e-04   1.519638e-03   49419508
  1.668126e+00   1.009471e+01   5.890496e-04   1.531607e-03   48776488
  1.670167e+00   1.009736e+01   5.890648e-04   1.542641e-03   48133384
  1.672207e+00   1.009761e+01   5.889196e-04   1.554409e-03   47474236
  1.674248e+00   1.010230e+01   5.891309e-04   1.565868e-03   46843636
  1.676288e+00   1.009945e+01   5.891074e-04   1.576699e-03   46191052
  1.678329e+00   1.009528e+01   5.889792e-04   1.588444e-03   45529264
  1.680369e+00   1.009240e+01   5.890485e-04   1.599730e-03   44881736
  1.682410e+00   1.008334e+01   5.890525e-04   1.610158e-03   44225644
  1.684450e+00   1.008052e+01   5.891358e-04   1.621724e-03   43576192
  1.686491e+00   1.007253e+01   5.889794e-04   1.633330e-03   42904780
  1.688531e+00   1.005684e+01   5.889633e-04   1.643080e-03   42243280
  1.690572e+00   1.004467e+01   5.891008e-04   1.653680e-03   41592304
  1.692612e+00   1.002737e+01   5.890218e-04   1.663762e-03   40921504
  1.694653e+00   1.001185e+01   5.890829e-04   1.672616e-03   40260364
  1.696693e+00   9.989150e+00   5.888496e-04   1.682381e-03   39577280
  1.698733e+00   9.963098e+00   5.892354e-04   1.689758e-03   38934796
  1.700774e+00   9.942653e+00   5.890401e-04   1.699708e-03   38251060
  1.702814e+00   9.908070e+00   5.889828e-04   1.706007e-03   37573912
  1.704855e+00   9.876952e+00   5.889933e-04   1.714627e-03   36901072
  1.706895e+00   9.844610e+00   5.890773e-04   1.720146e-03   36243835
  1.708936e+00   9.814097e+00   5.891165e-04   1.726413e-03   35631178
  1.710977e+00   9.787960e+00   5.890339e-04   1.734064e-03   35038834
  1.713017e+00   9.772093e+00   5.889561e-04   1.743821e-03   34467356
  1.715058e+00   9.757149e+00   5.891917e-04   1.752700e-03   33932020
  1.717099e+00   9.741590e+00   5.890389e-04   1.763403e-03   33386890
  1.719139e+00   9.724657e+00   5.889525e-04   1.771871e-03   32859112
  1.721179e+00   9.711164e+00   5.890795e-04   1.780734e-03   32356054
  1.723220e+00   9.706353e+00   5.891297e-04   1.792783e-03   31858198
  1.725261e+00   9.700690e+00   5.889578e-04   1.804154e-03   31358896
  1.727301e+00   9.685230e+00   5.890306e-04   1.813795e-03   30881506
  1.729342e+00   9.676919e+00   5.890010e-04   1.824317e-03   30407522
  1.731382e+00   9.663258e+00   5.892460e-04   1.834836e-03   29957086
  1.733423e+00   9.659365e+00   5.890039e-04   1.846167e-03   29488294
  1.735463e+00   9.653118e+00   5.889085e-04   1.858367e-03   29035384
  1.737504e+00   9.646126e+00   5.890134e-04   1.869738e-03   28600522
  1.739544e+00   9.643390e+00   5.890735e-04   1.882051e-03   28168888
  1.741585e+00   9.641242e+00   5.891100e-04   1.894732e-03   27743284
  1.743625e+00   9.637488e+00   5.890873e-04   1.908209e-03   27321316
  1.745666e+00   9.634008e+00   5.888632e-04   1.920287e-03   26896532
  1.747706e+00   9.628635e+00   5.893143e-04   1.932066e-03   26509150
  1.749747e+00   9.628134e+00   5.889556e-04   1.946489e-03   26089648
  1.751787e+00   9.625443e+00   5.889177e-04   1.959968e-03   25691308
  1.753828e+00   9.620911e+00   5.891439e-04   1.972242e-03   25310632
  1.755869e+00   9.620808e+00   5.890222e-04   1.985541e-03   24918688
  1.757909e+00   9.623278e+00   5.891025e-04   2.000179e-03   24541360
  1.759949e+00   9.620620e+00   5.888725e-04   2.014592e-03   24156514
  1.761990e+00   9.622000e+00   5.890172e-04   2.029992e-03   23792042
  1.764031e+00   9.628661e+00   5.893560e-04   2.045293e-03   23440270
  1.766072e+00   9.620937e+00   5.889368e-04   2.059692e-03   23061724
  1.768111e+00   9.620536e+00   5.888399e-04   2.072937e-03   22702210
  1.770152e+00   9.624881e+00   5.891801e-04   2.090598e-03   22364644
  1.772193e+00   9.634366e+00   5.890835e-04   2.106432e-03   22012804
  1.774233e+00   9.634165e+00   5.890457e-04   2.122861e-03   21668428
  1.776274e+00   9.639885e+00   5.889348e-04   2.140306e-03   21326230
  1.778314e+00   9.641332e+00   5.889908e-04   2.153477e-03   20994284
  1.780354e+00   9.649030e+00   5.891391e-04   2.173360e-03   20669938
  1.782395e+00   9.652981e+00   5.891308e-04   2.189670e-03   20342638
  1.784436e+00   9.655957e+00   5.889063e-04   2.207074e-03   20013358
  1.786476e+00   9.662939e+00   5.892316e-04   2.225563e-03   19707214
  1.788517e+00   9.674612e+00   5.889170e-04   2.245459e-03   19381486
  1.790557e+00   9.680990e+00   5.890117e-04   2.264340e-03   19074238
  1.792598e+00   9.682514e+00   5.891567e-04   2.281222e-03   18772624
  1.794638e+00   9.691249e+00   5.888580e-04   2.301259e-03   18460526
  1.796679e+00   9.699383e+00   5.892699e-04   2.320823e-03   18174472
  1.798720e+00   9.707598e+00   5.889898e-04   2.341824e-03   17869018
  1.800760e+00   9.713239e+00   5.889083e-04   2.363851e-03   17574688
  1.802800e+00   9.724759e+00   5.892378e-04   2.382193e-03   17296672
  1.804841e+00   9.737611e+00   5.888582e-04   2.405421e-03   16999528
  1.806881e+00   9.745999e+00   5.891391e-04   2.425017e-03   16725952
  1.808922e+00   9.757728e+00   5.891464e-04   2.447753e-03   16447546
  1.810962e+00   9.769886e+00   5.888185e-04   2.471647e-03   16162976
  1.813003e+00   9.779509e+00   5.891753e-04   2.494057e-03   15901480
  1.815043e+00   9.788917e+00   5.889780e-04   2.515281e-03   15626866
  1.817084e+00   9.800728e+00   5.890869e-04   2.540633e-03   15364096
  1.819124e+00   9.813615e+00   5.890487e-04   2.564403e-03   15101074
  1.821165e+00   9.834763e+00   5.890272e-04   2.591016e-03   14840482
  1.823205e+00   9.842325e+00   5.890653e-04   2.616226e-03   14585698
  1.825246e+00   9.855715e+00   5.891264e-04   2.638795e-03   14333860
  1.827286e+00   9.870062e+00   5.887389e-04   2.666747e-03   14073794
  1.829327e+00   9.883558e+00   5.893124e-04   2.693521e-03   13840834
  1.831368e+00   9.903595e+00   5.889528e-04   2.724621e-03   13587610
  1.833408e+00   9.920929e+00   5.890132e-04   2.751338e-03   13347532
  1.835449e+00   9.937407e+00   5.891862e-04   2.777020e-03   13113010
  1.837489e+00   9.951310e+00   5.889134e-04   2.807474e-03   12870418
  1.839530e+00   9.970953e+00   5.891722e-04   2.836532e-03   12643618
  1.841570e+00   9.982059e+00   5.889276e-04   2.866790e-03   12408220
  1.843610e+00   1.000336e+01   5.888611e-04   2.898429e-03   12178826
  1.845651e+00   1.000970e+01   5.893835e-04   2.925794e-03   11965252
  1.847692e+00   1.003947e+01   5.889798e-04   2.961285e-03   11734570
  1.849732e+00   1.005919e+01   5.888108e-04   2.998470e-03   11512084
  1.851772e+00   1.007641e+01   5.892882e-04   3.026981e-03   11304874
  1.853813e+00   1.010539e+01   5.890727e-04   3.064810e-03   11085628
  1.855854e+00   1.011531e+01   5.888873e-04   3.097238e-03   10871212
  1.857894e+00   1.014589e+01   5.890526e-04   3.134199e-03   10665436
  1.859934e+00   1.017455e+01   5.887988e-04   3.175392e-03   10454018
  1.861975e+00   1.017812e+01   5.894361e-04   3.205305e-03   10261756
  1.864016e+00   1.020961e+01   5.890315e-04   3.246238e-03   10052716
  1.866056e+00   1.023485e+01   5.887366e-04   3.287282e-03   9849052
  1.868096e+00   1.026765e+01   5.891497e-04   3.327800e-03   9659884
  1.870137e+00   1.028509e+01   5.891009e-04   3.370704e-03   9464068
  1.872178e+00   1.030793e+01   5.891150e-04   3.410292e-03   9273118
  1.874218e+00   1.034011e+01   5.890493e-04   3.454650e-03   9082996
  1.876258e+00   1.036261e+01   5.885635e-04   3.498724e-03   8888324
  1.878298e+00   1.039760e+01   5.894681e-04   3.546739e-03   8717860
  1.880339e+00   1.041751e+01   5.889024e-04   3.591727e-03   8526892
  1.882380e+00   1.044786e+01   5.891160e-04   3.641300e-03   8350294
  1.884421e+00   1.047408e+01   5.892668e-04   3.684482e-03   8175196
  1.886461e+00   1.048827e+01   5.886896e-04   3.733542e-03   7991188
  1.888501e+00   1.053504e+01   5.891856e-04   3.788029e-03   7825390
  1.890542e+00   1.056684e+01   5.892269e-04   3.840800e-03   7655212
  1.892582e+00   1.059379e+01   5.885119e-04   3.894327e-03   7477166
  1.894623e+00   1.062921e+01   5.895156e-04   3.946058e-03   7324060
  1.896664e+00   1.066648e+01   5.888806e-04   4.001457e-03   7151566
  1.898704e+00   1.069021e+01   5.888852e-04   4.062167e-03   6989950
  1.900745e+00   1.072797e+01   5.894191e-04   4.122250e-03   6836908
  1.902785e+00   1.076178e+01   5.887692e-04   4.186158e-03   6671038
  1.904825e+00   1.079099e+01   5.892290e-04   4.243325e-03   6521230
  1.906866e+00   1.083560e+01   5.889874e-04   4.310284e-03   6365332
  1.908906e+00   1.086290e+01   5.884549e-04   4.373606e-03   6208238
  1.910946e+00   1.090827e+01   5.897328e-04   4.441027e-03   6073126
  1.912988e+00   1.094700e+01   5.888926e-04   4.520913e-03   5916982
  1.915027e+00   1.098840e+01   5.887954e-04   4.586275e-03   5771308
  1.917068e+00   1.102886e+01   5.892604e-04   4.657773e-03   5633446
  1.919109e+00   1.105821e+01   5.888913e-04   4.735836e-03   5488414
  1.921149e+00   1.109925e+01   5.892279e-04   4.814175e-03   5353270
  1.923191e+00   1.114080e+01   5.893097e-04   4.889836e-03   5217238
  1.925230e+00   1.117006e+01   5.881123e-04   4.973465e-03   5071646
  1.927270e+00   1.122761e+01   5.897435e-04   5.062372e-03   4953394
  1.929311e+00   1.127513e+01   5.888971e-04   5.150063e-03   4815046
  1.931351e+00   1.132439e+01   5.888986e-04   5.237707e-03   4686502
  1.933392e+00   1.137500e+01   5.894151e-04   5.338749e-03   4564246
  1.935432e+00   1.140229e+01   5.884214e-04   5.427439e-03   4431088
  1.937472e+00   1.144374e+01   5.895013e-04   5.519846e-03   4316734
  1.939514e+00   1.149536e+01   5.892371e-04   5.622578e-03   4193806
  1.941554e+00   1.155302e+01   5.881432e-04   5.733660e-03   4066670
  1.943594e+00   1.159512e+01   5.899332e-04   5.832836e-03   3962278
  1.945635e+00   1.166441e+01   5.886384e-04   5.965959e-03   3837862
  1.947675e+00   1.171220e+01   5.888459e-04   6.079329e-03   3726112
  1.949716e+00   1.176217e+01   5.894296e-04   6.193487e-03   3618790
  1.951756e+00   1.182175e+01   5.885912e-04   6.327871e-03   3503302
  1.953796e+00   1.186824e+01   5.894725e-04   6.437633e-03   3401176
  1.955838e+00   1.193201e+01   5.891226e-04   6.579881e-03   3293194
  1.957876e+00   1.197829e+01   5.877277e-04   6.721267e-03   3181142
  1.959917e+00   1.203554e+01   5.903988e-04   6.850845e-03   3093808
  1.961960e+00   1.210140e+01   5.888871e-04   6.997142e-03   2984950
  1.963999e+00   1.212923e+01   5.886109e-04   7.150090e-03   2885224
  1.966040e+00   1.221195e+01   5.897750e-04   7.319816e-03   2794390
  1.968080e+00   1.228350e+01   5.881630e-04   7.496591e-03   2690920
  1.970120e+00   1.235347e+01   5.894221e-04   7.663935e-03   2603926
  1.972161e+00   1.239990e+01   5.892800e-04   7.814812e-03   2511952
  1.974200e+00   1.247027e+01   5.876979e-04   8.033032e-03   2415422
  1.976241e+00   1.255191e+01   5.905190e-04   8.207220e-03   2339440
  1.978283e+00   1.260931e+01   5.886459e-04   8.416897e-03   2245138
  1.980322e+00   1.267182e+01   5.885584e-04   8.624044e-03   2160592
  1.982363e+00   1.272344e+01   5.897432e-04   8.816155e-03   2082736
  1.984403e+00   1.281042e+01   5.881362e-04   9.062686e-03   1995454
  1.986443e+00   1.289006e+01   5.897534e-04   9.299243e-03   1922008
  1.988485e+00   1.295684e+01   5.891749e-04   9.559918e-03   1842448
  1.990522e+00   1.302488e+01   5.870719e-04   9.815889e-03   1759982
  1.992563e+00   1.309211e+01   5.909793e-04   1.004219e-02   1698088
  1.994607e+00   1.317020e+01   5.888644e-04   1.036219e-02   1618912
  1.996645e+00   1.328057e+01   5.882080e-04   1.069172e-02   1546426
  1.998686e+00   1.332747e+01   5.901587e-04   1.093420e-02   1482760
  2.000726e+00   1.338155e+01   5.876526e-04   1.127889e-02   1408504
  2.002766e+00   1.347186e+01   5.900293e-04   1.161485e-02   1348888
  2.004809e+00   1.358717e+01   5.894112e-04   1.197054e-02   1283128
  2.006844e+00   1.370176e+01   5.857661e-04   1.243592e-02   1212710
  2.008884e+00   1.371844e+01   5.919958e-04   1.270002e-02   1165312
  2.010930e+00   1.385194e+01   5.888517e-04   1.322742e-02   1099240
  2.012967e+00   1.392456e+01   5.874477e-04   1.363599e-02   1039180
  2.015008e+00   1.399633e+01   5.907201e-04   1.408897e-02   989296
  2.017048e+00   1.412254e+01   5.871427e-04   1.464719e-02   928480
  2.019088e+00   1.415450e+01   5.908312e-04   1.506087e-02   881896
  2.021133e+00   1.432105e+01   5.892377e-04   1.572047e-02   828112
  2.023164e+00   1.442741e+01   5.840081e-04   1.643203e-02   771512
  2.025205e+00   1.447282e+01   5.943827e-04   1.683084e-02   737656
  2.027255e+00   1.456504e+01   5.883968e-04   1.763891e-02   682876
  2.029287e+00   1.470660e+01   5.857126e-04   1.842621e-02   635344
  2.031329e+00   1.478548e+01   5.927774e-04   1.913284e-02   600232
  2.033373e+00   1.488054e+01   5.864297e-04   2.000645e-02   551368
  2.035408e+00   1.499922e+01   5.898380e-04   2.098178e-02   514696
  2.037453e+00   1.506852e+01   5.900658e-04   2.184202e-02   476416
  2.039484e+00   1.522963e+01   5.824378e-04   2.309654e-02   433616
  2.041526e+00   1.525308e+01   5.962478e-04   2.395216e-02   408292
  2.043575e+00   1.543058e+01   5.862678e-04   2.549154e-02   366880
  2.045605e+00   1.549304e+01   5.870941e-04   2.662986e-02   335704
  2.047656e+00   1.561259e+01   5.955911e-04   2.791150e-02   309472
  2.049690e+00   1.577837e+01   5.783526e-04   3.042729e-02   270784
  2.051720e+00   1.590014e+01   5.958327e-04   3.184265e-02   251818
  2.053787e+00   1.595407e+01   5.940264e-04   3.387947e-02   224092
  2.055790e+00   1.610712e+01   5.619118e-04   3.733543e-02   188432
  2.057825e+00   1.626191e+01   6.103572e-04   3.811624e-02   181504
  2.059914e+00   1.636346e+01   5.896146e-04   4.201109e-02   151936
  2.061912e+00   1.647649e+01   5.664388e-04   4.637328e-02   126706
  2.063961e+00   1.651756e+01   6.122265e-04   4.800635e-02   118288
  2.066031e+00   1.677701e+01   5.747082e-04   5.533138e-02   92620
  2.068014e+00   1.677399e+01   5.791988e-04   5.996994e-02   78136
  2.070093e+00   1.705436e+01   6.153460e-04   6.500654e-02   68626
  2.072088e+00   1.710664e+01   5.129496e-04   7.923348e-02   46280
  2.074059e+00   1.728273e+01   6.160051e-04   8.235211e-02   43432
  2.076220e+00   1.760816e+01   6.155713e-04   9.825179e-02   32056
  2.078220e+00   1.738354e+01   5.100189e-04   1.244201e-01   19270
  2.080175e+00   1.746987e+01   6.137065e-04   1.426834e-01   15688
  2.082322e+00   1.777840e+01   6.108434e-04   1.855979e-01   9208
  2.084319e+00   1.784094e+01   5.039385e-04   2.828411e-01   3970
  2.086177e+00   1.775062e+01   5.810493e-04   4.211392e-01   1816
  2.088030e+00   1.394008e+01   3.896770e-04   8.956421e-01   230
