# power spectrum of phi
# redshift z=5.835401
# k              Pk             sigma(k)       sigma(Pk)      count
  1.554082e-03   7.451704e-10   3.849967e-04   7.184386e-11   146
  3.315891e-03   7.776973e-10   5.645617e-04   2.327950e-11   1042
  5.255560e-03   6.867106e-10   5.631710e-04   1.378686e-11   2698
  7.226238e-03   6.044642e-10   5.714963e-04   8.389496e-12   5206
  9.236952e-03   5.352289e-10   5.879031e-04   5.943395e-12   8752
  1.128500e-02   4.780981e-10   5.950186e-04   4.182387e-12   13258
  1.332029e-02   4.285730e-10   5.812860e-04   3.218487e-12   18070
  1.533799e-02   3.790623e-10   5.833601e-04   2.445230e-12   24050
  1.738769e-02   3.331731e-10   5.989399e-04   1.866907e-12   31720
  1.943477e-02   2.957673e-10   5.849109e-04   1.500059e-12   38722
  2.146405e-02   2.589287e-10   5.862639e-04   1.201894e-12   47398
  2.349979e-02   2.291235e-10   5.882944e-04   9.585071e-13   56986
  2.554151e-02   2.031845e-10   5.907046e-04   7.880187e-13   67552
  2.758014e-02   1.819047e-10   5.872674e-04   6.506370e-13   78310
  2.961557e-02   1.588975e-10   5.882808e-04   5.321519e-13   90514
  3.164924e-02   1.423875e-10   5.857631e-04   4.489603e-13   102938
  3.368563e-02   1.250675e-10   5.901325e-04   3.655656e-13   117412
  3.572860e-02   1.132642e-10   5.900212e-04   3.119131e-13   132106
  3.776869e-02   1.014955e-10   5.879385e-04   2.651295e-13   147154
  3.980581e-02   9.091241e-11   5.881164e-04   2.251204e-13   163522
  4.184971e-02   8.249685e-11   5.917380e-04   1.936998e-13   181804
  4.388716e-02   7.503430e-11   5.852792e-04   1.699164e-13   197722
  4.592521e-02   6.870297e-11   5.913571e-04   1.468290e-13   218866
  4.796858e-02   6.393250e-11   5.883333e-04   1.311939e-13   237542
  5.000645e-02   5.893628e-11   5.882751e-04   1.161007e-13   258136
  5.204613e-02   5.487604e-11   5.892119e-04   1.039597e-13   280066
  5.408484e-02   5.109739e-11   5.879532e-04   9.328743e-14   301774
  5.612494e-02   4.801482e-11   5.897386e-04   8.400445e-14   326050
  5.816725e-02   4.536207e-11   5.892357e-04   7.694781e-14   349792
  6.020894e-02   4.281994e-11   5.898220e-04   7.018482e-14   375154
  6.224878e-02   4.038357e-11   5.878390e-04   6.421998e-14   399742
  6.428502e-02   3.837867e-11   5.877282e-04   5.883376e-14   426266
  6.632420e-02   3.617111e-11   5.892967e-04   5.371811e-14   454960
  6.836448e-02   3.422445e-11   5.887382e-04   4.930969e-14   482734
  7.040483e-02   3.237831e-11   5.895060e-04   4.527065e-14   512746
  7.244666e-02   3.056388e-11   5.892082e-04   4.149155e-14   542746
  7.448833e-02   2.859062e-11   5.895081e-04   3.776494e-14   573952
  7.652873e-02   2.689806e-11   5.886192e-04   3.479341e-14   604918
  7.856782e-02   2.535802e-11   5.887181e-04   3.181229e-14   637666
  8.060887e-02   2.370040e-11   5.897344e-04   2.886187e-14   672482
  8.265024e-02   2.228730e-11   5.887854e-04   2.654373e-14   705748
  8.468883e-02   2.080676e-11   5.884884e-04   2.412977e-14   740482
  8.673009e-02   1.943570e-11   5.901845e-04   2.199613e-14   779026
  8.877006e-02   1.814999e-11   5.875992e-04   2.014534e-14   812614
  9.081033e-02   1.701518e-11   5.902277e-04   1.843432e-14   854200
  9.285241e-02   1.596485e-11   5.887737e-04   1.693348e-14   890746
  9.489189e-02   1.499460e-11   5.888028e-04   1.552603e-14   930394
  9.693174e-02   1.412705e-11   5.888121e-04   1.436600e-14   970982
  9.897209e-02   1.331950e-11   5.890745e-04   1.324764e-14   1012600
  1.010137e-01   1.260617e-11   5.897237e-04   1.229370e-14   1055890
  1.030542e-01   1.196152e-11   5.884073e-04   1.147551e-14   1096630
  1.050933e-01   1.136671e-11   5.887890e-04   1.065354e-14   1141378
  1.071337e-01   1.085402e-11   5.890564e-04   9.981376e-15   1186552
  1.091740e-01   1.040180e-11   5.889981e-04   9.387393e-15   1231798
  1.112148e-01   9.978569e-12   5.893633e-04   8.847904e-15   1279234
  1.132559e-01   9.617789e-12   5.890093e-04   8.369742e-15   1325906
  1.152965e-01   9.281840e-12   5.891197e-04   7.930193e-15   1374352
  1.173364e-01   8.955867e-12   5.886007e-04   7.527229e-15   1421950
  1.193758e-01   8.690689e-12   5.890300e-04   7.170143e-15   1472962
  1.214157e-01   8.392158e-12   5.886064e-04   6.809428e-15   1522954
  1.234545e-01   8.110127e-12   5.884752e-04   6.473908e-15   1573804
  1.254965e-01   7.854588e-12   5.906693e-04   6.150610e-15   1632274
  1.275390e-01   7.591721e-12   5.886302e-04   5.860627e-15   1680226
  1.295769e-01   7.323118e-12   5.879889e-04   5.580085e-15   1732682
  1.316167e-01   7.062523e-12   5.894980e-04   5.278280e-15   1792204
  1.336589e-01   6.813284e-12   5.896575e-04   5.012539e-15   1848298
  1.356989e-01   6.547932e-12   5.883050e-04   4.762431e-15   1901050
  1.377383e-01   6.282181e-12   5.890297e-04   4.487119e-15   1961326
  1.397792e-01   6.017354e-12   5.892228e-04   4.244109e-15   2020312
  1.418209e-01   5.775390e-12   5.895741e-04   4.009292e-15   2080930
  1.438627e-01   5.520752e-12   5.893024e-04   3.776266e-15   2140390
  1.459026e-01   5.281869e-12   5.883405e-04   3.573163e-15   2198162
  1.479427e-01   5.043266e-12   5.893956e-04   3.354625e-15   2263864
  1.499842e-01   4.823682e-12   5.893769e-04   3.164609e-15   2326426
  1.520249e-01   4.609395e-12   5.889045e-04   2.984589e-15   2388550
  1.540650e-01   4.401204e-12   5.888570e-04   2.809954e-15   2453098
  1.561047e-01   4.215653e-12   5.886971e-04   2.659598e-15   2517592
  1.581449e-01   4.048592e-12   5.892905e-04   2.525472e-15   2586070
  1.601854e-01   3.880974e-12   5.889181e-04   2.385717e-15   2651842
  1.622257e-01   3.729718e-12   5.889579e-04   2.258280e-15   2720330
  1.642669e-01   3.593322e-12   5.894439e-04   2.155513e-15   2791156
  1.663078e-01   3.469231e-12   5.889934e-04   2.055537e-15   2858554
  1.683481e-01   3.354119e-12   5.890635e-04   1.961330e-15   2929594
  1.703877e-01   3.249233e-12   5.885431e-04   1.877423e-15   2998762
  1.724278e-01   3.151178e-12   5.891948e-04   1.800356e-15   3074188
  1.744675e-01   3.068136e-12   5.885376e-04   1.731070e-15   3143482
  1.765088e-01   2.982649e-12   5.900653e-04   1.661706e-15   3226186
  1.785498e-01   2.904924e-12   5.882615e-04   1.606539e-15   3291158
  1.805901e-01   2.832450e-12   5.897179e-04   1.543439e-15   3375112
  1.826317e-01   2.764937e-12   5.890290e-04   1.491302e-15   3447658
  1.846719e-01   2.695280e-12   5.889171e-04   1.438131e-15   3524626
  1.867120e-01   2.627927e-12   5.888543e-04   1.387988e-15   3602998
  1.887512e-01   2.562950e-12   5.883706e-04   1.338526e-15   3678592
  1.907908e-01   2.496654e-12   5.892546e-04   1.287810e-15   3764122
  1.928324e-01   2.430529e-12   5.894579e-04   1.241720e-15   3846598
  1.948727e-01   2.367161e-12   5.885077e-04   1.196152e-15   3922250
  1.969136e-01   2.298870e-12   5.896943e-04   1.150410e-15   4013032
  1.989552e-01   2.232281e-12   5.889700e-04   1.104538e-15   4091182
  2.009950e-01   2.165835e-12   5.887664e-04   1.062697e-15   4174282
  2.030353e-01   2.099103e-12   5.891040e-04   1.019082e-15   4261978
  2.050762e-01   2.031609e-12   5.892160e-04   9.757581e-16   4348624
  2.071163e-01   1.968097e-12   5.886637e-04   9.368984e-16   4431430
  2.091564e-01   1.902310e-12   5.892138e-04   8.969873e-16   4523290
  2.111972e-01   1.842044e-12   5.891043e-04   8.601290e-16   4611386
  2.132376e-01   1.782977e-12   5.888473e-04   8.247193e-16   4698814
  2.152782e-01   1.725221e-12   5.893426e-04   7.895780e-16   4792984
  2.173194e-01   1.669929e-12   5.892017e-04   7.570984e-16   4883194
  2.193596e-01   1.613930e-12   5.887755e-04   7.259537e-16   4971694
  2.214001e-01   1.564189e-12   5.893212e-04   6.967139e-16   5069434
  2.234405e-01   1.518840e-12   5.886957e-04   6.708374e-16   5157736
  2.254804e-01   1.473805e-12   5.891220e-04   6.459154e-16   5256202
  2.275212e-01   1.431258e-12   5.891252e-04   6.207437e-16   5351990
  2.295614e-01   1.391990e-12   5.887454e-04   5.981942e-16   5444914
  2.316024e-01   1.355985e-12   5.895775e-04   5.770394e-16   5550088
  2.336441e-01   1.321807e-12   5.892314e-04   5.578994e-16   5644774
  2.356844e-01   1.288917e-12   5.887291e-04   5.395526e-16   5739034
  2.377243e-01   1.258900e-12   5.889493e-04   5.229364e-16   5841154
  2.397648e-01   1.229332e-12   5.891188e-04   5.055556e-16   5943448
  2.418057e-01   1.202475e-12   5.891894e-04   4.908983e-16   6045670
  2.438457e-01   1.177040e-12   5.886738e-04   4.766156e-16   6142586
  2.458857e-01   1.150561e-12   5.890965e-04   4.616423e-16   6250738
  2.479269e-01   1.126676e-12   5.893339e-04   4.489350e-16   6357172
  2.499678e-01   1.102066e-12   5.890271e-04   4.351625e-16   6458506
  2.520084e-01   1.079084e-12   5.891472e-04   4.228211e-16   6566290
  2.540484e-01   1.054218e-12   5.886483e-04   4.101412e-16   6667414
  2.560881e-01   1.031180e-12   5.889729e-04   3.975299e-16   6778336
  2.581289e-01   1.009525e-12   5.893065e-04   3.861459e-16   6890218
  2.601690e-01   9.861243e-13   5.886464e-04   3.746811e-16   6992306
  2.622097e-01   9.631603e-13   5.895050e-04   3.631485e-16   7113454
  2.642508e-01   9.405235e-13   5.888931e-04   3.519766e-16   7216216
  2.662907e-01   9.178157e-13   5.889220e-04   3.405000e-16   7328218
  2.683311e-01   8.949469e-13   5.891504e-04   3.298424e-16   7444414
  2.703714e-01   8.726380e-13   5.887477e-04   3.192947e-16   7553290
  2.724122e-01   8.505958e-13   5.894442e-04   3.085496e-16   7676368
  2.744529e-01   8.301376e-13   5.888427e-04   2.996166e-16   7783150
  2.764932e-01   8.085782e-13   5.891771e-04   2.892554e-16   7904570
  2.785337e-01   7.878525e-13   5.888377e-04   2.802061e-16   8017570
  2.805747e-01   7.681948e-13   5.894749e-04   2.709389e-16   8143840
  2.826158e-01   7.494970e-13   5.889589e-04   2.625403e-16   8255134
  2.846555e-01   7.303850e-13   5.886996e-04   2.541798e-16   8371450
  2.866957e-01   7.128930e-13   5.891278e-04   2.463270e-16   8498578
  2.887371e-01   6.960718e-13   5.893995e-04   2.387023e-16   8623180
  2.907783e-01   6.797771e-13   5.891794e-04   2.316306e-16   8742034
  2.928185e-01   6.641337e-13   5.887409e-04   2.249041e-16   8859194
  2.948582e-01   6.493306e-13   5.888043e-04   2.183700e-16   8984386
  2.968984e-01   6.353883e-13   5.889953e-04   2.121607e-16   9111652
  2.989394e-01   6.218059e-13   5.894313e-04   2.061719e-16   9243322
  3.009801e-01   6.084908e-13   5.888434e-04   2.007845e-16   9361378
  3.030204e-01   5.963456e-13   5.890316e-04   1.954641e-16   9491998
  3.050606e-01   5.844935e-13   5.889315e-04   1.901765e-16   9618016
  3.071010e-01   5.729120e-13   5.891205e-04   1.852475e-16   9750178
  3.091413e-01   5.610577e-13   5.888404e-04   1.801587e-16   9875558
  3.111820e-01   5.511933e-13   5.893640e-04   1.758952e-16   10015834
  3.132223e-01   5.396123e-13   5.885801e-04   1.712185e-16   10133344
  3.152627e-01   5.294461e-13   5.895529e-04   1.668442e-16   10282522
  3.173040e-01   5.193177e-13   5.889812e-04   1.627218e-16   10406974
  3.193437e-01   5.086620e-13   5.886096e-04   1.584493e-16   10534378
  3.213841e-01   4.991136e-13   5.894405e-04   1.542799e-16   10684456
  3.234254e-01   4.896785e-13   5.890917e-04   1.505373e-16   10813894
  3.254654e-01   4.797129e-13   5.887488e-04   1.466843e-16   10944626
  3.275058e-01   4.701197e-13   5.892300e-04   1.429139e-16   11091802
  3.295466e-01   4.607571e-13   5.889694e-04   1.392362e-16   11224756
  3.315871e-01   4.509863e-13   5.891399e-04   1.353953e-16   11367730
  3.336279e-01   4.419897e-13   5.891097e-04   1.319196e-16   11507890
  3.356680e-01   4.329911e-13   5.886912e-04   1.285485e-16   11640658
  3.377084e-01   4.240859e-13   5.893412e-04   1.252502e-16   11795380
  3.397495e-01   4.152041e-13   5.891216e-04   1.218712e-16   11933434
  3.417900e-01   4.065148e-13   5.889963e-04   1.186679e-16   12074954
  3.438308e-01   3.984590e-13   5.892532e-04   1.156687e-16   12225142
  3.458709e-01   3.901211e-13   5.885745e-04   1.126688e-16   12356104
  3.479106e-01   3.820736e-13   5.891058e-04   1.096440e-16   12513442
  3.499516e-01   3.745123e-13   5.892873e-04   1.068853e-16   12664810
  3.519928e-01   3.667450e-13   5.891937e-04   1.041331e-16   12811246
  3.540334e-01   3.594691e-13   5.889181e-04   1.014532e-16   12953536
  3.560735e-01   3.526145e-13   5.890044e-04   9.909561e-17   13105042
  3.581140e-01   3.454759e-13   5.891192e-04   9.644475e-17   13258670
  3.601546e-01   3.391228e-13   5.890325e-04   9.426814e-17   13408738
  3.621953e-01   3.326936e-13   5.890899e-04   9.200004e-17   13562320
  3.642355e-01   3.266107e-13   5.888450e-04   8.991292e-17   13709062
  3.662757e-01   3.204077e-13   5.891202e-04   8.761390e-17   13870258
  3.683171e-01   3.145513e-13   5.894186e-04   8.559958e-17   14032714
  3.703575e-01   3.089348e-13   5.886241e-04   8.372276e-17   14169232
  3.723976e-01   3.034260e-13   5.891956e-04   8.174384e-17   14339422
  3.744381e-01   2.980654e-13   5.888919e-04   7.993962e-17   14489330
  3.764785e-01   2.925960e-13   5.891282e-04   7.800420e-17   14654458
  3.785190e-01   2.874995e-13   5.889293e-04   7.636355e-17   14808292
  3.805593e-01   2.825099e-13   5.890179e-04   7.459082e-17   14970130
  3.825997e-01   2.777325e-13   5.890254e-04   7.302730e-17   15131626
  3.846399e-01   2.727201e-13   5.888648e-04   7.135362e-17   15289198
  3.866807e-01   2.680066e-13   5.894136e-04   6.974327e-17   15466552
  3.887217e-01   2.632269e-13   5.889267e-04   6.821280e-17   15616714
  3.907617e-01   2.586954e-13   5.889009e-04   6.671945e-17   15780506
  3.928022e-01   2.539928e-13   5.891699e-04   6.520086e-17   15953542
  3.948433e-01   2.496759e-13   5.892495e-04   6.374720e-17   16121296
  3.968834e-01   2.452190e-13   5.886227e-04   6.240640e-17   16270762
  3.989235e-01   2.406162e-13   5.892919e-04   6.087670e-17   16457182
  4.009646e-01   2.366039e-13   5.891739e-04   5.956208e-17   16623562
  4.030052e-01   2.322352e-13   5.889160e-04   5.823619e-17   16785784
  4.050455e-01   2.282225e-13   5.890644e-04   5.696301e-17   16959370
  4.070861e-01   2.241955e-13   5.891235e-04   5.570898e-17   17132774
  4.091266e-01   2.201032e-13   5.889569e-04   5.446198e-17   17300602
  4.111672e-01   2.160585e-13   5.891834e-04   5.321896e-17   17480656
  4.132078e-01   2.123734e-13   5.889644e-04   5.207549e-17   17647558
  4.152481e-01   2.086744e-13   5.890172e-04   5.098613e-17   17823778
  4.172887e-01   2.052520e-13   5.890581e-04   4.988845e-17   18001594
  4.193290e-01   2.017280e-13   5.888841e-04   4.885718e-17   18172300
  4.213694e-01   1.980579e-13   5.891306e-04   4.778158e-17   18356770
  4.234105e-01   1.947016e-13   5.893313e-04   4.677228e-17   18541082
  4.254516e-01   1.914024e-13   5.891095e-04   4.574749e-17   18713914
  4.274917e-01   1.882045e-13   5.886533e-04   4.484033e-17   18879742
  4.295318e-01   1.850700e-13   5.892187e-04   4.386996e-17   19077592
  4.315727e-01   1.819872e-13   5.891074e-04   4.294789e-17   19255474
  4.336133e-01   1.789537e-13   5.890497e-04   4.204901e-17   19436278
  4.356531e-01   1.760255e-13   5.886327e-04   4.126646e-17   19605994
  4.376936e-01   1.732593e-13   5.894559e-04   4.041948e-17   19817344
  4.397347e-01   1.705421e-13   5.889775e-04   3.961070e-17   19985702
  4.417750e-01   1.676135e-13   5.890630e-04   3.880420e-17   20175730
  4.438152e-01   1.649116e-13   5.887860e-04   3.803953e-17   20352682
  4.458557e-01   1.623142e-13   5.893597e-04   3.729421e-17   20559616
  4.478969e-01   1.596963e-13   5.891648e-04   3.655719e-17   20741518
  4.499369e-01   1.571965e-13   5.886230e-04   3.584232e-17   20912026
  4.519768e-01   1.546792e-13   5.891225e-04   3.512320e-17   21121018
  4.540176e-01   1.522527e-13   5.890883e-04   3.447014e-17   21310012
  4.560579e-01   1.497919e-13   5.889301e-04   3.378816e-17   21496154
  4.580989e-01   1.474465e-13   5.893557e-04   3.312134e-17   21705946
  4.601398e-01   1.450493e-13   5.889070e-04   3.245218e-17   21882562
  4.621802e-01   1.428009e-13   5.891458e-04   3.183353e-17   22085428
  4.642214e-01   1.405758e-13   5.893143e-04   3.123124e-17   22287106
  4.662615e-01   1.382660e-13   5.885500e-04   3.061823e-17   22455010
  4.683013e-01   1.361775e-13   5.890571e-04   3.005883e-17   22671694
  4.703421e-01   1.339198e-13   5.892012e-04   2.943923e-17   22874368
  4.723830e-01   1.319246e-13   5.891203e-04   2.891929e-17   23070146
  4.744235e-01   1.298029e-13   5.889653e-04   2.836118e-17   23264038
  4.764637e-01   1.277217e-13   5.889570e-04   2.780561e-17   23464210
  4.785045e-01   1.257697e-13   5.893101e-04   2.726789e-17   23679208
  4.805453e-01   1.237919e-13   5.889894e-04   2.676084e-17   23868658
  4.825856e-01   1.217999e-13   5.889440e-04   2.624751e-17   24070582
  4.846259e-01   1.199991e-13   5.890549e-04   2.574520e-17   24278842
  4.866664e-01   1.181187e-13   5.890268e-04   2.528430e-17   24482272
  4.887069e-01   1.163035e-13   5.890750e-04   2.481734e-17   24689510
  4.907474e-01   1.145435e-13   5.890195e-04   2.436537e-17   24894634
  4.927881e-01   1.128383e-13   5.891565e-04   2.390860e-17   25108474
  4.948289e-01   1.110977e-13   5.890919e-04   2.347991e-17   25313116
  4.968692e-01   1.094368e-13   5.889389e-04   2.305714e-17   25515970
  4.989095e-01   1.077887e-13   5.889848e-04   2.263882e-17   25727962
  5.009501e-01   1.061624e-13   5.892016e-04   2.221434e-17   25948954
  5.029911e-01   1.045864e-13   5.891242e-04   2.182487e-17   26157220
  5.050312e-01   1.030483e-13   5.887329e-04   2.144747e-17   26351546
  5.070713e-01   1.015325e-13   5.891599e-04   2.106879e-17   26585314
  5.091124e-01   1.000334e-13   5.891783e-04   2.068256e-17   26800630
  5.111529e-01   9.853825e-14   5.889142e-04   2.033256e-17   27003376
  5.131928e-01   9.712574e-14   5.887939e-04   1.998099e-17   27213202
  5.152333e-01   9.565653e-14   5.893371e-04   1.961052e-17   27455194
  5.172745e-01   9.425751e-14   5.891605e-04   1.927345e-17   27666070
  5.193150e-01   9.297537e-14   5.888642e-04   1.896733e-17   27870280
  5.213548e-01   9.156292e-14   5.888416e-04   1.861849e-17   28088090
  5.233952e-01   9.025293e-14   5.892064e-04   1.829347e-17   28326262
  5.254363e-01   8.899921e-14   5.891855e-04   1.799441e-17   28546906
  5.274771e-01   8.767587e-14   5.890514e-04   1.768845e-17   28762552
  5.295175e-01   8.639970e-14   5.889643e-04   1.738756e-17   28979734
  5.315579e-01   8.512442e-14   5.891116e-04   1.707359e-17   29211106
  5.335984e-01   8.393139e-14   5.890058e-04   1.678594e-17   29431738
  5.356386e-01   8.277231e-14   5.888449e-04   1.651147e-17   29648776
  5.376788e-01   8.157647e-14   5.891295e-04   1.622962e-17   29888654
  5.397198e-01   8.038322e-14   5.892792e-04   1.595128e-17   30123490
  5.417605e-01   7.924160e-14   5.889187e-04   1.568704e-17   30334570
  5.438008e-01   7.815720e-14   5.889866e-04   1.543318e-17   30566524
  5.458411e-01   7.703687e-14   5.890413e-04   1.517426e-17   30798370
  5.478823e-01   7.592686e-14   5.894562e-04   1.491715e-17   31052026
  5.499229e-01   7.488921e-14   5.886551e-04   1.468185e-17   31241782
  5.519630e-01   7.381702e-14   5.891853e-04   1.442860e-17   31502128
  5.540036e-01   7.280783e-14   5.889524e-04   1.420434e-17   31721474
  5.560439e-01   7.176230e-14   5.890206e-04   1.396126e-17   31960210
  5.580845e-01   7.074658e-14   5.890910e-04   1.373922e-17   32200582
  5.601251e-01   6.979771e-14   5.889897e-04   1.352449e-17   32429512
  5.621660e-01   6.885383e-14   5.893423e-04   1.329910e-17   32685226
  5.642068e-01   6.789195e-14   5.889439e-04   1.309460e-17   32900830
  5.662468e-01   6.697744e-14   5.888631e-04   1.288262e-17   33135682
  5.682871e-01   6.603305e-14   5.890598e-04   1.267770e-17   33385288
  5.703276e-01   6.514398e-14   5.890887e-04   1.246916e-17   33625706
  5.723684e-01   6.426095e-14   5.891781e-04   1.227484e-17   33873550
  5.744087e-01   6.337544e-14   5.887629e-04   1.208861e-17   34091770
  5.764491e-01   6.253249e-14   5.892514e-04   1.190289e-17   34362160
  5.784901e-01   6.169146e-14   5.891116e-04   1.171409e-17   34597030
  5.805305e-01   6.087395e-14   5.889745e-04   1.154087e-17   34833682
  5.825710e-01   6.004166e-14   5.890769e-04   1.134359e-17   35086546
  5.846116e-01   5.924342e-14   5.890950e-04   1.118749e-17   35332420
  5.866518e-01   5.847790e-14   5.888517e-04   1.101422e-17   35564114
  5.886920e-01   5.764761e-14   5.890642e-04   1.083767e-17   35826586
  5.907326e-01   5.689978e-14   5.890274e-04   1.067774e-17   36074074
  5.927732e-01   5.614973e-14   5.890922e-04   1.051472e-17   36327004
  5.948140e-01   5.542689e-14   5.891619e-04   1.036172e-17   36580138
  5.968547e-01   5.470135e-14   5.890473e-04   1.020610e-17   36825370
  5.988952e-01   5.398049e-14   5.890096e-04   1.004923e-17   37076638
  6.009355e-01   5.326698e-14   5.889604e-04   9.902398e-18   37325632
  6.029761e-01   5.255548e-14   5.891712e-04   9.754596e-18   37592090
  6.050167e-01   5.187085e-14   5.889486e-04   9.605681e-18   37832974
  6.070568e-01   5.122385e-14   5.888939e-04   9.476958e-18   38086018
  6.090973e-01   5.051845e-14   5.891995e-04   9.318070e-18   38361616
  6.111381e-01   4.986817e-14   5.890389e-04   9.187664e-18   38608210
  6.131788e-01   4.923752e-14   5.892079e-04   9.054230e-18   38877934
  6.152192e-01   4.862246e-14   5.887809e-04   8.931573e-18   39108874
  6.172596e-01   4.797362e-14   5.892266e-04   8.794574e-18   39398656
  6.193004e-01   4.736847e-14   5.890403e-04   8.669629e-18   39645902
  6.213404e-01   4.673807e-14   5.887997e-04   8.544818e-18   39891802
  6.233811e-01   4.615786e-14   5.894056e-04   8.415720e-18   40195954
  6.254216e-01   4.556363e-14   5.886742e-04   8.302170e-18   40409056
  6.274620e-01   4.499413e-14   5.893381e-04   8.183214e-18   40719214
  6.295030e-01   4.441376e-14   5.890616e-04   8.065124e-18   40964602
  6.315433e-01   4.386310e-14   5.889302e-04   7.953525e-18   41222506
  6.335835e-01   4.328829e-14   5.889576e-04   7.836123e-18   41491060
  6.356241e-01   4.276466e-14   5.892017e-04   7.728455e-18   41775242
  6.376651e-01   4.221575e-14   5.891830e-04   7.620021e-18   42043402
  6.397057e-01   4.171339e-14   5.889444e-04   7.517524e-18   42295582
  6.417458e-01   4.115373e-14   5.888860e-04   7.407367e-18   42562282
  6.437862e-01   4.068730e-14   5.891497e-04   7.315588e-18   42852256
  6.458265e-01   4.015789e-14   5.887767e-04   7.212928e-18   43096474
  6.478673e-01   3.966453e-14   5.894924e-04   7.108722e-18   43423174
  6.499084e-01   3.917666e-14   5.889163e-04   7.016820e-18   43653706
  6.519483e-01   3.870980e-14   5.888221e-04   6.920937e-18   43920752
  6.539889e-01   3.822214e-14   5.892813e-04   6.823851e-18   44230510
  6.560299e-01   3.775966e-14   5.891350e-04   6.730502e-18   44496178
  6.580701e-01   3.728660e-14   5.887384e-04   6.641846e-18   44743978
  6.601104e-01   3.682463e-14   5.892343e-04   6.550914e-18   45058492
  6.621512e-01   3.638301e-14   5.890803e-04   6.466015e-18   45325234
  6.641921e-01   3.596130e-14   5.891943e-04   6.385175e-18   45614434
  6.662326e-01   3.552507e-14   5.889457e-04   6.299838e-18   45876514
  6.682729e-01   3.508639e-14   5.889645e-04   6.212721e-18   46159076
  6.703132e-01   3.466885e-14   5.890762e-04   6.129311e-18   46448722
  6.723539e-01   3.425916e-14   5.891439e-04   6.052325e-18   46738210
  6.743945e-01   3.384357e-14   5.889835e-04   5.971786e-18   47010094
  6.764347e-01   3.343543e-14   5.889403e-04   5.895496e-18   47291608
  6.784751e-01   3.305203e-14   5.890608e-04   5.823761e-18   47586538
  6.805157e-01   3.265216e-14   5.890811e-04   5.748029e-18   47875162
  6.825563e-01   3.224819e-14   5.890818e-04   5.669695e-18   48164470
  6.845968e-01   3.187480e-14   5.889338e-04   5.597527e-18   48439232
  6.866374e-01   3.149288e-14   5.892484e-04   5.523528e-18   48754090
  6.886783e-01   3.113402e-14   5.890583e-04   5.457231e-18   49029406
  6.907187e-01   3.075927e-14   5.889734e-04   5.387400e-18   49313602
  6.927591e-01   3.040286e-14   5.889961e-04   5.321889e-18   49606816
  6.947992e-01   3.004818e-14   5.888581e-04   5.253062e-18   49886086
  6.968395e-01   2.969863e-14   5.891574e-04   5.188112e-18   50206858
  6.988805e-01   2.934945e-14   5.891832e-04   5.121426e-18   50504674
  7.009210e-01   2.900020e-14   5.888745e-04   5.055108e-18   50771552
  7.029616e-01   2.867789e-14   5.892780e-04   4.995705e-18   51101686
  7.050023e-01   2.834254e-14   5.889489e-04   4.934819e-18   51370378
  7.070426e-01   2.801885e-14   5.889825e-04   4.875591e-18   51672682
  7.090831e-01   2.770089e-14   5.890985e-04   4.815282e-18   51980788
  7.111236e-01   2.739844e-14   5.890280e-04   4.759035e-18   52272682
  7.131641e-01   2.707081e-14   5.890792e-04   4.700628e-18   52579498
  7.152047e-01   2.676742e-14   5.890023e-04   4.643808e-18   52874566
  7.172449e-01   2.646015e-14   5.889167e-04   4.585933e-18   53167808
  7.192858e-01   2.616978e-14   5.894268e-04   4.532303e-18   53515714
  7.213267e-01   2.586460e-14   5.888931e-04   4.476146e-18   53772202
  7.233667e-01   2.557297e-14   5.888686e-04   4.426849e-18   54076486
  7.254071e-01   2.529982e-14   5.891300e-04   4.375585e-18   54404584
  7.274479e-01   2.501315e-14   5.891493e-04   4.322510e-18   54711802
  7.294882e-01   2.473147e-14   5.888354e-04   4.270121e-18   54991006
  7.315285e-01   2.445490e-14   5.891199e-04   4.219620e-18   55327306
  7.335692e-01   2.418298e-14   5.890696e-04   4.171784e-18   55630256
  7.356096e-01   2.391284e-14   5.889727e-04   4.124685e-18   55929562
  7.376503e-01   2.365647e-14   5.891964e-04   4.077380e-18   56263678
  7.396911e-01   2.338807e-14   5.890745e-04   4.026980e-18   56564050
  7.417316e-01   2.313972e-14   5.889839e-04   3.984246e-18   56866744
  7.437721e-01   2.288356e-14   5.891183e-04   3.937179e-18   57191926
  7.458128e-01   2.262097e-14   5.890701e-04   3.887756e-18   57502690
  7.478532e-01   2.237011e-14   5.889499e-04   3.844429e-18   57807346
  7.498935e-01   2.212316e-14   5.890311e-04   3.800056e-18   58128860
  7.519342e-01   2.189894e-14   5.891800e-04   3.762059e-18   58460482
  7.539749e-01   2.165930e-14   5.890194e-04   3.718750e-18   58763242
  7.560154e-01   2.141768e-14   5.890230e-04   3.677532e-18   59082106
  7.580559e-01   2.119659e-14   5.890890e-04   3.635179e-18   59407348
  7.600966e-01   2.096360e-14   5.891168e-04   3.594399e-18   59728954
  7.621372e-01   2.074216e-14   5.890591e-04   3.557363e-18   60046258
  7.641776e-01   2.051418e-14   5.889475e-04   3.515093e-18   60357214
  7.662176e-01   2.029804e-14   5.888944e-04   3.477505e-18   60673376
  7.682580e-01   2.008883e-14   5.891314e-04   3.441477e-18   61021858
  7.702985e-01   1.987162e-14   5.889623e-04   3.403923e-18   61328446
  7.723391e-01   1.966516e-14   5.891467e-04   3.364928e-18   61674178
  7.743799e-01   1.945929e-14   5.890894e-04   3.331315e-18   61993840
  7.764203e-01   1.925384e-14   5.889881e-04   3.295350e-18   62309914
  7.784609e-01   1.904902e-14   5.891064e-04   3.258958e-18   62652022
  7.805015e-01   1.885373e-14   5.890586e-04   3.223452e-18   62975410
  7.825417e-01   1.865139e-14   5.888216e-04   3.189826e-18   63279512
  7.845823e-01   1.846235e-14   5.893386e-04   3.156295e-18   63665182
  7.866232e-01   1.826567e-14   5.889600e-04   3.123398e-18   63955858
  7.886636e-01   1.808135e-14   5.890392e-04   3.091062e-18   64297714
  7.907041e-01   1.789738e-14   5.890386e-04   3.059089e-18   64629700
  7.927448e-01   1.770533e-14   5.891524e-04   3.027209e-18   64975930
  7.947853e-01   1.752907e-14   5.889366e-04   2.994642e-18   65286826
  7.968255e-01   1.735442e-14   5.889848e-04   2.967052e-18   65628514
  7.988660e-01   1.717266e-14   5.890932e-04   2.935398e-18   65976716
  8.009067e-01   1.699459e-14   5.891188e-04   2.902409e-18   66316330
  8.029474e-01   1.682320e-14   5.891266e-04   2.872950e-18   66656650
  8.049878e-01   1.665244e-14   5.888988e-04   2.844510e-18   66970006
  8.070280e-01   1.648339e-14   5.890021e-04   2.816075e-18   67322080
  8.090687e-01   1.632529e-14   5.891875e-04   2.789431e-18   67682866
  8.111095e-01   1.616078e-14   5.890847e-04   2.761650e-18   68012842
  8.131499e-01   1.599552e-14   5.889318e-04   2.734312e-18   68339494
  8.151899e-01   1.583520e-14   5.888723e-04   2.705831e-18   68675096
  8.172305e-01   1.568158e-14   5.892538e-04   2.679761e-18   69064042
  8.192714e-01   1.552171e-14   5.890856e-04   2.650930e-18   69389686
  8.213121e-01   1.536705e-14   5.890987e-04   2.624242e-18   69738706
  8.233525e-01   1.521513e-14   5.888963e-04   2.601290e-18   70061896
  8.253928e-01   1.507646e-14   5.890583e-04   2.577460e-18   70425790
  8.274334e-01   1.492241e-14   5.891196e-04   2.550745e-18   70782370
  8.294740e-01   1.477481e-14   5.889724e-04   2.526089e-18   71116186
  8.315144e-01   1.462528e-14   5.890852e-04   2.499858e-18   71480024
  8.335549e-01   1.449683e-14   5.889597e-04   2.479347e-18   71814742
  8.355952e-01   1.435252e-14   5.890040e-04   2.454377e-18   72171202
  8.376358e-01   1.420791e-14   5.891439e-04   2.429449e-18   72543490
  8.396764e-01   1.407337e-14   5.889798e-04   2.407803e-18   72876820
  8.417169e-01   1.394148e-14   5.891365e-04   2.385309e-18   73248754
  8.437576e-01   1.380430e-14   5.891037e-04   2.362292e-18   73600714
  8.457981e-01   1.367753e-14   5.889516e-04   2.341205e-18   73939270
  8.478382e-01   1.354311e-14   5.889091e-04   2.317643e-18   74291714
  8.498788e-01   1.341564e-14   5.891854e-04   2.297883e-18   74682904
  8.519197e-01   1.329387e-14   5.891690e-04   2.277688e-18   75039298
  8.539602e-01   1.316132e-14   5.889132e-04   2.253885e-18   75368014
  8.560003e-01   1.303864e-14   5.889846e-04   2.235530e-18   75738490
  8.580410e-01   1.291464e-14   5.891817e-04   2.212802e-18   76124728
  8.600820e-01   1.279472e-14   5.891792e-04   2.193777e-18   76485862
  8.621224e-01   1.267556e-14   5.888897e-04   2.173898e-18   76813090
  8.641626e-01   1.255804e-14   5.890167e-04   2.153426e-18   77193586
  8.662032e-01   1.243957e-14   5.891008e-04   2.134588e-18   77568920
  8.682439e-01   1.232406e-14   5.890797e-04   2.115594e-18   77932510
  8.702844e-01   1.220930e-14   5.890060e-04   2.096105e-18   78289906
  8.723247e-01   1.209542e-14   5.889774e-04   2.076985e-18   78654682
  8.743654e-01   1.199414e-14   5.891909e-04   2.061080e-18   79049980
  8.764061e-01   1.188300e-14   5.890049e-04   2.042486e-18   79394074
  8.784467e-01   1.176577e-14   5.891673e-04   2.021879e-18   79787746
  8.804872e-01   1.166429e-14   5.888641e-04   2.007656e-18   80116310
  8.825277e-01   1.156157e-14   5.892283e-04   1.989682e-18   80537248
  8.845683e-01   1.145370e-14   5.889696e-04   1.971285e-18   80874346
  8.866088e-01   1.134991e-14   5.890951e-04   1.954290e-18   81267106
  8.886491e-01   1.125125e-14   5.888459e-04   1.938267e-18   81607390
  8.906896e-01   1.115441e-14   5.892322e-04   1.922231e-18   82033216
  8.927304e-01   1.105321e-14   5.890849e-04   1.905644e-18   82389442
  8.947709e-01   1.095517e-14   5.890077e-04   1.890244e-18   82756750
  8.968112e-01   1.085429e-14   5.889537e-04   1.873903e-18   83127570
  8.988518e-01   1.076517e-14   5.891942e-04   1.859347e-18   83539896
  9.008923e-01   1.066619e-14   5.889042e-04   1.842931e-18   83876998
  9.029325e-01   1.057008e-14   5.889931e-04   1.826520e-18   84272266
  9.049728e-01   1.048104e-14   5.889738e-04   1.811532e-18   84651082
  9.070134e-01   1.039062e-14   5.891428e-04   1.798099e-18   85056616
  9.090543e-01   1.029827e-14   5.891807e-04   1.781986e-18   85445494
  9.110948e-01   1.021086e-14   5.889254e-04   1.768417e-18   85792786
  9.131350e-01   1.011590e-14   5.889368e-04   1.751710e-18   86180690
  9.151757e-01   1.003603e-14   5.892597e-04   1.738679e-18   86612164
  9.172167e-01   9.951149e-15   5.890802e-04   1.725654e-18   86971186
  9.192569e-01   9.866580e-15   5.888405e-04   1.712781e-18   87324466
  9.212972e-01   9.783457e-15   5.891010e-04   1.699710e-18   87752002
  9.233379e-01   9.700856e-15   5.890933e-04   1.684527e-18   88139236
  9.253786e-01   9.617820e-15   5.891287e-04   1.671032e-18   88533010
  9.274193e-01   9.533973e-15   5.890668e-04   1.658281e-18   88915954
  9.294595e-01   9.453744e-15   5.888228e-04   1.645536e-18   89270822
  9.314999e-01   9.378376e-15   5.891979e-04   1.632984e-18   89718808
  9.335406e-01   9.303997e-15   5.890541e-04   1.621740e-18   90089986
  9.355812e-01   9.222260e-15   5.890655e-04   1.608044e-18   90486622
  9.376216e-01   9.142938e-15   5.889861e-04   1.594071e-18   90871474
  9.396619e-01   9.072123e-15   5.889761e-04   1.584030e-18   91264264
  9.417025e-01   8.997854e-15   5.891416e-04   1.571360e-18   91685746
  9.437433e-01   8.920502e-15   5.891100e-04   1.557953e-18   92079934
  9.457837e-01   8.854454e-15   5.889511e-04   1.549127e-18   92453258
  9.478243e-01   8.780788e-15   5.891894e-04   1.536574e-18   92890216
  9.498651e-01   8.707571e-15   5.890426e-04   1.524166e-18   93266086
  9.519055e-01   8.638182e-15   5.890148e-04   1.513785e-18   93664042
  9.539457e-01   8.565128e-15   5.889223e-04   1.501548e-18   94053754
  9.559861e-01   8.502095e-15   5.890673e-04   1.492313e-18   94478140
  9.580268e-01   8.432562e-15   5.891065e-04   1.480543e-18   94886986
  9.600674e-01   8.363756e-15   5.890780e-04   1.469219e-18   95286706
  9.621079e-01   8.296471e-15   5.889851e-04   1.457912e-18   95678762
  9.641484e-01   8.237297e-15   5.890983e-04   1.449798e-18   96104164
  9.661890e-01   8.171769e-15   5.890216e-04   1.438360e-18   96496690
  9.682295e-01   8.105638e-15   5.890990e-04   1.428246e-18   96918514
  9.702700e-01   8.043004e-15   5.889726e-04   1.417898e-18   97307278
  9.723103e-01   7.983140e-15   5.889587e-04   1.408844e-18   97714024
  9.743507e-01   7.920560e-15   5.890832e-04   1.399559e-18   98144122
  9.763914e-01   7.858058e-15   5.891285e-04   1.388336e-18   98563450
  9.784320e-01   7.800518e-15   5.890115e-04   1.379609e-18   98958470
  9.804726e-01   7.736309e-15   5.891125e-04   1.369171e-18   99387304
  9.825132e-01   7.682796e-15   5.890140e-04   1.361120e-18   99783106
  9.845537e-01   7.621130e-15   5.890821e-04   1.350957e-18   100210006
  9.865943e-01   7.566028e-15   5.890932e-04   1.342861e-18   100629538
  9.886348e-01   7.506905e-15   5.889573e-04   1.332545e-18   101022376
  9.906752e-01   7.451916e-15   5.890929e-04   1.323283e-18   101460742
  9.927158e-01   7.395787e-15   5.890716e-04   1.314945e-18   101877442
  9.947564e-01   7.343886e-15   5.890420e-04   1.306383e-18   102292778
  9.967968e-01   7.286228e-15   5.890077e-04   1.297575e-18   102706408
  9.988372e-01   7.234905e-15   5.889909e-04   1.290331e-18   103122910
  1.000878e+00   7.181869e-15   5.892507e-04   1.281150e-18   103590466
  1.002919e+00   7.128267e-15   5.888999e-04   1.272290e-18   103954594
  1.004959e+00   7.076894e-15   5.890683e-04   1.265492e-18   104405908
  1.006999e+00   7.029542e-15   5.890337e-04   1.257754e-18   104822674
  1.009040e+00   6.977935e-15   5.890259e-04   1.249271e-18   105248338
  1.011080e+00   6.928858e-15   5.890549e-04   1.241127e-18   105680174
  1.013121e+00   6.875370e-15   5.890587e-04   1.233172e-18   106107160
  1.015162e+00   6.827727e-15   5.890621e-04   1.225692e-18   106532746
  1.017202e+00   6.784173e-15   5.891714e-04   1.218988e-18   106983178
  1.019243e+00   6.732447e-15   5.889310e-04   1.210783e-18   107371678
  1.021283e+00   6.685348e-15   5.890781e-04   1.203218e-18   107825992
  1.023324e+00   6.640039e-15   5.890801e-04   1.196436e-18   108256762
  1.025365e+00   6.592584e-15   5.891196e-04   1.189202e-18   108697078
  1.027405e+00   6.545953e-15   5.888618e-04   1.181105e-18   109084106
  1.029445e+00   6.502496e-15   5.891123e-04   1.174950e-18   109563256
  1.031486e+00   6.461180e-15   5.890696e-04   1.168632e-18   109987786
  1.033526e+00   6.416058e-15   5.889856e-04   1.161564e-18   110410582
  1.035567e+00   6.369726e-15   5.890199e-04   1.153494e-18   110853658
  1.037607e+00   6.328064e-15   5.890374e-04   1.147949e-18   111292432
  1.039648e+00   6.285295e-15   5.891366e-04   1.141375e-18   111749038
  1.041688e+00   6.243651e-15   5.890194e-04   1.134946e-18   112167322
  1.043729e+00   6.202264e-15   5.889359e-04   1.128651e-18   112593170
  1.045769e+00   6.160149e-15   5.890781e-04   1.121819e-18   113059180
  1.047810e+00   6.123365e-15   5.891946e-04   1.116239e-18   113522842
  1.049851e+00   6.082223e-15   5.890529e-04   1.109810e-18   113938834
  1.051891e+00   6.039950e-15   5.889550e-04   1.103338e-18   114363730
  1.053931e+00   6.001483e-15   5.890529e-04   1.097841e-18   114826132
  1.055972e+00   5.965748e-15   5.891222e-04   1.092583e-18   115283146
  1.058013e+00   5.926790e-15   5.890429e-04   1.086006e-18   115714858
  1.060053e+00   5.889016e-15   5.889720e-04   1.080342e-18   116148350
  1.062094e+00   5.851325e-15   5.890966e-04   1.074468e-18   116621074
  1.064134e+00   5.816896e-15   5.891391e-04   1.069406e-18   117076912
  1.066175e+00   5.780763e-15   5.888940e-04   1.064065e-18   117476014
  1.068215e+00   5.740648e-15   5.891403e-04   1.057708e-18   117977266
  1.070256e+00   5.704540e-15   5.890586e-04   1.052295e-18   118411330
  1.072296e+00   5.671640e-15   5.890633e-04   1.047397e-18   118863808
  1.074337e+00   5.639588e-15   5.890300e-04   1.043026e-18   119309926
  1.076377e+00   5.602592e-15   5.889436e-04   1.037234e-18   119746154
  1.078418e+00   5.566340e-15   5.890425e-04   1.031922e-18   120222466
  1.080458e+00   5.534320e-15   5.891283e-04   1.027186e-18   120693652
  1.082499e+00   5.501843e-15   5.890784e-04   1.022053e-18   121138738
  1.084539e+00   5.466881e-15   5.890289e-04   1.016332e-18   121586722
  1.086580e+00   5.436492e-15   5.890313e-04   1.012819e-18   122046106
  1.088620e+00   5.406685e-15   5.889919e-04   1.008692e-18   122497588
  1.090661e+00   5.373145e-15   5.891764e-04   1.002556e-18   122993482
  1.092701e+00   5.339281e-15   5.889184e-04   9.977150e-19   123400850
  1.094742e+00   5.307218e-15   5.891205e-04   9.931145e-19   123906406
  1.096782e+00   5.280069e-15   5.889599e-04   9.895027e-19   124333864
  1.098823e+00   5.247578e-15   5.891264e-04   9.841984e-19   124831762
  1.100863e+00   5.218794e-15   5.889890e-04   9.809230e-19   125266318
  1.102904e+00   5.189334e-15   5.889958e-04   9.762752e-19   125733850
  1.104944e+00   5.163502e-15   5.891866e-04   9.729622e-19   126239536
  1.106985e+00   5.134088e-15   5.891189e-04   9.684343e-19   126690322
  1.109026e+00   5.102382e-15   5.888320e-04   9.638543e-19   127097390
  1.111066e+00   5.072338e-15   5.891291e-04   9.593045e-19   127630450
  1.113106e+00   5.047714e-15   5.889674e-04   9.568575e-19   128063512
  1.115147e+00   5.019607e-15   5.890953e-04   9.523221e-19   128559646
  1.117188e+00   4.992865e-15   5.891693e-04   9.490856e-19   129048946
  1.119228e+00   4.963063e-15   5.890550e-04   9.441063e-19   129496258
  1.121269e+00   4.939007e-15   5.889277e-04   9.414579e-19   129937804
  1.123309e+00   4.913178e-15   5.891485e-04   9.375503e-19   130460146
  1.125350e+00   4.885885e-15   5.889861e-04   9.336442e-19   130899986
  1.127390e+00   4.859279e-15   5.891261e-04   9.298700e-19   131408914
  1.129431e+00   4.836441e-15   5.889186e-04   9.273301e-19   131836660
  1.131471e+00   4.809742e-15   5.890882e-04   9.236224e-19   132349330
  1.133512e+00   4.782555e-15   5.890483e-04   9.198086e-19   132821674
  1.135552e+00   4.759781e-15   5.890400e-04   9.169597e-19   133298662
  1.137593e+00   4.737033e-15   5.891067e-04   9.143832e-19   133791832
  1.139634e+00   4.712429e-15   5.890647e-04   9.109134e-19   134261290
  1.141674e+00   4.688299e-15   5.890171e-04   9.076700e-19   134732858
  1.143714e+00   4.663376e-15   5.890143e-04   9.043791e-19   135217750
  1.145755e+00   4.640602e-15   5.890521e-04   9.017361e-19   135706048
  1.147795e+00   4.618935e-15   5.890013e-04   8.991313e-19   136176274
  1.149836e+00   4.593758e-15   5.891442e-04   8.956771e-19   136696294
  1.151877e+00   4.572519e-15   5.890157e-04   8.936405e-19   137152594
  1.153917e+00   4.549840e-15   5.890673e-04   8.904098e-19   137650312
  1.155958e+00   4.528427e-15   5.890043e-04   8.879046e-19   138119974
  1.157998e+00   4.505354e-15   5.890392e-04   8.851521e-19   138618410
  1.160039e+00   4.484270e-15   5.890651e-04   8.827915e-19   139115074
  1.162079e+00   4.463995e-15   5.890480e-04   8.804307e-19   139598296
  1.164120e+00   4.444209e-15   5.890599e-04   8.786073e-19   140091382
  1.166160e+00   4.420719e-15   5.889800e-04   8.752781e-19   140564770
  1.168201e+00   4.399848e-15   5.890380e-04   8.729794e-19   141072898
  1.170241e+00   4.378805e-15   5.891634e-04   8.706462e-19   141593980
  1.172282e+00   4.361348e-15   5.890131e-04   8.688419e-19   142050106
  1.174322e+00   4.340967e-15   5.889663e-04   8.670721e-19   142536194
  1.176362e+00   4.318617e-15   5.889976e-04   8.640997e-19   143040214
  1.178403e+00   4.300918e-15   5.892475e-04   8.633432e-19   143596672
  1.180444e+00   4.280908e-15   5.888530e-04   8.609149e-19   143996722
  1.182484e+00   4.263946e-15   5.891408e-04   8.597981e-19   144568426
  1.184525e+00   4.242805e-15   5.890931e-04   8.575370e-19   145057342
  1.186565e+00   4.224036e-15   5.890250e-04   8.558741e-19   145537888
  1.188606e+00   4.206491e-15   5.891118e-04   8.540391e-19   146059714
  1.190647e+00   4.186948e-15   5.890160e-04   8.529327e-19   146538542
  1.192687e+00   4.168682e-15   5.889612e-04   8.513810e-19   147029794
  1.194727e+00   4.151492e-15   5.891413e-04   8.504134e-19   147577264
  1.196768e+00   4.135099e-15   5.890795e-04   8.492274e-19   148064890
  1.198809e+00   4.114989e-15   5.890221e-04   8.476913e-19   148557886
  1.200849e+00   4.095372e-15   5.890890e-04   8.458427e-19   149080594
  1.202890e+00   4.078531e-15   5.889584e-04   8.449445e-19   149553256
  1.204930e+00   3.975909e-15   5.891253e-04   8.259108e-19   150102646
  1.206970e+00   3.150394e-15   5.889829e-04   6.287620e-19   150339167
  1.209010e+00   3.019670e-15   5.890378e-04   5.958645e-19   150110332
  1.211051e+00   2.891758e-15   5.890631e-04   5.642096e-19   149857372
  1.213091e+00   2.772347e-15   5.890038e-04   5.350491e-19   149584516
  1.215132e+00   2.657858e-15   5.890566e-04   5.076046e-19   149337736
  1.217172e+00   2.549285e-15   5.890107e-04   4.810781e-19   149061952
  1.219213e+00   2.449963e-15   5.890279e-04   4.577588e-19   148802188
  1.221253e+00   2.352775e-15   5.891076e-04   4.346277e-19   148556272
  1.223294e+00   2.262248e-15   5.890259e-04   4.133881e-19   148269512
  1.225334e+00   2.176239e-15   5.890700e-04   3.935431e-19   148010200
  1.227375e+00   2.095231e-15   5.890129e-04   3.748156e-19   147723904
  1.229415e+00   2.017897e-15   5.891133e-04   3.573719e-19   147477676
  1.231456e+00   1.944752e-15   5.890481e-04   3.409981e-19   147185992
  1.233497e+00   1.875569e-15   5.890127e-04   3.255275e-19   146900644
  1.235537e+00   1.809184e-15   5.890504e-04   3.108984e-19   146631880
  1.237577e+00   1.747025e-15   5.889396e-04   2.973289e-19   146325472
  1.239618e+00   1.686717e-15   5.890584e-04   2.841823e-19   146072660
  1.241659e+00   1.631016e-15   5.891863e-04   2.722994e-19   145819096
  1.243699e+00   1.576810e-15   5.890275e-04   2.606766e-19   145495612
  1.245740e+00   1.525074e-15   5.890387e-04   2.497460e-19   145211068
  1.247780e+00   1.475831e-15   5.890718e-04   2.393067e-19   144930616
  1.249821e+00   1.429739e-15   5.890299e-04   2.298226e-19   144629560
  1.251861e+00   1.384997e-15   5.889711e-04   2.207833e-19   144324232
  1.253902e+00   1.341517e-15   5.890914e-04   2.119021e-19   144060712
  1.255942e+00   1.301433e-15   5.890700e-04   2.037498e-19   143757068
  1.257983e+00   1.262174e-15   5.890809e-04   1.960176e-19   143463640
  1.260023e+00   1.224617e-15   5.890221e-04   1.885514e-19   143150992
  1.262064e+00   1.189681e-15   5.890436e-04   1.817581e-19   142855228
  1.264104e+00   1.155310e-15   5.890956e-04   1.749969e-19   142566664
  1.266145e+00   1.122329e-15   5.891031e-04   1.686482e-19   142262920
  1.268186e+00   1.091002e-15   5.888973e-04   1.626578e-19   141909196
  1.270226e+00   1.061031e-15   5.891356e-04   1.569321e-19   141658924
  1.272267e+00   1.032198e-15   5.890375e-04   1.515058e-19   141324932
  1.274307e+00   1.004281e-15   5.891107e-04   1.463197e-19   141033184
  1.276348e+00   9.774417e-16   5.889751e-04   1.413815e-19   140687188
  1.278388e+00   9.519657e-16   5.891350e-04   1.366865e-19   140411716
  1.280429e+00   9.272197e-16   5.889705e-04   1.321943e-19   140055724
  1.282469e+00   9.036907e-16   5.890588e-04   1.279802e-19   139758220
  1.284510e+00   8.809861e-16   5.890757e-04   1.239077e-19   139444756
  1.286550e+00   8.586276e-16   5.890521e-04   1.199557e-19   139116736
  1.288591e+00   8.375265e-16   5.889672e-04   1.162352e-19   138773468
  1.290631e+00   8.170508e-16   5.890066e-04   1.126501e-19   138458392
  1.292672e+00   7.977177e-16   5.891008e-04   1.093143e-19   138154300
  1.294712e+00   7.786585e-16   5.890757e-04   1.060368e-19   137819908
  1.296753e+00   7.604848e-16   5.890203e-04   1.029386e-19   137475340
  1.298793e+00   7.427987e-16   5.891002e-04   9.993415e-20   137163196
  1.300834e+00   7.256907e-16   5.890331e-04   9.710355e-20   136814716
  1.302874e+00   7.091240e-16   5.890577e-04   9.431031e-20   136485964
  1.304915e+00   6.931485e-16   5.889350e-04   9.171792e-20   136120808
  1.306955e+00   6.777952e-16   5.891045e-04   8.916218e-20   135821260
  1.308996e+00   6.628592e-16   5.890895e-04   8.674975e-20   135477340
  1.311037e+00   6.488188e-16   5.890947e-04   8.449322e-20   135135100
  1.313077e+00   6.343568e-16   5.889964e-04   8.214624e-20   134770696
  1.315117e+00   6.210090e-16   5.890487e-04   8.007123e-20   134437708
  1.317158e+00   6.079385e-16   5.889430e-04   7.799039e-20   134066500
  1.319198e+00   5.953885e-16   5.890907e-04   7.600633e-20   133752712
  1.321239e+00   5.831489e-16   5.891051e-04   7.410611e-20   133404284
  1.323280e+00   5.710470e-16   5.890537e-04   7.224317e-20   133041004
  1.325320e+00   5.595352e-16   5.890913e-04   7.047758e-20   132694456
  1.327361e+00   5.483418e-16   5.889810e-04   6.874359e-20   132313660
  1.329401e+00   5.373987e-16   5.891286e-04   6.709384e-20   131991472
  1.331442e+00   5.269604e-16   5.890126e-04   6.555514e-20   131604388
  1.333482e+00   5.167320e-16   5.890111e-04   6.402886e-20   131243368
  1.335523e+00   5.066797e-16   5.891086e-04   6.252113e-20   130902220
  1.337563e+00   4.969982e-16   5.889468e-04   6.109687e-20   130501724
  1.339604e+00   4.876518e-16   5.890756e-04   5.974593e-20   130164916
  1.341644e+00   4.786725e-16   5.890219e-04   5.843749e-20   129783760
  1.343685e+00   4.698474e-16   5.892039e-04   5.715142e-20   129455752
  1.345726e+00   4.611303e-16   5.889634e-04   5.593930e-20   129031288
  1.347766e+00   4.528406e-16   5.889860e-04   5.475018e-20   128662564
  1.349806e+00   4.445980e-16   5.890285e-04   5.358185e-20   128297836
  1.351847e+00   4.367655e-16   5.890303e-04   5.250043e-20   127920652
  1.353887e+00   4.290902e-16   5.891574e-04   5.141484e-20   127571336
  1.355928e+00   4.214636e-16   5.890300e-04   5.038356e-20   127164388
  1.357968e+00   4.142506e-16   5.889234e-04   4.938310e-20   126760960
  1.360009e+00   4.072451e-16   5.890605e-04   4.843877e-20   126407464
  1.362049e+00   4.000842e-16   5.891461e-04   4.744828e-20   126039568
  1.364090e+00   3.934699e-16   5.890104e-04   4.656672e-20   125624524
  1.366130e+00   3.869553e-16   5.891311e-04   4.570581e-20   125261068
  1.368171e+00   3.805240e-16   5.890585e-04   4.484242e-20   124856200
  1.370211e+00   3.743260e-16   5.888774e-04   4.403753e-20   124426292
  1.372252e+00   3.682570e-16   5.891363e-04   4.321967e-20   124087552
  1.374293e+00   3.623325e-16   5.890612e-04   4.246799e-20   123676768
  1.376333e+00   3.565727e-16   5.890393e-04   4.172397e-20   123273472
  1.378374e+00   3.509159e-16   5.891145e-04   4.099624e-20   122890852
  1.380414e+00   3.453369e-16   5.889878e-04   4.027943e-20   122463208
  1.382455e+00   3.399739e-16   5.890796e-04   3.958796e-20   122080756
  1.384495e+00   3.347106e-16   5.890985e-04   3.894610e-20   121682008
  1.386536e+00   3.296545e-16   5.888846e-04   3.832104e-20   121230104
  1.388576e+00   3.245600e-16   5.891923e-04   3.766892e-20   120886588
  1.390617e+00   3.197642e-16   5.888887e-04   3.707624e-20   120414880
  1.392657e+00   3.150588e-16   5.890786e-04   3.650390e-20   120043228
  1.394698e+00   3.102721e-16   5.891454e-04   3.591744e-20   119645356
  1.396738e+00   3.057856e-16   5.890259e-04   3.538602e-20   119205016
  1.398779e+00   3.014069e-16   5.890851e-04   3.485919e-20   118802680
  1.400819e+00   2.970109e-16   5.890625e-04   3.432193e-20   118379512
  1.402860e+00   2.927805e-16   5.889283e-04   3.384298e-20   117932660
  1.404900e+00   2.886854e-16   5.891761e-04   3.335098e-20   117563104
  1.406941e+00   2.846638e-16   5.890196e-04   3.288967e-20   117107632
  1.408982e+00   2.806254e-16   5.891150e-04   3.241445e-20   116702908
  1.411022e+00   2.767501e-16   5.889719e-04   3.197493e-20   116248540
  1.413062e+00   2.730147e-16   5.890825e-04   3.153730e-20   115842928
  1.415103e+00   2.693338e-16   5.890403e-04   3.112226e-20   115405216
  1.417143e+00   2.657345e-16   5.889673e-04   3.070950e-20   114957772
  1.419184e+00   2.621738e-16   5.891401e-04   3.030251e-20   114559364
  1.421225e+00   2.587559e-16   5.890398e-04   2.993057e-20   114104656
  1.423265e+00   2.553300e-16   5.890042e-04   2.955392e-20   113661280
  1.425306e+00   2.520463e-16   5.890785e-04   2.919922e-20   113237740
  1.427346e+00   2.487795e-16   5.889403e-04   2.884245e-20   112770880
  1.429386e+00   2.455523e-16   5.891022e-04   2.849445e-20   112359904
  1.431427e+00   2.424726e-16   5.891129e-04   2.815120e-20   111916864
  1.433468e+00   2.394065e-16   5.890529e-04   2.782569e-20   111460696
  1.435508e+00   2.364327e-16   5.889325e-04   2.752313e-20   110991224
  1.437549e+00   2.335768e-16   5.891042e-04   2.722326e-20   110575528
  1.439589e+00   2.306920e-16   5.891179e-04   2.691748e-20   110127664
  1.441630e+00   2.278965e-16   5.888211e-04   2.664678e-20   109618288
  1.443670e+00   2.251537e-16   5.892718e-04   2.634537e-20   109249240
  1.445711e+00   2.224955e-16   5.890165e-04   2.608347e-20   108746104
  1.447751e+00   2.197722e-16   5.889973e-04   2.580402e-20   108286000
  1.449792e+00   2.171421e-16   5.890817e-04   2.552957e-20   107843224
  1.451832e+00   2.146939e-16   5.889854e-04   2.528436e-20   107363840
  1.453873e+00   2.121814e-16   5.890974e-04   2.503678e-20   106923976
  1.455913e+00   2.097821e-16   5.890747e-04   2.481199e-20   106454320
  1.457954e+00   2.074417e-16   5.890821e-04   2.458456e-20   105989452
  1.459995e+00   2.050483e-16   5.890542e-04   2.435210e-20   105518308
  1.462035e+00   2.026705e-16   5.889452e-04   2.412594e-20   105028288
  1.464075e+00   2.005248e-16   5.890297e-04   2.392430e-20   104573752
  1.466116e+00   1.983414e-16   5.890543e-04   2.371766e-20   104104072
  1.468156e+00   1.961717e-16   5.890420e-04   2.352174e-20   103627328
  1.470197e+00   1.939769e-16   5.891604e-04   2.331338e-20   103172776
  1.472237e+00   1.918990e-16   5.889126e-04   2.312312e-20   102649708
  1.474278e+00   1.899225e-16   5.891801e-04   2.294582e-20   102217348
  1.476319e+00   1.878795e-16   5.889795e-04   2.276947e-20   101700736
  1.478359e+00   1.858985e-16   5.891047e-04   2.259231e-20   101239684
  1.480399e+00   1.839037e-16   5.889025e-04   2.241666e-20   100720660
  1.482440e+00   1.820240e-16   5.890941e-04   2.225193e-20   100266136
  1.484480e+00   1.802096e-16   5.890923e-04   2.209405e-20   99778100
  1.486521e+00   1.783290e-16   5.890961e-04   2.193969e-20   99287620
  1.488562e+00   1.765829e-16   5.890314e-04   2.179353e-20   98785756
  1.490602e+00   1.747738e-16   5.890200e-04   2.164102e-20   98290744
  1.492643e+00   1.730035e-16   5.890441e-04   2.149635e-20   97799956
  1.494683e+00   1.713608e-16   5.890092e-04   2.136395e-20   97297588
  1.496724e+00   1.696490e-16   5.890742e-04   2.122170e-20   96807856
  1.498764e+00   1.680255e-16   5.890937e-04   2.109583e-20   96311704
  1.500805e+00   1.664211e-16   5.889914e-04   2.097705e-20   95792888
  1.502845e+00   1.647814e-16   5.890998e-04   2.084588e-20   95307208
  1.504886e+00   1.632017e-16   5.890322e-04   2.072280e-20   94791100
  1.506926e+00   1.616293e-16   5.890218e-04   2.060220e-20   94280704
  1.508967e+00   1.602258e-16   5.891023e-04   2.050295e-20   93786136
  1.511007e+00   1.587504e-16   5.890098e-04   2.040535e-20   93259576
  1.513048e+00   1.571915e-16   5.890143e-04   2.028154e-20   92748448
  1.515088e+00   1.557911e-16   5.891043e-04   2.018799e-20   92250064
  1.517129e+00   1.543909e-16   5.889733e-04   2.009021e-20   91711820
  1.519169e+00   1.530306e-16   5.891153e-04   1.999734e-20   91217224
  1.521210e+00   1.516644e-16   5.889585e-04   1.990903e-20   90672604
  1.523250e+00   1.502939e-16   5.891610e-04   1.981369e-20   90183628
  1.525291e+00   1.489658e-16   5.890621e-04   1.972461e-20   89647216
  1.527331e+00   1.476515e-16   5.888907e-04   1.964704e-20   89094328
  1.529372e+00   1.464200e-16   5.891399e-04   1.957209e-20   88606888
  1.531412e+00   1.451550e-16   5.889473e-04   1.949237e-20   88049632
  1.533453e+00   1.438554e-16   5.891289e-04   1.940941e-20   87547700
  1.535494e+00   1.426979e-16   5.891432e-04   1.934813e-20   87018844
  1.537534e+00   1.414617e-16   5.889347e-04   1.928238e-20   86453428
  1.539575e+00   1.402445e-16   5.892172e-04   1.920200e-20   85961620
  1.541615e+00   1.390695e-16   5.889098e-04   1.914196e-20   85379956
  1.543655e+00   1.379227e-16   5.890392e-04   1.908075e-20   84860440
  1.545696e+00   1.367905e-16   5.891645e-04   1.902021e-20   84338596
  1.547737e+00   1.355951e-16   5.889823e-04   1.895418e-20   83770780
  1.549777e+00   1.345296e-16   5.890105e-04   1.890739e-20   83232380
  1.551818e+00   1.334449e-16   5.890092e-04   1.885475e-20   82685920
  1.553858e+00   1.323666e-16   5.891736e-04   1.880071e-20   82162552
  1.555899e+00   1.313212e-16   5.889481e-04   1.876378e-20   81583120
  1.557939e+00   1.302888e-16   5.890845e-04   1.871670e-20   81051772
  1.559980e+00   1.292669e-16   5.890308e-04   1.867522e-20   80492080
  1.562020e+00   1.282062e-16   5.890337e-04   1.862989e-20   79937728
  1.564061e+00   1.271952e-16   5.890974e-04   1.858829e-20   79392292
  1.566101e+00   1.261647e-16   5.889283e-04   1.855457e-20   78811832
  1.568142e+00   1.252125e-16   5.891109e-04   1.851968e-20   78277768
  1.570182e+00   1.241991e-16   5.890791e-04   1.848146e-20   77713156
  1.572223e+00   1.232029e-16   5.889841e-04   1.844630e-20   77137396
  1.574263e+00   1.223216e-16   5.891573e-04   1.841658e-20   76597252
  1.576304e+00   1.213645e-16   5.889752e-04   1.839309e-20   76006060
  1.578344e+00   1.204321e-16   5.890583e-04   1.837329e-20   75450580
  1.580385e+00   1.195261e-16   5.890719e-04   1.835069e-20   74884264
  1.582425e+00   1.185968e-16   5.888647e-04   1.833498e-20   74285432
  1.584466e+00   1.177308e-16   5.892725e-04   1.829866e-20   73765288
  1.586506e+00   1.167508e-16   5.890108e-04   1.827025e-20   73156660
  1.588547e+00   1.158754e-16   5.889540e-04   1.825706e-20   72574816
  1.590587e+00   1.149759e-16   5.892014e-04   1.823899e-20   72028000
  1.592628e+00   1.141332e-16   5.889485e-04   1.822697e-20   71415808
  1.594668e+00   1.132814e-16   5.890251e-04   1.822377e-20   70845868
  1.596709e+00   1.123740e-16   5.891156e-04   1.819188e-20   70272388
  1.598749e+00   1.114981e-16   5.890120e-04   1.818184e-20   69675308
  1.600790e+00   1.106651e-16   5.890000e-04   1.817228e-20   69088144
  1.602830e+00   1.097153e-16   5.890710e-04   1.814793e-20   68507884
  1.604871e+00   1.090137e-16   5.890512e-04   1.816884e-20   67917004
  1.606911e+00   1.080811e-16   5.890578e-04   1.813247e-20   67324480
  1.608952e+00   1.072656e-16   5.890788e-04   1.814121e-20   66733744
  1.610992e+00   1.064362e-16   5.890076e-04   1.813463e-20   66131224
  1.613033e+00   1.056057e-16   5.891093e-04   1.812048e-20   65545936
  1.615073e+00   1.048243e-16   5.889262e-04   1.813876e-20   64927556
  1.617114e+00   1.039472e-16   5.890371e-04   1.811544e-20   64338388
  1.619154e+00   1.031071e-16   5.891675e-04   1.810647e-20   63752068
  1.621195e+00   1.022781e-16   5.889776e-04   1.810668e-20   63127552
  1.623235e+00   1.014736e-16   5.890429e-04   1.811456e-20   62528716
  1.625276e+00   1.006554e-16   5.890384e-04   1.809852e-20   61921192
  1.627316e+00   9.975709e-17   5.890430e-04   1.809504e-20   61312336
  1.629357e+00   9.896650e-17   5.891104e-04   1.809516e-20   60710332
  1.631397e+00   9.818533e-17   5.888988e-04   1.810610e-20   60075140
  1.633438e+00   9.730727e-17   5.891169e-04   1.809085e-20   59484148
  1.635478e+00   9.644421e-17   5.890793e-04   1.807560e-20   58864996
  1.637519e+00   9.554554e-17   5.889698e-04   1.807110e-20   58235308
  1.639559e+00   9.479437e-17   5.890742e-04   1.807173e-20   57628036
  1.641600e+00   9.389072e-17   5.890577e-04   1.806551e-20   57004144
  1.643640e+00   9.304032e-17   5.891277e-04   1.806141e-20   56389540
  1.645681e+00   9.215615e-17   5.890631e-04   1.804683e-20   55759408
  1.647721e+00   9.121399e-17   5.888275e-04   1.802733e-20   55109720
  1.649762e+00   9.039187e-17   5.892023e-04   1.802211e-20   54519076
  1.651802e+00   8.946100e-17   5.890341e-04   1.800030e-20   53872468
  1.653843e+00   8.860276e-17   5.891088e-04   1.799427e-20   53248276
  1.655883e+00   8.766499e-17   5.889341e-04   1.796744e-20   52600132
  1.657924e+00   8.670903e-17   5.890604e-04   1.793740e-20   51976144
  1.659964e+00   8.583381e-17   5.891546e-04   1.791206e-20   51349900
  1.662005e+00   8.481332e-17   5.889908e-04   1.786718e-20   50695384
  1.664045e+00   8.380444e-17   5.890155e-04   1.781996e-20   50057984
  1.666086e+00   8.283836e-17   5.890380e-04   1.777426e-20   49419508
  1.668126e+00   8.185163e-17   5.890496e-04   1.773424e-20   48776488
  1.670167e+00   8.082548e-17   5.890648e-04   1.768294e-20   48133384
  1.672207e+00   7.968853e-17   5.889196e-04   1.758895e-20   47474236
  1.674248e+00   7.866466e-17   5.891309e-04   1.751880e-20   46843636
  1.676288e+00   7.755657e-17   5.891074e-04   1.743899e-20   46191052
  1.678329e+00   7.638658e-17   5.889792e-04   1.732598e-20   45529264
  1.680369e+00   7.534662e-17   5.890485e-04   1.726820e-20   44881736
  1.682410e+00   7.402563e-17   5.890525e-04   1.710097e-20   44225644
  1.684450e+00   7.292421e-17   5.891358e-04   1.699144e-20   43576192
  1.686491e+00   7.162238e-17   5.889794e-04   1.680892e-20   42904780
  1.688531e+00   7.033560e-17   5.889633e-04   1.663426e-20   42243280
  1.690572e+00   6.904165e-17   5.891008e-04   1.644207e-20   41592304
  1.692612e+00   6.759167e-17   5.890218e-04   1.618536e-20   40921504
  1.694653e+00   6.627359e-17   5.890829e-04   1.594881e-20   40260364
  1.696693e+00   6.472443e-17   5.888496e-04   1.565382e-20   39577280
  1.698733e+00   6.323671e-17   5.892354e-04   1.533039e-20   38934796
  1.700774e+00   6.169370e-17   5.890401e-04   1.496166e-20   38251060
  1.702814e+00   6.002894e-17   5.889828e-04   1.450989e-20   37573912
  1.704855e+00   5.835002e-17   5.889933e-04   1.401033e-20   36901072
  1.706895e+00   5.668835e-17   5.890773e-04   1.348520e-20   36243835
  1.708936e+00   5.529545e-17   5.891165e-04   1.307544e-20   35631178
  1.710977e+00   5.401848e-17   5.890339e-04   1.271402e-20   35038834
  1.713017e+00   5.289186e-17   5.889561e-04   1.240442e-20   34467356
  1.715058e+00   5.183505e-17   5.891917e-04   1.212802e-20   33932020
  1.717099e+00   5.078408e-17   5.890389e-04   1.183948e-20   33386890
  1.719139e+00   4.983172e-17   5.889525e-04   1.159406e-20   32859112
  1.721179e+00   4.893589e-17   5.890795e-04   1.137931e-20   32356054
  1.723220e+00   4.803352e-17   5.891297e-04   1.112586e-20   31858198
  1.725261e+00   4.722159e-17   5.889578e-04   1.093735e-20   31358896
  1.727301e+00   4.644733e-17   5.890306e-04   1.075859e-20   30881506
  1.729342e+00   4.569490e-17   5.890010e-04   1.057105e-20   30407522
  1.731382e+00   4.495652e-17   5.892460e-04   1.038156e-20   29957086
  1.733423e+00   4.427421e-17   5.890039e-04   1.023459e-20   29488294
  1.735463e+00   4.357944e-17   5.889085e-04   1.007151e-20   29035384
  1.737504e+00   4.291023e-17   5.890134e-04   9.927330e-21   28600522
  1.739544e+00   4.231529e-17   5.890735e-04   9.793049e-21   28168888
  1.741585e+00   4.172210e-17   5.891100e-04   9.668572e-21   27743284
  1.743625e+00   4.111192e-17   5.890873e-04   9.534746e-21   27321316
  1.745666e+00   4.057152e-17   5.888632e-04   9.409502e-21   26896532
  1.747706e+00   4.001381e-17   5.893143e-04   9.294726e-21   26509150
  1.749747e+00   3.946440e-17   5.889556e-04   9.180422e-21   26089648
  1.751787e+00   3.897726e-17   5.889177e-04   9.089127e-21   25691308
  1.753828e+00   3.848681e-17   5.891439e-04   8.986546e-21   25310632
  1.755869e+00   3.800670e-17   5.890222e-04   8.893132e-21   24918688
  1.757909e+00   3.754043e-17   5.891025e-04   8.803836e-21   24541360
  1.759949e+00   3.707799e-17   5.888725e-04   8.712775e-21   24156514
  1.761990e+00   3.666962e-17   5.890172e-04   8.641999e-21   23792042
  1.764031e+00   3.624505e-17   5.893560e-04   8.561497e-21   23440270
  1.766072e+00   3.584809e-17   5.889368e-04   8.492686e-21   23061724
  1.768111e+00   3.543767e-17   5.888399e-04   8.424818e-21   22702210
  1.770152e+00   3.507308e-17   5.891801e-04   8.358966e-21   22364644
  1.772193e+00   3.469775e-17   5.890835e-04   8.301348e-21   22012804
  1.774233e+00   3.431012e-17   5.890457e-04   8.232872e-21   21668428
  1.776274e+00   3.398485e-17   5.889348e-04   8.196841e-21   21326230
  1.778314e+00   3.363963e-17   5.889908e-04   8.135824e-21   20994284
  1.780354e+00   3.330161e-17   5.891391e-04   8.092412e-21   20669938
  1.782395e+00   3.296972e-17   5.891308e-04   8.037606e-21   20342638
  1.784436e+00   3.265646e-17   5.889063e-04   8.000644e-21   20013358
  1.786476e+00   3.236262e-17   5.892316e-04   7.965953e-21   19707214
  1.788517e+00   3.206301e-17   5.889170e-04   7.925718e-21   19381486
  1.790557e+00   3.174803e-17   5.890117e-04   7.879245e-21   19074238
  1.792598e+00   3.149367e-17   5.891567e-04   7.862286e-21   18772624
  1.794638e+00   3.122920e-17   5.888580e-04   7.838678e-21   18460526
  1.796679e+00   3.093282e-17   5.892699e-04   7.796605e-21   18174472
  1.798720e+00   3.069953e-17   5.889898e-04   7.781357e-21   17869018
  1.800760e+00   3.042854e-17   5.889083e-04   7.751639e-21   17574688
  1.802800e+00   3.020078e-17   5.892378e-04   7.741055e-21   17296672
  1.804841e+00   2.997609e-17   5.888582e-04   7.722600e-21   16999528
  1.806881e+00   2.972554e-17   5.891391e-04   7.703123e-21   16725952
  1.808922e+00   2.949869e-17   5.891464e-04   7.694774e-21   16447546
  1.810962e+00   2.928118e-17   5.888185e-04   7.685186e-21   16162976
  1.813003e+00   2.908669e-17   5.891753e-04   7.678418e-21   15901480
  1.815043e+00   2.885965e-17   5.889780e-04   7.668868e-21   15626866
  1.817084e+00   2.866509e-17   5.890869e-04   7.665709e-21   15364096
  1.819124e+00   2.846672e-17   5.890487e-04   7.659222e-21   15101074
  1.821165e+00   2.827936e-17   5.890272e-04   7.665938e-21   14840482
  1.823205e+00   2.807063e-17   5.890653e-04   7.659112e-21   14585698
  1.825246e+00   2.789509e-17   5.891264e-04   7.664279e-21   14333860
  1.827286e+00   2.771785e-17   5.887389e-04   7.673299e-21   14073794
  1.829327e+00   2.753740e-17   5.893124e-04   7.675982e-21   13840834
  1.831368e+00   2.737043e-17   5.889528e-04   7.682983e-21   13587610
  1.833408e+00   2.724673e-17   5.890132e-04   7.708281e-21   13347532
  1.835449e+00   2.706692e-17   5.891862e-04   7.710503e-21   13113010
  1.837489e+00   2.693118e-17   5.889134e-04   7.744536e-21   12870418
  1.839530e+00   2.677560e-17   5.891722e-04   7.751421e-21   12643618
  1.841570e+00   2.661438e-17   5.889276e-04   7.767355e-21   12408220
  1.843610e+00   2.648402e-17   5.888611e-04   7.796794e-21   12178826
  1.845651e+00   2.635884e-17   5.893835e-04   7.813176e-21   11965252
  1.847692e+00   2.621870e-17   5.889798e-04   7.839249e-21   11734570
  1.849732e+00   2.607461e-17   5.888108e-04   7.853593e-21   11512084
  1.851772e+00   2.594414e-17   5.892882e-04   7.887259e-21   11304874
  1.853813e+00   2.584313e-17   5.890727e-04   7.920627e-21   11085628
  1.855854e+00   2.569292e-17   5.888873e-04   7.949117e-21   10871212
  1.857894e+00   2.557780e-17   5.890526e-04   7.984157e-21   10665436
  1.859934e+00   2.548063e-17   5.887988e-04   8.017846e-21   10454018
  1.861975e+00   2.535749e-17   5.894361e-04   8.049658e-21   10261756
  1.864016e+00   2.525184e-17   5.890315e-04   8.092021e-21   10052716
  1.866056e+00   2.516391e-17   5.887366e-04   8.137989e-21   9849052
  1.868096e+00   2.507106e-17   5.891497e-04   8.188390e-21   9659884
  1.870137e+00   2.497231e-17   5.891009e-04   8.231177e-21   9464068
  1.872178e+00   2.485999e-17   5.891150e-04   8.272604e-21   9273118
  1.874218e+00   2.477019e-17   5.890493e-04   8.320883e-21   9082996
  1.876258e+00   2.469481e-17   5.885635e-04   8.381624e-21   8888324
  1.878298e+00   2.457919e-17   5.894681e-04   8.418741e-21   8717860
  1.880339e+00   2.452315e-17   5.889024e-04   8.490745e-21   8526892
  1.882380e+00   2.441664e-17   5.891160e-04   8.533873e-21   8350294
  1.884421e+00   2.436833e-17   5.892668e-04   8.609296e-21   8175196
  1.886461e+00   2.426624e-17   5.886896e-04   8.655204e-21   7991188
  1.888501e+00   2.419276e-17   5.891856e-04   8.717532e-21   7825390
  1.890542e+00   2.414463e-17   5.892269e-04   8.796446e-21   7655212
  1.892582e+00   2.405757e-17   5.885119e-04   8.869412e-21   7477166
  1.894623e+00   2.397911e-17   5.895156e-04   8.923756e-21   7324060
  1.896664e+00   2.395559e-17   5.888806e-04   9.019526e-21   7151566
  1.898704e+00   2.387207e-17   5.888852e-04   9.080424e-21   6989950
  1.900745e+00   2.382794e-17   5.894191e-04   9.173893e-21   6836908
  1.902785e+00   2.377397e-17   5.887692e-04   9.248427e-21   6671038
  1.904825e+00   2.368902e-17   5.892290e-04   9.323511e-21   6521230
  1.906866e+00   2.365499e-17   5.889874e-04   9.418958e-21   6365332
  1.908906e+00   2.359594e-17   5.884549e-04   9.518011e-21   6208238
  1.910946e+00   2.356602e-17   5.897328e-04   9.603028e-21   6073126
  1.912988e+00   2.349687e-17   5.888926e-04   9.699781e-21   5916982
  1.915027e+00   2.344676e-17   5.887954e-04   9.806682e-21   5771308
  1.917068e+00   2.342897e-17   5.892604e-04   9.903142e-21   5633446
  1.919109e+00   2.338701e-17   5.888913e-04   1.001284e-20   5488414
  1.921149e+00   2.335571e-17   5.892279e-04   1.012480e-20   5353270
  1.923191e+00   2.329763e-17   5.893097e-04   1.023132e-20   5217238
  1.925230e+00   2.327737e-17   5.881123e-04   1.036709e-20   5071646
  1.927270e+00   2.324943e-17   5.897435e-04   1.047918e-20   4953394
  1.929311e+00   2.321607e-17   5.888971e-04   1.060557e-20   4815046
  1.931351e+00   2.316652e-17   5.888986e-04   1.071412e-20   4686502
  1.933392e+00   2.316867e-17   5.894151e-04   1.087435e-20   4564246
  1.935432e+00   2.314688e-17   5.884214e-04   1.103109e-20   4431088
  1.937472e+00   2.308983e-17   5.895013e-04   1.113782e-20   4316734
  1.939514e+00   2.307620e-17   5.892371e-04   1.129219e-20   4193806
  1.941554e+00   2.307497e-17   5.881432e-04   1.145618e-20   4066670
  1.943594e+00   2.303244e-17   5.899332e-04   1.159291e-20   3962278
  1.945635e+00   2.300064e-17   5.886384e-04   1.176154e-20   3837862
  1.947675e+00   2.302250e-17   5.888459e-04   1.196337e-20   3726112
  1.949716e+00   2.299751e-17   5.894296e-04   1.210698e-20   3618790
  1.951756e+00   2.302212e-17   5.885912e-04   1.231397e-20   3503302
  1.953796e+00   2.297556e-17   5.894725e-04   1.247958e-20   3401176
  1.955838e+00   2.294064e-17   5.891226e-04   1.265570e-20   3293194
  1.957876e+00   2.292977e-17   5.877277e-04   1.287552e-20   3181142
  1.959917e+00   2.294316e-17   5.903988e-04   1.307727e-20   3093808
  1.961960e+00   2.295473e-17   5.888871e-04   1.329195e-20   2984950
  1.963999e+00   2.289410e-17   5.886109e-04   1.350460e-20   2885224
  1.966040e+00   2.292825e-17   5.897750e-04   1.372836e-20   2794390
  1.968080e+00   2.293917e-17   5.881630e-04   1.398104e-20   2690920
  1.970120e+00   2.290615e-17   5.894221e-04   1.421004e-20   2603926
  1.972161e+00   2.291661e-17   5.892800e-04   1.446282e-20   2511952
  1.974200e+00   2.294709e-17   5.876979e-04   1.475256e-20   2415422
  1.976241e+00   2.293209e-17   5.905190e-04   1.498670e-20   2339440
  1.978283e+00   2.296355e-17   5.886459e-04   1.534319e-20   2245138
  1.980322e+00   2.294378e-17   5.885584e-04   1.559558e-20   2160592
  1.982363e+00   2.297137e-17   5.897432e-04   1.592039e-20   2082736
  1.984403e+00   2.294329e-17   5.881362e-04   1.626239e-20   1995454
  1.986443e+00   2.296839e-17   5.897534e-04   1.655616e-20   1922008
  1.988485e+00   2.298367e-17   5.891749e-04   1.691708e-20   1842448
  1.990522e+00   2.301100e-17   5.870719e-04   1.735604e-20   1759982
  1.992563e+00   2.302939e-17   5.909793e-04   1.768666e-20   1698088
  1.994607e+00   2.302556e-17   5.888644e-04   1.806796e-20   1618912
  1.996645e+00   2.303553e-17   5.882080e-04   1.847042e-20   1546426
  1.998686e+00   2.309549e-17   5.901587e-04   1.896073e-20   1482760
  2.000726e+00   2.304971e-17   5.876526e-04   1.942369e-20   1408504
  2.002766e+00   2.311599e-17   5.900293e-04   1.984348e-20   1348888
  2.004809e+00   2.315778e-17   5.894112e-04   2.045059e-20   1283128
  2.006844e+00   2.319770e-17   5.857661e-04   2.105758e-20   1212710
  2.008884e+00   2.316515e-17   5.919958e-04   2.151718e-20   1165312
  2.010930e+00   2.319488e-17   5.888517e-04   2.209920e-20   1099240
  2.012967e+00   2.321441e-17   5.874477e-04   2.281496e-20   1039180
  2.015008e+00   2.326752e-17   5.907201e-04   2.340896e-20   989296
  2.017048e+00   2.325496e-17   5.871427e-04   2.410777e-20   928480
  2.019088e+00   2.332081e-17   5.908312e-04   2.488376e-20   881896
  2.021133e+00   2.336856e-17   5.892377e-04   2.564118e-20   828112
  2.023164e+00   2.338763e-17   5.840081e-04   2.661801e-20   771512
  2.025205e+00   2.341035e-17   5.943827e-04   2.728427e-20   737656
  2.027255e+00   2.338390e-17   5.883968e-04   2.824010e-20   682876
  2.029287e+00   2.353829e-17   5.857126e-04   2.956861e-20   635344
  2.031329e+00   2.349067e-17   5.927774e-04   3.043570e-20   600232
  2.033373e+00   2.361405e-17   5.864297e-04   3.170238e-20   551368
  2.035408e+00   2.367094e-17   5.898380e-04   3.306125e-20   514696
  2.037453e+00   2.365291e-17   5.900658e-04   3.423868e-20   476416
  2.039484e+00   2.370914e-17   5.824378e-04   3.612541e-20   433616
  2.041526e+00   2.375008e-17   5.962478e-04   3.705290e-20   408292
  2.043575e+00   2.371852e-17   5.862678e-04   3.904514e-20   366880
  2.045605e+00   2.391038e-17   5.870941e-04   4.126938e-20   335704
  2.047656e+00   2.381628e-17   5.955911e-04   4.294820e-20   309472
  2.049690e+00   2.386114e-17   5.783526e-04   4.589728e-20   270784
  2.051720e+00   2.397171e-17   5.958327e-04   4.768070e-20   251818
  2.053787e+00   2.410493e-17   5.940264e-04   5.113685e-20   224092
  2.055790e+00   2.408730e-17   5.619118e-04   5.542810e-20   188432
  2.057825e+00   2.416600e-17   6.103572e-04   5.688256e-20   181504
  2.059914e+00   2.429364e-17   5.896146e-04   6.204662e-20   151936
  2.061912e+00   2.450178e-17   5.664388e-04   6.913483e-20   126706
  2.063961e+00   2.446128e-17   6.122265e-04   7.100287e-20   118288
  2.066031e+00   2.440222e-17   5.747082e-04   8.047043e-20   92620
  2.068014e+00   2.459447e-17   5.791988e-04   8.798222e-20   78136
  2.070093e+00   2.434874e-17   6.153460e-04   9.335907e-20   68626
  2.072088e+00   2.465212e-17   5.129496e-04   1.148655e-19   46280
  2.074059e+00   2.451253e-17   6.160051e-04   1.183661e-19   43432
  2.076220e+00   2.478092e-17   6.155713e-04   1.368463e-19   32056
  2.078220e+00   2.478037e-17   5.100189e-04   1.816178e-19   19270
  2.080175e+00   2.464513e-17   6.137065e-04   1.944815e-19   15688
  2.082322e+00   2.479759e-17   6.108434e-04   2.511896e-19   9208
  2.084319e+00   2.510910e-17   5.039385e-04   3.896576e-19   3970
  2.086177e+00   2.507692e-17   5.810493e-04   6.329175e-19   1816
  2.088030e+00   2.368316e-17   3.896770e-04   1.605561e-18   230
