# power spectrum of pi_k * H (dimensionless)
# redshift z=0.931340
# k              Pk             sigma(k)       sigma(Pk)      count
  1.554082e-03   3.856214e-10   3.849967e-04   3.717743e-11   146
  3.315891e-03   4.027391e-10   5.645617e-04   1.205592e-11   1042
  5.255560e-03   3.557046e-10   5.631710e-04   7.140889e-12   2698
  7.226238e-03   3.130642e-10   5.714963e-04   4.344494e-12   5206
  9.236952e-03   2.771511e-10   5.879031e-04   3.077158e-12   8752
  1.128500e-02   2.475148e-10   5.950186e-04   2.165469e-12   13258
  1.332029e-02   2.218204e-10   5.812860e-04   1.665947e-12   18070
  1.533799e-02   1.961432e-10   5.833601e-04   1.265413e-12   24050
  1.738769e-02   1.723420e-10   5.989399e-04   9.658667e-13   31720
  1.943477e-02   1.529085e-10   5.849109e-04   7.755003e-13   38722
  2.146405e-02   1.338132e-10   5.862639e-04   6.210893e-13   47398
  2.349979e-02   1.183538e-10   5.882944e-04   4.951101e-13   56986
  2.554151e-02   1.049208e-10   5.907046e-04   4.069468e-13   67552
  2.758014e-02   9.387023e-11   5.872674e-04   3.357100e-13   78310
  2.961557e-02   8.195706e-11   5.882808e-04   2.745077e-13   90514
  3.164924e-02   7.339675e-11   5.857631e-04   2.314293e-13   102938
  3.368563e-02   6.443047e-11   5.901325e-04   1.883606e-13   117412
  3.572860e-02   5.830977e-11   5.900212e-04   1.605746e-13   132106
  3.776869e-02   5.222025e-11   5.879385e-04   1.363820e-13   147154
  3.980581e-02   4.674147e-11   5.881164e-04   1.157511e-13   163522
  4.184971e-02   4.239920e-11   5.917380e-04   9.958963e-14   181804
  4.388716e-02   3.852422e-11   5.852792e-04   8.724402e-14   197722
  4.592521e-02   3.524505e-11   5.913571e-04   7.535083e-14   218866
  4.796858e-02   3.276298e-11   5.883333e-04   6.723929e-14   237542
  5.000645e-02   3.017547e-11   5.882751e-04   5.945078e-14   258136
  5.204613e-02   2.807486e-11   5.892119e-04   5.318047e-14   280066
  5.408484e-02   2.611171e-11   5.879532e-04   4.766687e-14   301774
  5.612494e-02   2.451489e-11   5.897386e-04   4.288578e-14   326050
  5.816725e-02   2.314777e-11   5.892357e-04   3.926969e-14   349792
  6.020894e-02   2.181955e-11   5.898220e-04   3.574553e-14   375154
  6.224878e-02   2.055900e-11   5.878390e-04   3.269180e-14   399742
  6.428502e-02   1.951281e-11   5.877282e-04   2.992120e-14   426266
  6.632420e-02   1.836407e-11   5.892967e-04   2.727364e-14   454960
  6.836448e-02   1.735907e-11   5.887382e-04   2.500865e-14   482734
  7.040483e-02   1.640843e-11   5.895060e-04   2.294811e-14   512746
  7.244666e-02   1.546683e-11   5.892082e-04   2.099593e-14   542746
  7.448833e-02   1.445280e-11   5.895081e-04   1.909328e-14   573952
  7.652873e-02   1.358211e-11   5.886192e-04   1.756511e-14   604918
  7.856782e-02   1.279009e-11   5.887181e-04   1.604878e-14   637666
  8.060887e-02   1.194207e-11   5.897344e-04   1.454558e-14   672482
  8.265024e-02   1.121969e-11   5.887854e-04   1.336592e-14   705748
  8.468883e-02   1.046439e-11   5.884884e-04   1.213643e-14   740482
  8.673009e-02   9.760543e-12   5.901845e-04   1.104609e-14   779026
  8.877006e-02   9.106967e-12   5.875992e-04   1.010931e-14   812614
  9.081033e-02   8.529859e-12   5.902277e-04   9.240564e-15   854200
  9.285241e-02   7.991531e-12   5.887737e-04   8.478791e-15   890746
  9.489189e-02   7.500012e-12   5.888028e-04   7.766915e-15   930394
  9.693174e-02   7.059031e-12   5.888121e-04   7.175332e-15   970982
  9.897209e-02   6.644979e-12   5.890745e-04   6.609924e-15   1012600
  1.010137e-01   6.287732e-12   5.897237e-04   6.131827e-15   1055890
  1.030542e-01   5.956864e-12   5.884073e-04   5.711622e-15   1096630
  1.050933e-01   5.651709e-12   5.887890e-04   5.295151e-15   1141378
  1.071337e-01   5.388938e-12   5.890564e-04   4.956806e-15   1186552
  1.091740e-01   5.158592e-12   5.889981e-04   4.655733e-15   1231798
  1.112148e-01   4.938487e-12   5.893633e-04   4.379243e-15   1279234
  1.132559e-01   4.751680e-12   5.890093e-04   4.135498e-15   1325906
  1.152965e-01   4.576477e-12   5.891197e-04   3.908572e-15   1374352
  1.173364e-01   4.408446e-12   5.886007e-04   3.703989e-15   1421950
  1.193758e-01   4.270110e-12   5.890300e-04   3.521993e-15   1472962
  1.214157e-01   4.113399e-12   5.886064e-04   3.338090e-15   1522954
  1.234545e-01   3.966653e-12   5.884752e-04   3.164198e-15   1573804
  1.254965e-01   3.833047e-12   5.906693e-04   3.001131e-15   1632274
  1.275390e-01   3.698063e-12   5.886302e-04   2.855202e-15   1680226
  1.295769e-01   3.559102e-12   5.879889e-04   2.712750e-15   1732682
  1.316167e-01   3.423287e-12   5.894980e-04   2.558289e-15   1792204
  1.336589e-01   3.298342e-12   5.896575e-04   2.426664e-15   1848298
  1.356989e-01   3.164024e-12   5.883050e-04   2.299746e-15   1901050
  1.377383e-01   3.030870e-12   5.890297e-04   2.166147e-15   1961326
  1.397792e-01   2.898005e-12   5.892228e-04   2.043492e-15   2020312
  1.418209e-01   2.776576e-12   5.895741e-04   1.927573e-15   2080930
  1.438627e-01   2.650539e-12   5.893024e-04   1.812024e-15   2140390
  1.459026e-01   2.531743e-12   5.883405e-04   1.713056e-15   2198162
  1.479427e-01   2.414927e-12   5.893956e-04   1.606403e-15   2263864
  1.499842e-01   2.307059e-12   5.893769e-04   1.514353e-15   2326426
  1.520249e-01   2.202397e-12   5.889045e-04   1.427243e-15   2388550
  1.540650e-01   2.099796e-12   5.888570e-04   1.341021e-15   2453098
  1.561047e-01   2.008443e-12   5.886971e-04   1.267132e-15   2517592
  1.581449e-01   1.926107e-12   5.892905e-04   1.201360e-15   2586070
  1.601854e-01   1.844470e-12   5.889181e-04   1.134032e-15   2651842
  1.622257e-01   1.769812e-12   5.889579e-04   1.072340e-15   2720330
  1.642669e-01   1.702374e-12   5.894439e-04   1.020934e-15   2791156
  1.663078e-01   1.640638e-12   5.889934e-04   9.719038e-16   2858554
  1.683481e-01   1.582807e-12   5.890635e-04   9.258326e-16   2929594
  1.703877e-01   1.530034e-12   5.885431e-04   8.841706e-16   2998762
  1.724278e-01   1.480500e-12   5.891948e-04   8.459413e-16   3074188
  1.744675e-01   1.437624e-12   5.885376e-04   8.114141e-16   3143482
  1.765088e-01   1.393004e-12   5.900653e-04   7.761359e-16   3226186
  1.785498e-01   1.353889e-12   5.882615e-04   7.485107e-16   3291158
  1.805901e-01   1.315463e-12   5.897179e-04   7.168100e-16   3375112
  1.826317e-01   1.280071e-12   5.890290e-04   6.904437e-16   3447658
  1.846719e-01   1.243917e-12   5.889171e-04   6.637419e-16   3524626
  1.867120e-01   1.209030e-12   5.888543e-04   6.385119e-16   3602998
  1.887512e-01   1.175718e-12   5.883706e-04   6.140589e-16   3678592
  1.907908e-01   1.142596e-12   5.892546e-04   5.895220e-16   3764122
  1.928324e-01   1.108138e-12   5.894579e-04   5.662074e-16   3846598
  1.948727e-01   1.076272e-12   5.885077e-04   5.439232e-16   3922250
  1.969136e-01   1.042182e-12   5.896943e-04   5.212994e-16   4013032
  1.989552e-01   1.009890e-12   5.889700e-04   4.999002e-16   4091182
  2.009950e-01   9.776442e-13   5.887664e-04   4.796684e-16   4174282
  2.030353e-01   9.451943e-13   5.891040e-04   4.589653e-16   4261978
  2.050762e-01   9.129095e-13   5.892160e-04   4.385643e-16   4348624
  2.071163e-01   8.829205e-13   5.886637e-04   4.204949e-16   4431430
  2.091564e-01   8.515477e-13   5.892138e-04   4.015624e-16   4523290
  2.111972e-01   8.231877e-13   5.891043e-04   3.842233e-16   4611386
  2.132376e-01   7.956481e-13   5.888473e-04   3.679691e-16   4698814
  2.152782e-01   7.683475e-13   5.893426e-04   3.518492e-16   4792984
  2.173194e-01   7.423235e-13   5.892017e-04   3.367255e-16   4883194
  2.193596e-01   7.163592e-13   5.887755e-04   3.223147e-16   4971694
  2.214001e-01   6.933182e-13   5.893212e-04   3.088531e-16   5069434
  2.234405e-01   6.714853e-13   5.886957e-04   2.966895e-16   5157736
  2.254804e-01   6.503557e-13   5.891220e-04   2.849294e-16   5256202
  2.275212e-01   6.302513e-13   5.891252e-04   2.732962e-16   5351990
  2.295614e-01   6.111911e-13   5.887454e-04   2.626645e-16   5444914
  2.316024e-01   5.937830e-13   5.895775e-04   2.526995e-16   5550088
  2.336441e-01   5.772770e-13   5.892314e-04   2.437699e-16   5644774
  2.356844e-01   5.614530e-13   5.887291e-04   2.350172e-16   5739034
  2.377243e-01   5.463338e-13   5.889493e-04   2.269374e-16   5841154
  2.397648e-01   5.317713e-13   5.891188e-04   2.186977e-16   5943448
  2.418057e-01   5.185352e-13   5.891894e-04   2.117975e-16   6045670
  2.438457e-01   5.053996e-13   5.886738e-04   2.046668e-16   6142586
  2.458857e-01   4.921094e-13   5.890965e-04   1.974974e-16   6250738
  2.479269e-01   4.804828e-13   5.893339e-04   1.913953e-16   6357172
  2.499678e-01   4.682691e-13   5.890271e-04   1.849659e-16   6458506
  2.520084e-01   4.567607e-13   5.891472e-04   1.790672e-16   6566290
  2.540484e-01   4.445912e-13   5.886483e-04   1.729801e-16   6667414
  2.560881e-01   4.332558e-13   5.889729e-04   1.670370e-16   6778336
  2.581289e-01   4.227788e-13   5.893065e-04   1.617733e-16   6890218
  2.601690e-01   4.117092e-13   5.886464e-04   1.564275e-16   6992306
  2.622097e-01   4.007551e-13   5.895050e-04   1.510924e-16   7113454
  2.642508e-01   3.900769e-13   5.888931e-04   1.460334e-16   7216216
  2.662907e-01   3.795068e-13   5.889220e-04   1.407527e-16   7328218
  2.683311e-01   3.690065e-13   5.891504e-04   1.360273e-16   7444414
  2.703714e-01   3.590694e-13   5.887477e-04   1.314558e-16   7553290
  2.724122e-01   3.489737e-13   5.894442e-04   1.265747e-16   7676368
  2.744529e-01   3.395858e-13   5.888427e-04   1.225584e-16   7783150
  2.764932e-01   3.301970e-13   5.891771e-04   1.180805e-16   7904570
  2.785337e-01   3.208225e-13   5.888377e-04   1.140995e-16   8017570
  2.805747e-01   3.121767e-13   5.894749e-04   1.101586e-16   8143840
  2.826158e-01   3.038261e-13   5.889589e-04   1.063893e-16   8255134
  2.846555e-01   2.953315e-13   5.886996e-04   1.027841e-16   8371450
  2.866957e-01   2.875924e-13   5.891278e-04   9.934735e-17   8498578
  2.887371e-01   2.799647e-13   5.893995e-04   9.600104e-17   8623180
  2.907783e-01   2.725979e-13   5.891794e-04   9.286493e-17   8742034
  2.928185e-01   2.654144e-13   5.887409e-04   8.985516e-17   8859194
  2.948582e-01   2.589939e-13   5.888043e-04   8.707917e-17   8984386
  2.968984e-01   2.525155e-13   5.889953e-04   8.428845e-17   9111652
  2.989394e-01   2.462447e-13   5.894313e-04   8.157353e-17   9243322
  3.009801e-01   2.402496e-13   5.888434e-04   7.920220e-17   9361378
  3.030204e-01   2.346291e-13   5.890316e-04   7.685269e-17   9491998
  3.050606e-01   2.290033e-13   5.889315e-04   7.446656e-17   9618016
  3.071010e-01   2.236217e-13   5.891205e-04   7.225574e-17   9750178
  3.091413e-01   2.182146e-13   5.888404e-04   7.004258e-17   9875558
  3.111820e-01   2.134000e-13   5.893640e-04   6.806775e-17   10015834
  3.132223e-01   2.081598e-13   5.885801e-04   6.603312e-17   10133344
  3.152627e-01   2.035029e-13   5.895529e-04   6.409652e-17   10282522
  3.173040e-01   1.987667e-13   5.889812e-04   6.224853e-17   10406974
  3.193437e-01   1.939895e-13   5.886096e-04   6.037244e-17   10534378
  3.213841e-01   1.896619e-13   5.894405e-04   5.860471e-17   10684456
  3.234254e-01   1.852777e-13   5.890917e-04   5.692558e-17   10813894
  3.254654e-01   1.809372e-13   5.887488e-04   5.526069e-17   10944626
  3.275058e-01   1.766792e-13   5.892300e-04   5.365007e-17   11091802
  3.295466e-01   1.725283e-13   5.889694e-04   5.207637e-17   11224756
  3.315871e-01   1.683712e-13   5.891399e-04   5.051530e-17   11367730
  3.336279e-01   1.643842e-13   5.891097e-04   4.901053e-17   11507890
  3.356680e-01   1.605450e-13   5.886912e-04   4.761979e-17   11640658
  3.377084e-01   1.566732e-13   5.893412e-04   4.619105e-17   11795380
  3.397495e-01   1.529262e-13   5.891216e-04   4.478429e-17   11933434
  3.417900e-01   1.493151e-13   5.889963e-04   4.351733e-17   12074954
  3.438308e-01   1.459214e-13   5.892532e-04   4.229569e-17   12225142
  3.458709e-01   1.424130e-13   5.885745e-04   4.107028e-17   12356104
  3.479106e-01   1.390895e-13   5.891058e-04   3.984474e-17   12513442
  3.499516e-01   1.359040e-13   5.892873e-04   3.869883e-17   12664810
  3.519928e-01   1.326024e-13   5.891937e-04   3.758527e-17   12811246
  3.540334e-01   1.295688e-13   5.889181e-04   3.650320e-17   12953536
  3.560735e-01   1.267250e-13   5.890044e-04   3.554046e-17   13105042
  3.581140e-01   1.237195e-13   5.891192e-04   3.447653e-17   13258670
  3.601546e-01   1.210551e-13   5.890325e-04   3.357961e-17   13408738
  3.621953e-01   1.183762e-13   5.890899e-04   3.264396e-17   13562320
  3.642355e-01   1.157438e-13   5.888450e-04   3.177215e-17   13709062
  3.662757e-01   1.131193e-13   5.891202e-04   3.088963e-17   13870258
  3.683171e-01   1.106547e-13   5.894186e-04   3.003913e-17   14032714
  3.703575e-01   1.082664e-13   5.886241e-04   2.925918e-17   14169232
  3.723976e-01   1.059104e-13   5.891956e-04   2.846044e-17   14339422
  3.744381e-01   1.036523e-13   5.888919e-04   2.771977e-17   14489330
  3.764785e-01   1.013106e-13   5.891282e-04   2.694695e-17   14654458
  3.785190e-01   9.912988e-14   5.889293e-04   2.623818e-17   14808292
  3.805593e-01   9.708879e-14   5.890179e-04   2.556573e-17   14970130
  3.825997e-01   9.506793e-14   5.890254e-04   2.491632e-17   15131626
  3.846399e-01   9.294292e-14   5.888648e-04   2.423565e-17   15289198
  3.866807e-01   9.097871e-14   5.894136e-04   2.359379e-17   15466552
  3.887217e-01   8.903490e-14   5.889267e-04   2.299411e-17   15616714
  3.907617e-01   8.717285e-14   5.889009e-04   2.239686e-17   15780506
  3.928022e-01   8.529653e-14   5.891699e-04   2.180816e-17   15953542
  3.948433e-01   8.352020e-14   5.892495e-04   2.124581e-17   16121296
  3.968834e-01   8.172868e-14   5.886227e-04   2.070404e-17   16270762
  3.989235e-01   7.993320e-14   5.892919e-04   2.013166e-17   16457182
  4.009646e-01   7.830810e-14   5.891739e-04   1.962269e-17   16623562
  4.030052e-01   7.658019e-14   5.889160e-04   1.911102e-17   16785784
  4.050455e-01   7.498732e-14   5.890644e-04   1.863030e-17   16959370
  4.070861e-01   7.339466e-14   5.891235e-04   1.814546e-17   17132774
  4.091266e-01   7.185397e-14   5.889569e-04   1.769107e-17   17300602
  4.111672e-01   7.028444e-14   5.891834e-04   1.722472e-17   17480656
  4.132078e-01   6.887689e-14   5.889644e-04   1.680561e-17   17647558
  4.152481e-01   6.743346e-14   5.890172e-04   1.638029e-17   17823778
  4.172887e-01   6.606654e-14   5.890581e-04   1.595820e-17   18001594
  4.193290e-01   6.471299e-14   5.888841e-04   1.557249e-17   18172300
  4.213694e-01   6.332622e-14   5.891306e-04   1.517753e-17   18356770
  4.234105e-01   6.203824e-14   5.893313e-04   1.479466e-17   18541082
  4.254516e-01   6.076653e-14   5.891095e-04   1.443417e-17   18713914
  4.274917e-01   5.952788e-14   5.886533e-04   1.408359e-17   18879742
  4.295318e-01   5.831352e-14   5.892187e-04   1.372446e-17   19077592
  4.315727e-01   5.712723e-14   5.891074e-04   1.338921e-17   19255474
  4.336133e-01   5.597350e-14   5.890497e-04   1.306583e-17   19436278
  4.356531e-01   5.487215e-14   5.886327e-04   1.276128e-17   19605994
  4.376936e-01   5.378307e-14   5.894559e-04   1.244791e-17   19817344
  4.397347e-01   5.273461e-14   5.889775e-04   1.215932e-17   19985702
  4.417750e-01   5.164305e-14   5.890630e-04   1.186367e-17   20175730
  4.438152e-01   5.061655e-14   5.887860e-04   1.157331e-17   20352682
  4.458557e-01   4.963463e-14   5.893597e-04   1.130187e-17   20559616
  4.478969e-01   4.864371e-14   5.891648e-04   1.102707e-17   20741518
  4.499369e-01   4.772047e-14   5.886230e-04   1.078257e-17   20912026
  4.519768e-01   4.676981e-14   5.891225e-04   1.052153e-17   21121018
  4.540176e-01   4.587952e-14   5.890883e-04   1.027342e-17   21310012
  4.560579e-01   4.496090e-14   5.889301e-04   1.003495e-17   21496154
  4.580989e-01   4.408785e-14   5.893557e-04   9.795003e-18   21705946
  4.601398e-01   4.321600e-14   5.889070e-04   9.564408e-18   21882562
  4.621802e-01   4.238552e-14   5.891458e-04   9.344194e-18   22085428
  4.642214e-01   4.157231e-14   5.893143e-04   9.128118e-18   22287106
  4.662615e-01   4.075280e-14   5.885500e-04   8.916234e-18   22455010
  4.683013e-01   3.999775e-14   5.890571e-04   8.723766e-18   22671694
  4.703421e-01   3.919692e-14   5.892012e-04   8.513765e-18   22874368
  4.723830e-01   3.847769e-14   5.891203e-04   8.322798e-18   23070146
  4.744235e-01   3.771403e-14   5.889653e-04   8.127810e-18   23264038
  4.764637e-01   3.697999e-14   5.889570e-04   7.942894e-18   23464210
  4.785045e-01   3.628420e-14   5.893101e-04   7.761121e-18   23679208
  4.805453e-01   3.559522e-14   5.889894e-04   7.581618e-18   23868658
  4.825856e-01   3.493640e-14   5.889440e-04   7.415284e-18   24070582
  4.846259e-01   3.426169e-14   5.890549e-04   7.248962e-18   24278842
  4.866664e-01   3.363396e-14   5.890268e-04   7.087298e-18   24482272
  4.887069e-01   3.300864e-14   5.890750e-04   6.930822e-18   24689510
  4.907474e-01   3.238248e-14   5.890195e-04   6.772371e-18   24894634
  4.927881e-01   3.179529e-14   5.891565e-04   6.627201e-18   25108474
  4.948289e-01   3.119360e-14   5.890919e-04   6.483787e-18   25313116
  4.968692e-01   3.061600e-14   5.889389e-04   6.340509e-18   25515970
  4.989095e-01   3.004467e-14   5.889848e-04   6.198199e-18   25727962
  5.009501e-01   2.949779e-14   5.892016e-04   6.061697e-18   25948954
  5.029911e-01   2.895576e-14   5.891242e-04   5.930711e-18   26157220
  5.050312e-01   2.842056e-14   5.887329e-04   5.801963e-18   26351546
  5.070713e-01   2.789933e-14   5.891599e-04   5.675878e-18   26585314
  5.091124e-01   2.739868e-14   5.891783e-04   5.556419e-18   26800630
  5.111529e-01   2.690686e-14   5.889142e-04   5.437396e-18   27003376
  5.131928e-01   2.642432e-14   5.887939e-04   5.320355e-18   27213202
  5.152333e-01   2.593817e-14   5.893371e-04   5.204766e-18   27455194
  5.172745e-01   2.546605e-14   5.891605e-04   5.093827e-18   27666070
  5.193150e-01   2.502072e-14   5.888642e-04   4.990183e-18   27870280
  5.213548e-01   2.457368e-14   5.888416e-04   4.884030e-18   28088090
  5.233952e-01   2.414020e-14   5.892064e-04   4.781824e-18   28326262
  5.254363e-01   2.370442e-14   5.891855e-04   4.677443e-18   28546906
  5.274771e-01   2.329168e-14   5.890514e-04   4.585774e-18   28762552
  5.295175e-01   2.287166e-14   5.889643e-04   4.486530e-18   28979734
  5.315579e-01   2.246557e-14   5.891116e-04   4.390782e-18   29211106
  5.335984e-01   2.207362e-14   5.890058e-04   4.302194e-18   29431738
  5.356386e-01   2.168654e-14   5.888449e-04   4.214407e-18   29648776
  5.376788e-01   2.130927e-14   5.891295e-04   4.127807e-18   29888654
  5.397198e-01   2.093795e-14   5.892792e-04   4.040276e-18   30123490
  5.417605e-01   2.057211e-14   5.889187e-04   3.958448e-18   30334570
  5.438008e-01   2.021727e-14   5.889866e-04   3.878444e-18   30566524
  5.458411e-01   1.986149e-14   5.890413e-04   3.798368e-18   30798370
  5.478823e-01   1.952530e-14   5.894562e-04   3.719342e-18   31052026
  5.499229e-01   1.917522e-14   5.886551e-04   3.646135e-18   31241782
  5.519630e-01   1.885212e-14   5.891853e-04   3.570711e-18   31502128
  5.540036e-01   1.853839e-14   5.889524e-04   3.502839e-18   31721474
  5.560439e-01   1.821382e-14   5.890206e-04   3.430073e-18   31960210
  5.580845e-01   1.790098e-14   5.890910e-04   3.361729e-18   32200582
  5.601251e-01   1.760506e-14   5.889897e-04   3.294971e-18   32429512
  5.621660e-01   1.730863e-14   5.893423e-04   3.230285e-18   32685226
  5.642068e-01   1.701236e-14   5.889439e-04   3.165996e-18   32900830
  5.662468e-01   1.672698e-14   5.888631e-04   3.104094e-18   33135682
  5.682871e-01   1.644971e-14   5.890598e-04   3.044913e-18   33385288
  5.703276e-01   1.617009e-14   5.890887e-04   2.983550e-18   33625706
  5.723684e-01   1.589918e-14   5.891781e-04   2.924093e-18   33873550
  5.744087e-01   1.563536e-14   5.887629e-04   2.869642e-18   34091770
  5.764491e-01   1.538027e-14   5.892514e-04   2.815540e-18   34362160
  5.784901e-01   1.512859e-14   5.891116e-04   2.759639e-18   34597030
  5.805305e-01   1.487441e-14   5.889745e-04   2.706321e-18   34833682
  5.825710e-01   1.463222e-14   5.890769e-04   2.654774e-18   35086546
  5.846116e-01   1.439241e-14   5.890950e-04   2.603553e-18   35332420
  5.866518e-01   1.416040e-14   5.888517e-04   2.554469e-18   35564114
  5.886920e-01   1.392609e-14   5.890642e-04   2.505385e-18   35826586
  5.907326e-01   1.370246e-14   5.890274e-04   2.459093e-18   36074074
  5.927732e-01   1.347773e-14   5.890922e-04   2.410518e-18   36327004
  5.948140e-01   1.326893e-14   5.891619e-04   2.368481e-18   36580138
  5.968547e-01   1.304997e-14   5.890473e-04   2.322950e-18   36825370
  5.988952e-01   1.284163e-14   5.890096e-04   2.278498e-18   37076638
  6.009355e-01   1.264089e-14   5.889604e-04   2.237468e-18   37325632
  6.029761e-01   1.243363e-14   5.891712e-04   2.195154e-18   37592090
  6.050167e-01   1.223326e-14   5.889486e-04   2.154546e-18   37832974
  6.070568e-01   1.204734e-14   5.888939e-04   2.116881e-18   38086018
  6.090973e-01   1.185605e-14   5.891995e-04   2.076449e-18   38361616
  6.111381e-01   1.166778e-14   5.890389e-04   2.038453e-18   38608210
  6.131788e-01   1.148200e-14   5.892079e-04   2.000717e-18   38877934
  6.152192e-01   1.130484e-14   5.887809e-04   1.965758e-18   39108874
  6.172596e-01   1.112850e-14   5.892266e-04   1.929761e-18   39398656
  6.193004e-01   1.095651e-14   5.890403e-04   1.895437e-18   39645902
  6.213404e-01   1.078018e-14   5.887997e-04   1.860058e-18   39891802
  6.233811e-01   1.062184e-14   5.894056e-04   1.827258e-18   40195954
  6.254216e-01   1.045106e-14   5.886742e-04   1.794299e-18   40409056
  6.274620e-01   1.029283e-14   5.893381e-04   1.762879e-18   40719214
  6.295030e-01   1.013580e-14   5.890616e-04   1.731712e-18   40964602
  6.315433e-01   9.979287e-15   5.889302e-04   1.701678e-18   41222506
  6.335835e-01   9.827042e-15   5.889576e-04   1.671428e-18   41491060
  6.356241e-01   9.678643e-15   5.892017e-04   1.641268e-18   41775242
  6.376651e-01   9.530496e-15   5.891830e-04   1.611652e-18   42043402
  6.397057e-01   9.390763e-15   5.889444e-04   1.585507e-18   42295582
  6.417458e-01   9.248012e-15   5.888860e-04   1.557886e-18   42562282
  6.437862e-01   9.109185e-15   5.891497e-04   1.530175e-18   42852256
  6.458265e-01   8.973849e-15   5.887767e-04   1.504302e-18   43096474
  6.478673e-01   8.840137e-15   5.894924e-04   1.477749e-18   43423174
  6.499084e-01   8.701655e-15   5.889163e-04   1.452371e-18   43653706
  6.519483e-01   8.580126e-15   5.888221e-04   1.428515e-18   43920752
  6.539889e-01   8.452858e-15   5.892813e-04   1.404109e-18   44230510
  6.560299e-01   8.327553e-15   5.891350e-04   1.379717e-18   44496178
  6.580701e-01   8.203212e-15   5.887384e-04   1.356025e-18   44743978
  6.601104e-01   8.086420e-15   5.892343e-04   1.334073e-18   45058492
  6.621512e-01   7.965233e-15   5.890803e-04   1.310615e-18   45325234
  6.641921e-01   7.850334e-15   5.891943e-04   1.288771e-18   45614434
  6.662326e-01   7.737034e-15   5.889457e-04   1.267374e-18   45876514
  6.682729e-01   7.624550e-15   5.889645e-04   1.246388e-18   46159076
  6.703132e-01   7.515126e-15   5.890762e-04   1.226050e-18   46448722
  6.723539e-01   7.405841e-15   5.891439e-04   1.204985e-18   46738210
  6.743945e-01   7.302501e-15   5.889835e-04   1.186114e-18   47010094
  6.764347e-01   7.197451e-15   5.889403e-04   1.166752e-18   47291608
  6.784751e-01   7.094232e-15   5.890608e-04   1.147597e-18   47586538
  6.805157e-01   6.991564e-15   5.890811e-04   1.128162e-18   47875162
  6.825563e-01   6.893628e-15   5.890818e-04   1.109645e-18   48164470
  6.845968e-01   6.797918e-15   5.889338e-04   1.092615e-18   48439232
  6.866374e-01   6.702812e-15   5.892484e-04   1.074675e-18   48754090
  6.886783e-01   6.609354e-15   5.890583e-04   1.057606e-18   49029406
  6.907187e-01   6.511996e-15   5.889734e-04   1.039628e-18   49313602
  6.927591e-01   6.423960e-15   5.889961e-04   1.023716e-18   49606816
  6.947992e-01   6.336547e-15   5.888581e-04   1.007932e-18   49886086
  6.968395e-01   6.248644e-15   5.891574e-04   9.912958e-19   50206858
  6.988805e-01   6.161269e-15   5.891832e-04   9.757035e-19   50504674
  7.009210e-01   6.077015e-15   5.888745e-04   9.607997e-19   50771552
  7.029616e-01   5.991657e-15   5.892780e-04   9.450805e-19   51101686
  7.050023e-01   5.910282e-15   5.889489e-04   9.307620e-19   51370378
  7.070426e-01   5.829750e-15   5.889825e-04   9.162979e-19   51672682
  7.090831e-01   5.751273e-15   5.890985e-04   9.019747e-19   51980788
  7.111236e-01   5.674835e-15   5.890280e-04   8.884755e-19   52272682
  7.131641e-01   5.597168e-15   5.890792e-04   8.740708e-19   52579498
  7.152047e-01   5.520766e-15   5.890023e-04   8.605932e-19   52874566
  7.172449e-01   5.448129e-15   5.889167e-04   8.478839e-19   53167808
  7.192858e-01   5.374223e-15   5.894268e-04   8.348788e-19   53515714
  7.213267e-01   5.305232e-15   5.888931e-04   8.227187e-19   53772202
  7.233667e-01   5.230731e-15   5.888686e-04   8.096711e-19   54076486
  7.254071e-01   5.163632e-15   5.891300e-04   7.977853e-19   54404584
  7.274479e-01   5.097087e-15   5.891493e-04   7.860504e-19   54711802
  7.294882e-01   5.028466e-15   5.888354e-04   7.743012e-19   54991006
  7.315285e-01   4.962986e-15   5.891199e-04   7.621625e-19   55327306
  7.335692e-01   4.898838e-15   5.890696e-04   7.512614e-19   55630256
  7.356096e-01   4.833633e-15   5.889727e-04   7.402639e-19   55929562
  7.376503e-01   4.770599e-15   5.891964e-04   7.283713e-19   56263678
  7.396911e-01   4.709174e-15   5.890745e-04   7.181329e-19   56564050
  7.417316e-01   4.648947e-15   5.889839e-04   7.078426e-19   56866744
  7.437721e-01   4.587275e-15   5.891183e-04   6.974709e-19   57191926
  7.458128e-01   4.531609e-15   5.890701e-04   6.875919e-19   57502690
  7.478532e-01   4.470227e-15   5.889499e-04   6.773585e-19   57807346
  7.498935e-01   4.413501e-15   5.890311e-04   6.674264e-19   58128860
  7.519342e-01   4.358990e-15   5.891800e-04   6.582471e-19   58460482
  7.539749e-01   4.305129e-15   5.890194e-04   6.491251e-19   58763242
  7.560154e-01   4.248175e-15   5.890230e-04   6.391929e-19   59082106
  7.580559e-01   4.196050e-15   5.890890e-04   6.304788e-19   59407348
  7.600966e-01   4.143491e-15   5.891168e-04   6.213247e-19   59728954
  7.621372e-01   4.089693e-15   5.890591e-04   6.125276e-19   60046258
  7.641776e-01   4.040598e-15   5.889475e-04   6.043923e-19   60357214
  7.662176e-01   3.990910e-15   5.888944e-04   5.959147e-19   60673376
  7.682580e-01   3.941641e-15   5.891314e-04   5.874646e-19   61021858
  7.702985e-01   3.890408e-15   5.889623e-04   5.790141e-19   61328446
  7.723391e-01   3.843455e-15   5.891467e-04   5.707531e-19   61674178
  7.743799e-01   3.796946e-15   5.890894e-04   5.631897e-19   61993840
  7.764203e-01   3.749652e-15   5.889881e-04   5.554336e-19   62309914
  7.784609e-01   3.704559e-15   5.891064e-04   5.482080e-19   62652022
  7.805015e-01   3.659604e-15   5.890586e-04   5.407217e-19   62975410
  7.825417e-01   3.615791e-15   5.888216e-04   5.335501e-19   63279512
  7.845823e-01   3.572977e-15   5.893386e-04   5.262071e-19   63665182
  7.866232e-01   3.527888e-15   5.889600e-04   5.188729e-19   63955858
  7.886636e-01   3.487332e-15   5.890392e-04   5.119476e-19   64297714
  7.907041e-01   3.444617e-15   5.890386e-04   5.052224e-19   64629700
  7.927448e-01   3.404668e-15   5.891524e-04   4.985900e-19   64975930
  7.947853e-01   3.364547e-15   5.889366e-04   4.921169e-19   65286826
  7.968255e-01   3.322943e-15   5.889848e-04   4.852655e-19   65628514
  7.988660e-01   3.284253e-15   5.890932e-04   4.789081e-19   65976716
  8.009067e-01   3.244983e-15   5.891188e-04   4.724364e-19   66316330
  8.029474e-01   3.208022e-15   5.891266e-04   4.664183e-19   66656650
  8.049878e-01   3.170685e-15   5.888988e-04   4.603487e-19   66970006
  8.070280e-01   3.133574e-15   5.890021e-04   4.545190e-19   67322080
  8.090687e-01   3.096415e-15   5.891875e-04   4.482926e-19   67682866
  8.111095e-01   3.061876e-15   5.890847e-04   4.429034e-19   68012842
  8.131499e-01   3.026528e-15   5.889318e-04   4.371774e-19   68339494
  8.151899e-01   2.991079e-15   5.888723e-04   4.314621e-19   68675096
  8.172305e-01   2.957440e-15   5.892538e-04   4.260213e-19   69064042
  8.192714e-01   2.924637e-15   5.890856e-04   4.210923e-19   69389686
  8.213121e-01   2.890815e-15   5.890987e-04   4.156908e-19   69738706
  8.233525e-01   2.858588e-15   5.888963e-04   4.105458e-19   70061896
  8.253928e-01   2.826465e-15   5.890583e-04   4.054851e-19   70425790
  8.274334e-01   2.793848e-15   5.891196e-04   4.001610e-19   70782370
  8.294740e-01   2.761700e-15   5.889724e-04   3.951897e-19   71116186
  8.315144e-01   2.731433e-15   5.890852e-04   3.903966e-19   71480024
  8.335549e-01   2.701789e-15   5.889597e-04   3.856737e-19   71814742
  8.355952e-01   2.671170e-15   5.890040e-04   3.809046e-19   72171202
  8.376358e-01   2.641926e-15   5.891439e-04   3.762788e-19   72543490
  8.396764e-01   2.613002e-15   5.889798e-04   3.718301e-19   72876820
  8.417169e-01   2.583944e-15   5.891365e-04   3.673278e-19   73248754
  8.437576e-01   2.556283e-15   5.891037e-04   3.630356e-19   73600714
  8.457981e-01   2.528044e-15   5.889516e-04   3.585489e-19   73939270
  8.478382e-01   2.500389e-15   5.889091e-04   3.542010e-19   74291714
  8.498788e-01   2.473953e-15   5.891854e-04   3.502313e-19   74682904
  8.519197e-01   2.447076e-15   5.891690e-04   3.460573e-19   75039298
  8.539602e-01   2.420860e-15   5.889132e-04   3.421109e-19   75368014
  8.560003e-01   2.394850e-15   5.889846e-04   3.380532e-19   75738490
  8.580410e-01   2.369067e-15   5.891817e-04   3.339515e-19   76124728
  8.600820e-01   2.343441e-15   5.891792e-04   3.300219e-19   76485862
  8.621224e-01   2.319068e-15   5.888897e-04   3.264022e-19   76813090
  8.641626e-01   2.293902e-15   5.890167e-04   3.225227e-19   77193586
  8.662032e-01   2.270937e-15   5.891008e-04   3.190747e-19   77568920
  8.682439e-01   2.247241e-15   5.890797e-04   3.153894e-19   77932510
  8.702844e-01   2.222872e-15   5.890060e-04   3.118095e-19   78289906
  8.723247e-01   2.199223e-15   5.889774e-04   3.081831e-19   78654682
  8.743654e-01   2.177367e-15   5.891909e-04   3.048570e-19   79049980
  8.764061e-01   2.155206e-15   5.890049e-04   3.015115e-19   79394074
  8.784467e-01   2.131936e-15   5.891673e-04   2.977924e-19   79787746
  8.804872e-01   2.110455e-15   5.888641e-04   2.948358e-19   80116310
  8.825277e-01   2.089016e-15   5.892283e-04   2.915800e-19   80537248
  8.845683e-01   2.067429e-15   5.889696e-04   2.883001e-19   80874346
  8.866088e-01   2.047219e-15   5.890951e-04   2.853110e-19   81267106
  8.886491e-01   2.026065e-15   5.888459e-04   2.822061e-19   81607390
  8.906896e-01   2.006017e-15   5.892322e-04   2.791336e-19   82033216
  8.927304e-01   1.985936e-15   5.890849e-04   2.760832e-19   82389442
  8.947709e-01   1.965679e-15   5.890077e-04   2.731169e-19   82756750
  8.968112e-01   1.945742e-15   5.889537e-04   2.701012e-19   83127570
  8.988518e-01   1.926586e-15   5.891942e-04   2.672327e-19   83539896
  9.008923e-01   1.907750e-15   5.889042e-04   2.646410e-19   83876998
  9.029325e-01   1.888673e-15   5.889931e-04   2.618132e-19   84272266
  9.049728e-01   1.870153e-15   5.889738e-04   2.590802e-19   84651082
  9.070134e-01   1.852294e-15   5.891428e-04   2.563627e-19   85056616
  9.090543e-01   1.834453e-15   5.891807e-04   2.537678e-19   85445494
  9.110948e-01   1.817088e-15   5.889254e-04   2.512602e-19   85792786
  9.131350e-01   1.798641e-15   5.889368e-04   2.485272e-19   86180690
  9.151757e-01   1.781773e-15   5.892597e-04   2.461055e-19   86612164
  9.172167e-01   1.764433e-15   5.890802e-04   2.436426e-19   86971186
  9.192569e-01   1.747286e-15   5.888405e-04   2.412085e-19   87324466
  9.212972e-01   1.731077e-15   5.891010e-04   2.388080e-19   87752002
  9.233379e-01   1.715040e-15   5.890933e-04   2.366513e-19   88139236
  9.253786e-01   1.699020e-15   5.891287e-04   2.342479e-19   88533010
  9.274193e-01   1.682820e-15   5.890668e-04   2.318791e-19   88915954
  9.294595e-01   1.666829e-15   5.888228e-04   2.295980e-19   89270822
  9.314999e-01   1.652079e-15   5.891979e-04   2.274846e-19   89718808
  9.335406e-01   1.636763e-15   5.890541e-04   2.253655e-19   90089986
  9.355812e-01   1.621169e-15   5.890655e-04   2.230030e-19   90486622
  9.376216e-01   1.605940e-15   5.889861e-04   2.208481e-19   90871474
  9.396619e-01   1.591518e-15   5.889761e-04   2.188159e-19   91264264
  9.417025e-01   1.578189e-15   5.891416e-04   2.169906e-19   91685746
  9.437433e-01   1.562880e-15   5.891100e-04   2.148031e-19   92079934
  9.457837e-01   1.548768e-15   5.889511e-04   2.128844e-19   92453258
  9.478243e-01   1.535304e-15   5.891894e-04   2.109813e-19   92890216
  9.498651e-01   1.520992e-15   5.890426e-04   2.088329e-19   93266086
  9.519055e-01   1.507818e-15   5.890148e-04   2.070755e-19   93664042
  9.539457e-01   1.494344e-15   5.889223e-04   2.052527e-19   94053754
  9.559861e-01   1.481035e-15   5.890673e-04   2.033275e-19   94478140
  9.580268e-01   1.468278e-15   5.891065e-04   2.016086e-19   94886986
  9.600674e-01   1.455898e-15   5.890780e-04   1.999094e-19   95286706
  9.621079e-01   1.442504e-15   5.889851e-04   1.980262e-19   95678762
  9.641484e-01   1.430229e-15   5.890983e-04   1.962038e-19   96104164
  9.661890e-01   1.417738e-15   5.890216e-04   1.945729e-19   96496690
  9.682295e-01   1.405911e-15   5.890990e-04   1.928374e-19   96918514
  9.702700e-01   1.393615e-15   5.889726e-04   1.912446e-19   97307278
  9.723103e-01   1.382156e-15   5.889587e-04   1.896863e-19   97714024
  9.743507e-01   1.369996e-15   5.890832e-04   1.880423e-19   98144122
  9.763914e-01   1.358936e-15   5.891285e-04   1.865067e-19   98563450
  9.784320e-01   1.347507e-15   5.890115e-04   1.849398e-19   98958470
  9.804726e-01   1.336280e-15   5.891125e-04   1.834088e-19   99387304
  9.825132e-01   1.325313e-15   5.890140e-04   1.819585e-19   99783106
  9.845537e-01   1.314206e-15   5.890821e-04   1.804079e-19   100210006
  9.865943e-01   1.303205e-15   5.890932e-04   1.789043e-19   100629538
  9.886348e-01   1.292744e-15   5.889573e-04   1.775846e-19   101022376
  9.906752e-01   1.282911e-15   5.890929e-04   1.762805e-19   101460742
  9.927158e-01   1.271979e-15   5.890716e-04   1.747941e-19   101877442
  9.947564e-01   1.261970e-15   5.890420e-04   1.734648e-19   102292778
  9.967968e-01   1.251976e-15   5.890077e-04   1.721371e-19   102706408
  9.988372e-01   1.242055e-15   5.889909e-04   1.708504e-19   103122910
  1.000878e+00   1.232336e-15   5.892507e-04   1.695974e-19   103590466
  1.002919e+00   1.222204e-15   5.888999e-04   1.682198e-19   103954594
  1.004959e+00   1.213178e-15   5.890683e-04   1.670662e-19   104405908
  1.006999e+00   1.203988e-15   5.890337e-04   1.659451e-19   104822674
  1.009040e+00   1.194262e-15   5.890259e-04   1.645007e-19   105248338
  1.011080e+00   1.184859e-15   5.890549e-04   1.633045e-19   105680174
  1.013121e+00   1.176071e-15   5.890587e-04   1.621584e-19   106107160
  1.015162e+00   1.167133e-15   5.890621e-04   1.609979e-19   106532746
  1.017202e+00   1.158540e-15   5.891714e-04   1.599433e-19   106983178
  1.019243e+00   1.149559e-15   5.889310e-04   1.587943e-19   107371678
  1.021283e+00   1.141049e-15   5.890781e-04   1.576096e-19   107825992
  1.023324e+00   1.133213e-15   5.890801e-04   1.566973e-19   108256762
  1.025365e+00   1.124575e-15   5.891196e-04   1.554739e-19   108697078
  1.027405e+00   1.116602e-15   5.888618e-04   1.545780e-19   109084106
  1.029445e+00   1.108312e-15   5.891123e-04   1.535312e-19   109563256
  1.031486e+00   1.100351e-15   5.890696e-04   1.524684e-19   109987786
  1.033526e+00   1.092936e-15   5.889856e-04   1.516407e-19   110410582
  1.035567e+00   1.084699e-15   5.890199e-04   1.505362e-19   110853658
  1.037607e+00   1.077188e-15   5.890374e-04   1.495310e-19   111292432
  1.039648e+00   1.070046e-15   5.891366e-04   1.486410e-19   111749038
  1.041688e+00   1.062451e-15   5.890194e-04   1.477052e-19   112167322
  1.043729e+00   1.054617e-15   5.889359e-04   1.466812e-19   112593170
  1.045769e+00   1.048021e-15   5.890781e-04   1.459882e-19   113059180
  1.047810e+00   1.040969e-15   5.891946e-04   1.451573e-19   113522842
  1.049851e+00   1.033568e-15   5.890529e-04   1.442006e-19   113938834
  1.051891e+00   1.026421e-15   5.889550e-04   1.433178e-19   114363730
  1.053931e+00   1.019927e-15   5.890529e-04   1.425224e-19   114826132
  1.055972e+00   1.013279e-15   5.891222e-04   1.417658e-19   115283146
  1.058013e+00   1.006809e-15   5.890429e-04   1.410215e-19   115714858
  1.060053e+00   9.999691e-16   5.889720e-04   1.400984e-19   116148350
  1.062094e+00   9.941796e-16   5.890966e-04   1.394667e-19   116621074
  1.064134e+00   9.877528e-16   5.891391e-04   1.387601e-19   117076912
  1.066175e+00   9.812262e-16   5.888940e-04   1.379667e-19   117476014
  1.068215e+00   9.752939e-16   5.891403e-04   1.372427e-19   117977266
  1.070256e+00   9.691389e-16   5.890586e-04   1.364946e-19   118411330
  1.072296e+00   9.633743e-16   5.890633e-04   1.359003e-19   118863808
  1.074337e+00   9.575146e-16   5.890300e-04   1.352323e-19   119309926
  1.076377e+00   9.518019e-16   5.889436e-04   1.346279e-19   119746154
  1.078418e+00   9.458433e-16   5.890425e-04   1.338775e-19   120222466
  1.080458e+00   9.403677e-16   5.891283e-04   1.332274e-19   120693652
  1.082499e+00   9.348693e-16   5.890784e-04   1.325671e-19   121138738
  1.084539e+00   9.294626e-16   5.890289e-04   1.320569e-19   121586722
  1.086580e+00   9.238176e-16   5.890313e-04   1.313388e-19   122046106
  1.088620e+00   9.187274e-16   5.889919e-04   1.308651e-19   122497588
  1.090661e+00   9.141682e-16   5.891764e-04   1.304264e-19   122993482
  1.092701e+00   9.087845e-16   5.889184e-04   1.297991e-19   123400850
  1.094742e+00   9.034048e-16   5.891205e-04   1.291438e-19   123906406
  1.096782e+00   8.989762e-16   5.889599e-04   1.287185e-19   124333864
  1.098823e+00   8.937401e-16   5.891264e-04   1.282087e-19   124831762
  1.100863e+00   8.893399e-16   5.889890e-04   1.277613e-19   125266318
  1.102904e+00   8.844034e-16   5.889958e-04   1.271649e-19   125733850
  1.104944e+00   8.798737e-16   5.891866e-04   1.267446e-19   126239536
  1.106985e+00   8.759114e-16   5.891189e-04   1.263824e-19   126690322
  1.109026e+00   8.710116e-16   5.888320e-04   1.258776e-19   127097390
  1.111066e+00   8.665476e-16   5.891291e-04   1.253826e-19   127630450
  1.113106e+00   8.624862e-16   5.889674e-04   1.250500e-19   128063512
  1.115147e+00   8.582953e-16   5.890953e-04   1.245971e-19   128559646
  1.117188e+00   8.539731e-16   5.891693e-04   1.241455e-19   129048946
  1.119228e+00   8.499057e-16   5.890550e-04   1.237643e-19   129496258
  1.121269e+00   8.458132e-16   5.889277e-04   1.233389e-19   129937804
  1.123309e+00   8.423347e-16   5.891485e-04   1.231035e-19   130460146
  1.125350e+00   8.384504e-16   5.889861e-04   1.227828e-19   130899986
  1.127390e+00   8.345888e-16   5.891261e-04   1.223899e-19   131408914
  1.129431e+00   8.308503e-16   5.889186e-04   1.219955e-19   131836660
  1.131471e+00   8.276799e-16   5.890882e-04   1.218087e-19   132349330
  1.133512e+00   8.236685e-16   5.890483e-04   1.214092e-19   132821674
  1.135552e+00   8.201717e-16   5.890400e-04   1.210783e-19   133298662
  1.137593e+00   8.171243e-16   5.891067e-04   1.209237e-19   133791832
  1.139634e+00   8.138153e-16   5.890647e-04   1.206798e-19   134261290
  1.141674e+00   8.105697e-16   5.890171e-04   1.203844e-19   134732858
  1.143714e+00   8.068945e-16   5.890143e-04   1.200329e-19   135217750
  1.145755e+00   8.039391e-16   5.890521e-04   1.198349e-19   135706048
  1.147795e+00   8.011853e-16   5.890013e-04   1.197274e-19   136176274
  1.149836e+00   7.979865e-16   5.891442e-04   1.194092e-19   136696294
  1.151877e+00   7.951858e-16   5.890157e-04   1.192160e-19   137152594
  1.153917e+00   7.924240e-16   5.890673e-04   1.190446e-19   137650312
  1.155958e+00   7.897666e-16   5.890043e-04   1.189201e-19   138119974
  1.157998e+00   7.867291e-16   5.890392e-04   1.187041e-19   138618410
  1.160039e+00   7.838869e-16   5.890651e-04   1.184698e-19   139115074
  1.162079e+00   7.816256e-16   5.890480e-04   1.184431e-19   139598296
  1.164120e+00   7.793991e-16   5.890599e-04   1.183194e-19   140091382
  1.166160e+00   7.769371e-16   5.889800e-04   1.181935e-19   140564770
  1.168201e+00   7.742469e-16   5.890380e-04   1.180337e-19   141072898
  1.170241e+00   7.722004e-16   5.891634e-04   1.179428e-19   141593980
  1.172282e+00   7.700825e-16   5.890131e-04   1.179717e-19   142050106
  1.174322e+00   7.675826e-16   5.889663e-04   1.176876e-19   142536194
  1.176362e+00   7.657958e-16   5.889976e-04   1.178232e-19   143040214
  1.178403e+00   7.638102e-16   5.892475e-04   1.177026e-19   143596672
  1.180444e+00   7.616529e-16   5.888530e-04   1.176902e-19   143996722
  1.182484e+00   7.597327e-16   5.891408e-04   1.176333e-19   144568426
  1.184525e+00   7.581741e-16   5.890931e-04   1.176956e-19   145057342
  1.186565e+00   7.564450e-16   5.890250e-04   1.176804e-19   145537888
  1.188606e+00   7.548160e-16   5.891118e-04   1.176896e-19   146059714
  1.190647e+00   7.529181e-16   5.890160e-04   1.176372e-19   146538542
  1.192687e+00   7.511144e-16   5.889612e-04   1.176768e-19   147029794
  1.194727e+00   7.496348e-16   5.891413e-04   1.177160e-19   147577264
  1.196768e+00   7.485627e-16   5.890795e-04   1.178156e-19   148064890
  1.198809e+00   7.471136e-16   5.890221e-04   1.178443e-19   148557886
  1.200849e+00   7.454517e-16   5.890890e-04   1.178684e-19   149080594
  1.202890e+00   7.443632e-16   5.889584e-04   1.180125e-19   149553256
  1.204930e+00   7.431726e-16   5.891253e-04   1.180822e-19   150102646
  1.206970e+00   7.348561e-16   5.889829e-04   1.166462e-19   150339167
  1.209010e+00   7.145123e-16   5.890378e-04   1.120627e-19   150110332
  1.211051e+00   6.947458e-16   5.890631e-04   1.076842e-19   149857372
  1.213091e+00   6.755754e-16   5.890038e-04   1.034559e-19   149584516
  1.215132e+00   6.574531e-16   5.890566e-04   9.954081e-20   149337736
  1.217172e+00   6.401596e-16   5.890107e-04   9.586604e-20   149061952
  1.219213e+00   6.237215e-16   5.890279e-04   9.238719e-20   148802188
  1.221253e+00   6.077590e-16   5.891076e-04   8.904222e-20   148556272
  1.223294e+00   5.926082e-16   5.890259e-04   8.594539e-20   148269512
  1.225334e+00   5.780317e-16   5.890700e-04   8.292247e-20   148010200
  1.227375e+00   5.641904e-16   5.890129e-04   8.017498e-20   147723904
  1.229415e+00   5.506861e-16   5.891133e-04   7.750769e-20   147477676
  1.231456e+00   5.377970e-16   5.890481e-04   7.494844e-20   147185992
  1.233497e+00   5.252905e-16   5.890127e-04   7.250571e-20   146900644
  1.235537e+00   5.135412e-16   5.890504e-04   7.026487e-20   146631880
  1.237577e+00   5.020332e-16   5.889396e-04   6.812419e-20   146325472
  1.239618e+00   4.910263e-16   5.890584e-04   6.605456e-20   146072660
  1.241659e+00   4.804389e-16   5.891863e-04   6.406525e-20   145819096
  1.243699e+00   4.701894e-16   5.890275e-04   6.218826e-20   145495612
  1.245740e+00   4.602763e-16   5.890387e-04   6.041179e-20   145211068
  1.247780e+00   4.508731e-16   5.890718e-04   5.870519e-20   144930616
  1.249821e+00   4.417383e-16   5.890299e-04   5.710710e-20   144629560
  1.251861e+00   4.327279e-16   5.889711e-04   5.552381e-20   144324232
  1.253902e+00   4.240729e-16   5.890914e-04   5.399371e-20   144060712
  1.255942e+00   4.158273e-16   5.890700e-04   5.261177e-20   143757068
  1.257983e+00   4.077111e-16   5.890809e-04   5.122243e-20   143463640
  1.260023e+00   4.000036e-16   5.890221e-04   4.993679e-20   143150992
  1.262064e+00   3.924175e-16   5.890436e-04   4.865476e-20   142855228
  1.264104e+00   3.851737e-16   5.890956e-04   4.747359e-20   142566664
  1.266145e+00   3.781333e-16   5.891031e-04   4.633426e-20   142262920
  1.268186e+00   3.712008e-16   5.888973e-04   4.520482e-20   141909196
  1.270226e+00   3.645464e-16   5.891356e-04   4.413822e-20   141658924
  1.272267e+00   3.581096e-16   5.890375e-04   4.310992e-20   141324932
  1.274307e+00   3.518590e-16   5.891107e-04   4.213583e-20   141033184
  1.276348e+00   3.457975e-16   5.889751e-04   4.121137e-20   140687188
  1.278388e+00   3.397898e-16   5.891350e-04   4.025482e-20   140411716
  1.280429e+00   3.339841e-16   5.889705e-04   3.936733e-20   140055724
  1.282469e+00   3.284932e-16   5.890588e-04   3.855157e-20   139758220
  1.284510e+00   3.229287e-16   5.890757e-04   3.772169e-20   139444756
  1.286550e+00   3.177411e-16   5.890521e-04   3.691887e-20   139116736
  1.288591e+00   3.124615e-16   5.889672e-04   3.617004e-20   138773468
  1.290631e+00   3.075381e-16   5.890066e-04   3.545329e-20   138458392
  1.292672e+00   3.026466e-16   5.891008e-04   3.473022e-20   138154300
  1.294712e+00   2.978624e-16   5.890757e-04   3.405242e-20   137819908
  1.296753e+00   2.931374e-16   5.890203e-04   3.336990e-20   137475340
  1.298793e+00   2.886908e-16   5.891002e-04   3.274842e-20   137163196
  1.300834e+00   2.842774e-16   5.890331e-04   3.212340e-20   136814716
  1.302874e+00   2.800622e-16   5.890577e-04   3.154158e-20   136485964
  1.304915e+00   2.757938e-16   5.889350e-04   3.094945e-20   136120808
  1.306955e+00   2.717303e-16   5.891045e-04   3.039765e-20   135821260
  1.308996e+00   2.677674e-16   5.890895e-04   2.984383e-20   135477340
  1.311037e+00   2.638371e-16   5.890947e-04   2.931810e-20   135135100
  1.313077e+00   2.599949e-16   5.889964e-04   2.881010e-20   134770696
  1.315117e+00   2.562656e-16   5.890487e-04   2.831036e-20   134437708
  1.317158e+00   2.526279e-16   5.889430e-04   2.783461e-20   134066500
  1.319198e+00   2.491087e-16   5.890907e-04   2.737853e-20   133752712
  1.321239e+00   2.457146e-16   5.891051e-04   2.694443e-20   133404284
  1.323280e+00   2.421976e-16   5.890537e-04   2.647596e-20   133041004
  1.325320e+00   2.388853e-16   5.890913e-04   2.605374e-20   132694456
  1.327361e+00   2.357298e-16   5.889810e-04   2.565662e-20   132313660
  1.329401e+00   2.325623e-16   5.891286e-04   2.526069e-20   131991472
  1.331442e+00   2.294918e-16   5.890126e-04   2.486761e-20   131604388
  1.333482e+00   2.263898e-16   5.890111e-04   2.449593e-20   131243368
  1.335523e+00   2.233984e-16   5.891086e-04   2.410904e-20   130902220
  1.337563e+00   2.204857e-16   5.889468e-04   2.376532e-20   130501724
  1.339604e+00   2.176978e-16   5.890756e-04   2.341648e-20   130164916
  1.341644e+00   2.149004e-16   5.890219e-04   2.307854e-20   129783760
  1.343685e+00   2.121616e-16   5.892039e-04   2.275396e-20   129455752
  1.345726e+00   2.094863e-16   5.889634e-04   2.243267e-20   129031288
  1.347766e+00   2.068415e-16   5.889860e-04   2.212084e-20   128662564
  1.349806e+00   2.042674e-16   5.890285e-04   2.181399e-20   128297836
  1.351847e+00   2.017703e-16   5.890303e-04   2.152156e-20   127920652
  1.353887e+00   1.993050e-16   5.891574e-04   2.123389e-20   127571336
  1.355928e+00   1.969232e-16   5.890300e-04   2.095642e-20   127164388
  1.357968e+00   1.945107e-16   5.889234e-04   2.068524e-20   126760960
  1.360009e+00   1.921966e-16   5.890605e-04   2.041613e-20   126407464
  1.362049e+00   1.899387e-16   5.891461e-04   2.015817e-20   126039568
  1.364090e+00   1.876977e-16   5.890104e-04   1.990443e-20   125624524
  1.366130e+00   1.855393e-16   5.891311e-04   1.966419e-20   125261068
  1.368171e+00   1.833674e-16   5.890585e-04   1.942037e-20   124856200
  1.370211e+00   1.812843e-16   5.888774e-04   1.919382e-20   124426292
  1.372252e+00   1.791891e-16   5.891363e-04   1.896453e-20   124087552
  1.374293e+00   1.771629e-16   5.890612e-04   1.873669e-20   123676768
  1.376333e+00   1.751256e-16   5.890393e-04   1.851610e-20   123273472
  1.378374e+00   1.732659e-16   5.891145e-04   1.831906e-20   122890852
  1.380414e+00   1.713217e-16   5.889878e-04   1.811006e-20   122463208
  1.382455e+00   1.693957e-16   5.890796e-04   1.790520e-20   122080756
  1.384495e+00   1.675572e-16   5.890985e-04   1.770946e-20   121682008
  1.386536e+00   1.657694e-16   5.888846e-04   1.752598e-20   121230104
  1.388576e+00   1.639328e-16   5.891923e-04   1.733622e-20   120886588
  1.390617e+00   1.621766e-16   5.888887e-04   1.714304e-20   120414880
  1.392657e+00   1.605086e-16   5.890786e-04   1.697215e-20   120043228
  1.394698e+00   1.587922e-16   5.891454e-04   1.679371e-20   119645356
  1.396738e+00   1.571279e-16   5.890259e-04   1.662635e-20   119205016
  1.398779e+00   1.554801e-16   5.890851e-04   1.646095e-20   118802680
  1.400819e+00   1.539029e-16   5.890625e-04   1.630178e-20   118379512
  1.402860e+00   1.523130e-16   5.889283e-04   1.614127e-20   117932660
  1.404900e+00   1.507731e-16   5.891761e-04   1.598472e-20   117563104
  1.406941e+00   1.492214e-16   5.890196e-04   1.583252e-20   117107632
  1.408982e+00   1.477547e-16   5.891150e-04   1.568979e-20   116702908
  1.411022e+00   1.462696e-16   5.889719e-04   1.554365e-20   116248540
  1.413062e+00   1.448397e-16   5.890825e-04   1.540348e-20   115842928
  1.415103e+00   1.434196e-16   5.890403e-04   1.526969e-20   115405216
  1.417143e+00   1.420197e-16   5.889673e-04   1.513615e-20   114957772
  1.419184e+00   1.406007e-16   5.891401e-04   1.499464e-20   114559364
  1.421225e+00   1.392827e-16   5.890398e-04   1.487053e-20   114104656
  1.423265e+00   1.379281e-16   5.890042e-04   1.474145e-20   113661280
  1.425306e+00   1.366507e-16   5.890785e-04   1.463013e-20   113237740
  1.427346e+00   1.353084e-16   5.889403e-04   1.450318e-20   112770880
  1.429386e+00   1.340549e-16   5.891022e-04   1.438467e-20   112359904
  1.431427e+00   1.328386e-16   5.891129e-04   1.427222e-20   111916864
  1.433468e+00   1.316032e-16   5.890529e-04   1.416448e-20   111460696
  1.435508e+00   1.303869e-16   5.889325e-04   1.405202e-20   110991224
  1.437549e+00   1.291896e-16   5.891042e-04   1.394898e-20   110575528
  1.439589e+00   1.280463e-16   5.891179e-04   1.384939e-20   110127664
  1.441630e+00   1.268821e-16   5.888211e-04   1.374227e-20   109618288
  1.443670e+00   1.257234e-16   5.892718e-04   1.363587e-20   109249240
  1.445711e+00   1.246153e-16   5.890165e-04   1.354331e-20   108746104
  1.447751e+00   1.235350e-16   5.889973e-04   1.345159e-20   108286000
  1.449792e+00   1.224430e-16   5.890817e-04   1.335870e-20   107843224
  1.451832e+00   1.214057e-16   5.889854e-04   1.327192e-20   107363840
  1.453873e+00   1.203552e-16   5.890974e-04   1.318320e-20   106923976
  1.455913e+00   1.192689e-16   5.890747e-04   1.309231e-20   106454320
  1.457954e+00   1.182690e-16   5.890821e-04   1.301192e-20   105989452
  1.459995e+00   1.172889e-16   5.890542e-04   1.292855e-20   105518308
  1.462035e+00   1.162757e-16   5.889452e-04   1.284399e-20   105028288
  1.464075e+00   1.153263e-16   5.890297e-04   1.277066e-20   104573752
  1.466116e+00   1.143526e-16   5.890543e-04   1.269658e-20   104104072
  1.468156e+00   1.133728e-16   5.890420e-04   1.261547e-20   103627328
  1.470197e+00   1.125166e-16   5.891604e-04   1.255150e-20   103172776
  1.472237e+00   1.115843e-16   5.889126e-04   1.247729e-20   102649708
  1.474278e+00   1.106765e-16   5.891801e-04   1.240962e-20   102217348
  1.476319e+00   1.097709e-16   5.889795e-04   1.233887e-20   101700736
  1.478359e+00   1.089011e-16   5.891047e-04   1.227350e-20   101239684
  1.480399e+00   1.080466e-16   5.889025e-04   1.221244e-20   100720660
  1.482440e+00   1.071927e-16   5.890941e-04   1.214714e-20   100266136
  1.484480e+00   1.063669e-16   5.890923e-04   1.209094e-20   99778100
  1.486521e+00   1.055067e-16   5.890961e-04   1.202488e-20   99287620
  1.488562e+00   1.047033e-16   5.890314e-04   1.197181e-20   98785756
  1.490602e+00   1.039091e-16   5.890200e-04   1.191059e-20   98290744
  1.492643e+00   1.031231e-16   5.890441e-04   1.186153e-20   97799956
  1.494683e+00   1.023265e-16   5.890092e-04   1.180387e-20   97297588
  1.496724e+00   1.015595e-16   5.890742e-04   1.175444e-20   96807856
  1.498764e+00   1.008213e-16   5.890937e-04   1.170896e-20   96311704
  1.500805e+00   1.000627e-16   5.889914e-04   1.166214e-20   95792888
  1.502845e+00   9.928788e-17   5.890998e-04   1.160617e-20   95307208
  1.504886e+00   9.859323e-17   5.890322e-04   1.156637e-20   94791100
  1.506926e+00   9.786681e-17   5.890218e-04   1.151972e-20   94280704
  1.508967e+00   9.715537e-17   5.891023e-04   1.147808e-20   93786136
  1.511007e+00   9.647248e-17   5.890098e-04   1.143905e-20   93259576
  1.513048e+00   9.576784e-17   5.890143e-04   1.139596e-20   92748448
  1.515088e+00   9.507982e-17   5.891043e-04   1.135255e-20   92250064
  1.517129e+00   9.442804e-17   5.889733e-04   1.131951e-20   91711820
  1.519169e+00   9.370638e-17   5.891153e-04   1.127323e-20   91217224
  1.521210e+00   9.307284e-17   5.889585e-04   1.124107e-20   90672604
  1.523250e+00   9.243795e-17   5.891610e-04   1.120745e-20   90183628
  1.525291e+00   9.181668e-17   5.890621e-04   1.118100e-20   89647216
  1.527331e+00   9.113268e-17   5.888907e-04   1.114346e-20   89094328
  1.529372e+00   9.053811e-17   5.891399e-04   1.110908e-20   88606888
  1.531412e+00   8.992220e-17   5.889473e-04   1.108097e-20   88049632
  1.533453e+00   8.932144e-17   5.891289e-04   1.105562e-20   87547700
  1.535494e+00   8.871743e-17   5.891432e-04   1.103063e-20   87018844
  1.537534e+00   8.812382e-17   5.889347e-04   1.100006e-20   86453428
  1.539575e+00   8.754375e-17   5.892172e-04   1.097576e-20   85961620
  1.541615e+00   8.693478e-17   5.889098e-04   1.095337e-20   85379956
  1.543655e+00   8.638833e-17   5.890392e-04   1.092979e-20   84860440
  1.545696e+00   8.579094e-17   5.891645e-04   1.090163e-20   84338596
  1.547737e+00   8.522351e-17   5.889823e-04   1.088023e-20   83770780
  1.549777e+00   8.469556e-17   5.890105e-04   1.086698e-20   83232380
  1.551818e+00   8.414651e-17   5.890092e-04   1.084790e-20   82685920
  1.553858e+00   8.359807e-17   5.891736e-04   1.082857e-20   82162552
  1.555899e+00   8.305645e-17   5.889481e-04   1.081056e-20   81583120
  1.557939e+00   8.252846e-17   5.890845e-04   1.079138e-20   81051772
  1.559980e+00   8.203097e-17   5.890308e-04   1.078307e-20   80492080
  1.562020e+00   8.146494e-17   5.890337e-04   1.076254e-20   79937728
  1.564061e+00   8.095051e-17   5.890974e-04   1.074697e-20   79392292
  1.566101e+00   8.043519e-17   5.889283e-04   1.073799e-20   78811832
  1.568142e+00   7.993306e-17   5.891109e-04   1.072482e-20   78277768
  1.570182e+00   7.943576e-17   5.890791e-04   1.071107e-20   77713156
  1.572223e+00   7.894349e-17   5.889841e-04   1.070280e-20   77137396
  1.574263e+00   7.841983e-17   5.891573e-04   1.068989e-20   76597252
  1.576304e+00   7.793902e-17   5.889752e-04   1.068385e-20   76006060
  1.578344e+00   7.746499e-17   5.890583e-04   1.068234e-20   75450580
  1.580385e+00   7.696164e-17   5.890719e-04   1.066865e-20   74884264
  1.582425e+00   7.650246e-17   5.888647e-04   1.067035e-20   74285432
  1.584466e+00   7.602160e-17   5.892725e-04   1.066395e-20   73765288
  1.586506e+00   7.553528e-17   5.890108e-04   1.065430e-20   73156660
  1.588547e+00   7.508562e-17   5.889540e-04   1.065915e-20   72574816
  1.590587e+00   7.462006e-17   5.892014e-04   1.065048e-20   72028000
  1.592628e+00   7.411700e-17   5.889485e-04   1.064620e-20   71415808
  1.594668e+00   7.370772e-17   5.890251e-04   1.064876e-20   70845868
  1.596709e+00   7.325038e-17   5.891156e-04   1.065349e-20   70272388
  1.598749e+00   7.278178e-17   5.890120e-04   1.064987e-20   69675308
  1.600790e+00   7.230701e-17   5.890000e-04   1.064449e-20   69088144
  1.602830e+00   7.184109e-17   5.890710e-04   1.063829e-20   68507884
  1.604871e+00   7.142472e-17   5.890512e-04   1.065249e-20   67917004
  1.606911e+00   7.094072e-17   5.890578e-04   1.064823e-20   67324480
  1.608952e+00   7.049276e-17   5.890788e-04   1.064868e-20   66733744
  1.610992e+00   7.006793e-17   5.890076e-04   1.065855e-20   66131224
  1.613033e+00   6.957834e-17   5.891093e-04   1.065226e-20   65545936
  1.615073e+00   6.917776e-17   5.889262e-04   1.066298e-20   64927556
  1.617114e+00   6.869525e-17   5.890371e-04   1.066530e-20   64338388
  1.619154e+00   6.827104e-17   5.891675e-04   1.066617e-20   63752068
  1.621195e+00   6.782792e-17   5.889776e-04   1.067600e-20   63127552
  1.623235e+00   6.735315e-17   5.890429e-04   1.067700e-20   62528716
  1.625276e+00   6.694004e-17   5.890384e-04   1.069202e-20   61921192
  1.627316e+00   6.645604e-17   5.890430e-04   1.068656e-20   61312336
  1.629357e+00   6.602747e-17   5.891104e-04   1.069896e-20   60710332
  1.631397e+00   6.556832e-17   5.888988e-04   1.070505e-20   60075140
  1.633438e+00   6.511304e-17   5.891169e-04   1.071230e-20   59484148
  1.635478e+00   6.463260e-17   5.890793e-04   1.070502e-20   58864996
  1.637519e+00   6.415386e-17   5.889698e-04   1.070840e-20   58235308
  1.639559e+00   6.370305e-17   5.890742e-04   1.071623e-20   57628036
  1.641600e+00   6.324372e-17   5.890577e-04   1.072091e-20   57004144
  1.643640e+00   6.276311e-17   5.891277e-04   1.072183e-20   56389540
  1.645681e+00   6.230462e-17   5.890631e-04   1.072387e-20   55759408
  1.647721e+00   6.178757e-17   5.888275e-04   1.072616e-20   55109720
  1.649762e+00   6.134224e-17   5.892023e-04   1.073328e-20   54519076
  1.651802e+00   6.081096e-17   5.890341e-04   1.072429e-20   53872468
  1.653843e+00   6.035451e-17   5.891088e-04   1.073184e-20   53248276
  1.655883e+00   5.981520e-17   5.889341e-04   1.072559e-20   52600132
  1.657924e+00   5.930084e-17   5.890604e-04   1.071860e-20   51976144
  1.659964e+00   5.881921e-17   5.891546e-04   1.071839e-20   51349900
  1.662005e+00   5.825288e-17   5.889908e-04   1.069922e-20   50695384
  1.664045e+00   5.776667e-17   5.890155e-04   1.069944e-20   50057984
  1.666086e+00   5.717289e-17   5.890380e-04   1.067612e-20   49419508
  1.668126e+00   5.660904e-17   5.890496e-04   1.065008e-20   48776488
  1.670167e+00   5.607473e-17   5.890648e-04   1.064999e-20   48133384
  1.672207e+00   5.543672e-17   5.889196e-04   1.060767e-20   47474236
  1.674248e+00   5.491238e-17   5.891309e-04   1.059470e-20   46843636
  1.676288e+00   5.428122e-17   5.891074e-04   1.055817e-20   46191052
  1.678329e+00   5.363951e-17   5.889792e-04   1.050943e-20   45529264
  1.680369e+00   5.303747e-17   5.890485e-04   1.047954e-20   44881736
  1.682410e+00   5.233371e-17   5.890525e-04   1.042761e-20   44225644
  1.684450e+00   5.171667e-17   5.891358e-04   1.036856e-20   43576192
  1.686491e+00   5.100389e-17   5.889794e-04   1.029750e-20   42904780
  1.688531e+00   5.027954e-17   5.889633e-04   1.021652e-20   42243280
  1.690572e+00   4.959571e-17   5.891008e-04   1.014492e-20   41592304
  1.692612e+00   4.880891e-17   5.890218e-04   1.003100e-20   40921504
  1.694653e+00   4.804474e-17   5.890829e-04   9.931042e-21   40260364
  1.696693e+00   4.724293e-17   5.888496e-04   9.808252e-21   39577280
  1.698733e+00   4.638865e-17   5.892354e-04   9.640865e-21   38934796
  1.700774e+00   4.552652e-17   5.890401e-04   9.490844e-21   38251060
  1.702814e+00   4.463611e-17   5.889828e-04   9.297032e-21   37573912
  1.704855e+00   4.373574e-17   5.889933e-04   9.090483e-21   36901072
  1.706895e+00   4.282124e-17   5.890773e-04   8.866624e-21   36243835
  1.708936e+00   4.202654e-17   5.891165e-04   8.679852e-21   35631178
  1.710977e+00   4.131624e-17   5.890339e-04   8.524703e-21   35038834
  1.713017e+00   4.065408e-17   5.889561e-04   8.384924e-21   34467356
  1.715058e+00   4.004446e-17   5.891917e-04   8.276346e-21   33932020
  1.717099e+00   3.945385e-17   5.890389e-04   8.163561e-21   33386890
  1.719139e+00   3.889434e-17   5.889525e-04   8.053935e-21   32859112
  1.721179e+00   3.836871e-17   5.890795e-04   7.957678e-21   32356054
  1.723220e+00   3.783755e-17   5.891297e-04   7.864593e-21   31858198
  1.725261e+00   3.736210e-17   5.889578e-04   7.782628e-21   31358896
  1.727301e+00   3.689374e-17   5.890306e-04   7.708686e-21   30881506
  1.729342e+00   3.643838e-17   5.890010e-04   7.630376e-21   30407522
  1.731382e+00   3.597939e-17   5.892460e-04   7.559721e-21   29957086
  1.733423e+00   3.556833e-17   5.890039e-04   7.496406e-21   29488294
  1.735463e+00   3.515469e-17   5.889085e-04   7.422777e-21   29035384
  1.737504e+00   3.474116e-17   5.890134e-04   7.367455e-21   28600522
  1.739544e+00   3.435578e-17   5.890735e-04   7.306659e-21   28168888
  1.741585e+00   3.399184e-17   5.891100e-04   7.260709e-21   27743284
  1.743625e+00   3.362449e-17   5.890873e-04   7.206707e-21   27321316
  1.745666e+00   3.326941e-17   5.888632e-04   7.161734e-21   26896532
  1.747706e+00   3.290215e-17   5.893143e-04   7.111080e-21   26509150
  1.749747e+00   3.255855e-17   5.889556e-04   7.063828e-21   26089648
  1.751787e+00   3.225121e-17   5.889177e-04   7.031565e-21   25691308
  1.753828e+00   3.193261e-17   5.891439e-04   6.997878e-21   25310632
  1.755869e+00   3.161523e-17   5.890222e-04   6.948193e-21   24918688
  1.757909e+00   3.132330e-17   5.891025e-04   6.923125e-21   24541360
  1.759949e+00   3.103502e-17   5.888725e-04   6.891925e-21   24156514
  1.761990e+00   3.075858e-17   5.890172e-04   6.866037e-21   23792042
  1.764031e+00   3.045060e-17   5.893560e-04   6.823206e-21   23440270
  1.766072e+00   3.016440e-17   5.889368e-04   6.799397e-21   23061724
  1.768111e+00   2.991803e-17   5.888399e-04   6.780269e-21   22702210
  1.770152e+00   2.965039e-17   5.891801e-04   6.756721e-21   22364644
  1.772193e+00   2.939831e-17   5.890835e-04   6.731854e-21   22012804
  1.774233e+00   2.914598e-17   5.890457e-04   6.710495e-21   21668428
  1.776274e+00   2.890298e-17   5.889348e-04   6.696298e-21   21326230
  1.778314e+00   2.867223e-17   5.889908e-04   6.681589e-21   20994284
  1.780354e+00   2.842305e-17   5.891391e-04   6.660136e-21   20669938
  1.782395e+00   2.819445e-17   5.891308e-04   6.642670e-21   20342638
  1.784436e+00   2.796533e-17   5.889063e-04   6.635318e-21   20013358
  1.786476e+00   2.774486e-17   5.892316e-04   6.614941e-21   19707214
  1.788517e+00   2.754838e-17   5.889170e-04   6.609293e-21   19381486
  1.790557e+00   2.732697e-17   5.890117e-04   6.603124e-21   19074238
  1.792598e+00   2.713007e-17   5.891567e-04   6.591361e-21   18772624
  1.794638e+00   2.693040e-17   5.888580e-04   6.588769e-21   18460526
  1.796679e+00   2.674538e-17   5.892699e-04   6.580731e-21   18174472
  1.798720e+00   2.654016e-17   5.889898e-04   6.575973e-21   17869018
  1.800760e+00   2.634772e-17   5.889083e-04   6.579883e-21   17574688
  1.802800e+00   2.616622e-17   5.892378e-04   6.568993e-21   17296672
  1.804841e+00   2.600231e-17   5.888582e-04   6.579431e-21   16999528
  1.806881e+00   2.581537e-17   5.891391e-04   6.575491e-21   16725952
  1.808922e+00   2.563817e-17   5.891464e-04   6.573186e-21   16447546
  1.810962e+00   2.549057e-17   5.888185e-04   6.586684e-21   16162976
  1.813003e+00   2.531101e-17   5.891753e-04   6.581691e-21   15901480
  1.815043e+00   2.515707e-17   5.889780e-04   6.590469e-21   15626866
  1.817084e+00   2.499986e-17   5.890869e-04   6.600231e-21   15364096
  1.819124e+00   2.483875e-17   5.890487e-04   6.603186e-21   15101074
  1.821165e+00   2.468085e-17   5.890272e-04   6.607402e-21   14840482
  1.823205e+00   2.453666e-17   5.890653e-04   6.623072e-21   14585698
  1.825246e+00   2.437973e-17   5.891264e-04   6.633275e-21   14333860
  1.827286e+00   2.426308e-17   5.887389e-04   6.653568e-21   14073794
  1.829327e+00   2.411933e-17   5.893124e-04   6.661758e-21   13840834
  1.831368e+00   2.398698e-17   5.889528e-04   6.682333e-21   13587610
  1.833408e+00   2.382780e-17   5.890132e-04   6.686933e-21   13347532
  1.835449e+00   2.371519e-17   5.891862e-04   6.711793e-21   13113010
  1.837489e+00   2.358581e-17   5.889134e-04   6.728922e-21   12870418
  1.839530e+00   2.345634e-17   5.891722e-04   6.748275e-21   12643618
  1.841570e+00   2.333228e-17   5.889276e-04   6.772212e-21   12408220
  1.843610e+00   2.321930e-17   5.888611e-04   6.791273e-21   12178826
  1.845651e+00   2.310680e-17   5.893835e-04   6.817586e-21   11965252
  1.847692e+00   2.299742e-17   5.889798e-04   6.842771e-21   11734570
  1.849732e+00   2.287311e-17   5.888108e-04   6.866483e-21   11512084
  1.851772e+00   2.277462e-17   5.892882e-04   6.896152e-21   11304874
  1.853813e+00   2.265453e-17   5.890727e-04   6.923929e-21   11085628
  1.855854e+00   2.256795e-17   5.888873e-04   6.959096e-21   10871212
  1.857894e+00   2.244196e-17   5.890526e-04   6.984111e-21   10665436
  1.859934e+00   2.235815e-17   5.887988e-04   7.018860e-21   10454018
  1.861975e+00   2.225344e-17   5.894361e-04   7.049150e-21   10261756
  1.864016e+00   2.216367e-17   5.890315e-04   7.088957e-21   10052716
  1.866056e+00   2.207566e-17   5.887366e-04   7.137297e-21   9849052
  1.868096e+00   2.197330e-17   5.891497e-04   7.165294e-21   9659884
  1.870137e+00   2.187827e-17   5.891009e-04   7.200793e-21   9464068
  1.872178e+00   2.179481e-17   5.891150e-04   7.241047e-21   9273118
  1.874218e+00   2.172185e-17   5.890493e-04   7.284714e-21   9082996
  1.876258e+00   2.164027e-17   5.885635e-04   7.338713e-21   8888324
  1.878298e+00   2.155464e-17   5.894681e-04   7.376128e-21   8717860
  1.880339e+00   2.147685e-17   5.889024e-04   7.430810e-21   8526892
  1.882380e+00   2.140438e-17   5.891160e-04   7.480060e-21   8350294
  1.884421e+00   2.132929e-17   5.892668e-04   7.535967e-21   8175196
  1.886461e+00   2.125756e-17   5.886896e-04   7.588830e-21   7991188
  1.888501e+00   2.121103e-17   5.891856e-04   7.646806e-21   7825390
  1.890542e+00   2.111412e-17   5.892269e-04   7.690677e-21   7655212
  1.892582e+00   2.104558e-17   5.885119e-04   7.756026e-21   7477166
  1.894623e+00   2.097477e-17   5.895156e-04   7.812762e-21   7324060
  1.896664e+00   2.092922e-17   5.888806e-04   7.873763e-21   7151566
  1.898704e+00   2.086416e-17   5.888852e-04   7.943141e-21   6989950
  1.900745e+00   2.081777e-17   5.894191e-04   8.012871e-21   6836908
  1.902785e+00   2.074860e-17   5.887692e-04   8.088176e-21   6671038
  1.904825e+00   2.066858e-17   5.892290e-04   8.144832e-21   6521230
  1.906866e+00   2.063199e-17   5.889874e-04   8.220352e-21   6365332
  1.908906e+00   2.055960e-17   5.884549e-04   8.296133e-21   6208238
  1.910946e+00   2.050469e-17   5.897328e-04   8.362282e-21   6073126
  1.912988e+00   2.046658e-17   5.888926e-04   8.457134e-21   5916982
  1.915027e+00   2.043647e-17   5.887954e-04   8.554988e-21   5771308
  1.917068e+00   2.037728e-17   5.892604e-04   8.626021e-21   5633446
  1.919109e+00   2.034180e-17   5.888913e-04   8.724023e-21   5488414
  1.921149e+00   2.030445e-17   5.892279e-04   8.807581e-21   5353270
  1.923191e+00   2.025134e-17   5.893097e-04   8.907930e-21   5217238
  1.925230e+00   2.021750e-17   5.881123e-04   8.999856e-21   5071646
  1.927270e+00   2.017882e-17   5.897435e-04   9.092420e-21   4953394
  1.929311e+00   2.011623e-17   5.888971e-04   9.196854e-21   4815046
  1.931351e+00   2.009256e-17   5.888986e-04   9.307001e-21   4686502
  1.933392e+00   2.004829e-17   5.894151e-04   9.410436e-21   4564246
  1.935432e+00   2.002430e-17   5.884214e-04   9.538649e-21   4431088
  1.937472e+00   1.998454e-17   5.895013e-04   9.648850e-21   4316734
  1.939514e+00   1.996498e-17   5.892371e-04   9.772536e-21   4193806
  1.941554e+00   1.995247e-17   5.881432e-04   9.920646e-21   4066670
  1.943594e+00   1.993370e-17   5.899332e-04   1.002604e-20   3962278
  1.945635e+00   1.989598e-17   5.886384e-04   1.017121e-20   3837862
  1.947675e+00   1.988057e-17   5.888459e-04   1.032252e-20   3726112
  1.949716e+00   1.983108e-17   5.894296e-04   1.043715e-20   3618790
  1.951756e+00   1.982294e-17   5.885912e-04   1.060054e-20   3503302
  1.953796e+00   1.982594e-17   5.894725e-04   1.076894e-20   3401176
  1.955838e+00   1.982260e-17   5.891226e-04   1.092937e-20   3293194
  1.957876e+00   1.976711e-17   5.877277e-04   1.109945e-20   3181142
  1.959917e+00   1.972150e-17   5.903988e-04   1.122814e-20   3093808
  1.961960e+00   1.975344e-17   5.888871e-04   1.142100e-20   2984950
  1.963999e+00   1.969313e-17   5.886109e-04   1.160525e-20   2885224
  1.966040e+00   1.970407e-17   5.897750e-04   1.179450e-20   2794390
  1.968080e+00   1.967529e-17   5.881630e-04   1.201154e-20   2690920
  1.970120e+00   1.965362e-17   5.894221e-04   1.220193e-20   2603926
  1.972161e+00   1.970060e-17   5.892800e-04   1.244369e-20   2511952
  1.974200e+00   1.966036e-17   5.876979e-04   1.266756e-20   2415422
  1.976241e+00   1.967401e-17   5.905190e-04   1.285725e-20   2339440
  1.978283e+00   1.965537e-17   5.886459e-04   1.312564e-20   2245138
  1.980322e+00   1.965278e-17   5.885584e-04   1.337731e-20   2160592
  1.982363e+00   1.963317e-17   5.897432e-04   1.359383e-20   2082736
  1.984403e+00   1.968803e-17   5.881362e-04   1.394272e-20   1995454
  1.986443e+00   1.966737e-17   5.897534e-04   1.419797e-20   1922008
  1.988485e+00   1.961864e-17   5.891749e-04   1.446544e-20   1842448
  1.990522e+00   1.964376e-17   5.870719e-04   1.483990e-20   1759982
  1.992563e+00   1.963653e-17   5.909793e-04   1.508243e-20   1698088
  1.994607e+00   1.963845e-17   5.888644e-04   1.545399e-20   1618912
  1.996645e+00   1.966708e-17   5.882080e-04   1.582298e-20   1546426
  1.998686e+00   1.964564e-17   5.901587e-04   1.612882e-20   1482760
  2.000726e+00   1.970113e-17   5.876526e-04   1.660348e-20   1408504
  2.002766e+00   1.967840e-17   5.900293e-04   1.694245e-20   1348888
  2.004809e+00   1.971504e-17   5.894112e-04   1.744573e-20   1283128
  2.006844e+00   1.976727e-17   5.857661e-04   1.794181e-20   1212710
  2.008884e+00   1.971017e-17   5.919958e-04   1.825361e-20   1165312
  2.010930e+00   1.976961e-17   5.888517e-04   1.883240e-20   1099240
  2.012967e+00   1.982535e-17   5.874477e-04   1.946904e-20   1039180
  2.015008e+00   1.976322e-17   5.907201e-04   1.989512e-20   989296
  2.017048e+00   1.979731e-17   5.871427e-04   2.055208e-20   928480
  2.019088e+00   1.984081e-17   5.908312e-04   2.112628e-20   881896
  2.021133e+00   1.986108e-17   5.892377e-04   2.184349e-20   828112
  2.023164e+00   1.983811e-17   5.840081e-04   2.262766e-20   771512
  2.025205e+00   1.991216e-17   5.943827e-04   2.319907e-20   737656
  2.027255e+00   1.992461e-17   5.883968e-04   2.416657e-20   682876
  2.029287e+00   1.998358e-17   5.857126e-04   2.497854e-20   635344
  2.031329e+00   1.992691e-17   5.927774e-04   2.575642e-20   600232
  2.033373e+00   2.008458e-17   5.864297e-04   2.701228e-20   551368
  2.035408e+00   2.003713e-17   5.898380e-04   2.793550e-20   514696
  2.037453e+00   1.998685e-17   5.900658e-04   2.893969e-20   476416
  2.039484e+00   2.002080e-17   5.824378e-04   3.033840e-20   433616
  2.041526e+00   2.010046e-17   5.962478e-04   3.142790e-20   408292
  2.043575e+00   2.014032e-17   5.862678e-04   3.338228e-20   366880
  2.045605e+00   2.020724e-17   5.870941e-04   3.494777e-20   335704
  2.047656e+00   2.019371e-17   5.955911e-04   3.645757e-20   309472
  2.049690e+00   2.020710e-17   5.783526e-04   3.880719e-20   270784
  2.051720e+00   2.032769e-17   5.958327e-04   4.068532e-20   251818
  2.053787e+00   2.029454e-17   5.940264e-04   4.301329e-20   224092
  2.055790e+00   2.043917e-17   5.619118e-04   4.710191e-20   188432
  2.057825e+00   2.042076e-17   6.103572e-04   4.809352e-20   181504
  2.059914e+00   2.043498e-17   5.896146e-04   5.202303e-20   151936
  2.061912e+00   2.052117e-17   5.664388e-04   5.801534e-20   126706
  2.063961e+00   2.075225e-17   6.122265e-04   6.036799e-20   118288
  2.066031e+00   2.074048e-17   5.747082e-04   6.854307e-20   92620
  2.068014e+00   2.051636e-17   5.791988e-04   7.341678e-20   78136
  2.070093e+00   2.068355e-17   6.153460e-04   7.883658e-20   68626
  2.072088e+00   2.031112e-17   5.129496e-04   9.432615e-20   46280
  2.074059e+00   2.064709e-17   6.160051e-04   9.955731e-20   43432
  2.076220e+00   2.091344e-17   6.155713e-04   1.161489e-19   32056
  2.078220e+00   2.100842e-17   5.100189e-04   1.531671e-19   19270
  2.080175e+00   2.089853e-17   6.137065e-04   1.661878e-19   15688
  2.082322e+00   2.078824e-17   6.108434e-04   2.118700e-19   9208
  2.084319e+00   2.104283e-17   5.039385e-04   3.282735e-19   3970
  2.086177e+00   2.163523e-17   5.810493e-04   4.900652e-19   1816
  2.088030e+00   1.964559e-17   3.896770e-04   1.505321e-18   230
