# power spectrum of zeta (dimensionless)
# redshift z=99.989901
# k              Pk             sigma(k)       sigma(Pk)      count
  4.487990e-03   1.425975e-10   0.000000e+00   3.069960e-11   6
  6.346976e-03   1.442412e-10   0.000000e+00   1.483115e-11   12
  7.773426e-03   3.842102e-10   8.514949e-11   1.674582e-10   8
  8.975979e-03   3.293699e-09   0.000000e+00   6.851219e-10   6
  1.003545e-02   6.569295e-10   1.605594e-10   1.542453e-10   24
  1.099328e-02   1.230962e-09   1.605594e-10   2.004807e-10   24
  1.269395e-02   9.975043e-10   0.000000e+00   1.888407e-10   12
  1.346397e-02   2.659275e-09   1.816523e-10   6.749460e-10   30
  1.419227e-02   9.471377e-10   0.000000e+00   1.643655e-10   24
  1.488498e-02   1.796430e-09   2.780971e-10   4.513697e-10   24
  1.554685e-02   5.236995e-10   1.702990e-10   1.676387e-10   8
  1.618168e-02   1.691822e-09   2.270653e-10   3.008068e-10   24
  1.679252e-02   2.270306e-09   0.000000e+00   2.741148e-10   48
  1.795196e-02   7.863636e-08   0.000000e+00   2.448857e-08   6
  1.850445e-02   1.008103e-09   2.270653e-10   1.596409e-10   48
  1.904093e-02   2.000208e-09   2.140792e-10   2.746175e-10   36
  1.956269e-02   3.181824e-09   2.270653e-10   6.061422e-10   24
  2.007090e-02   1.228668e-09   3.211188e-10   2.571716e-10   24
  2.056655e-02   1.854921e-09   0.000000e+00   1.868320e-10   48
  2.105054e-02   2.200414e-09   3.211188e-10   3.849352e-10   24
  2.198657e-02   1.623806e-09   3.211188e-10   2.864371e-10   24
  2.243995e-02   4.179844e-09   0.000000e+00   1.588934e-09   30
  2.288435e-02   3.092908e-09   0.000000e+00   3.249024e-10   72
  2.332028e-02   4.154698e-09   3.405980e-10   6.804264e-10   32
  2.416856e-02   2.645770e-09   0.000000e+00   2.586899e-10   72
  2.458173e-02   3.768759e-09   0.000000e+00   5.109504e-10   48
  2.538790e-02   1.502599e-09   0.000000e+00   3.570599e-10   12
  2.578154e-02   3.760059e-09   0.000000e+00   6.338551e-10   48
  2.616925e-02   2.201630e-09   0.000000e+00   3.314110e-10   48
  2.655130e-02   3.588302e-09   3.211188e-10   4.621596e-10   48
  2.692794e-02   1.451648e-08   3.633045e-10   6.431074e-09   30
  2.729937e-02   3.873648e-09   0.000000e+00   9.081737e-10   24
  2.766583e-02   2.603605e-09   6.769780e-10   2.545868e-10   72
  2.838454e-02   2.875979e-09   0.000000e+00   6.109528e-10   24
  2.873715e-02   4.497947e-09   0.000000e+00   4.281448e-10   96
  2.908550e-02   2.114988e-09   0.000000e+00   1.427619e-10   48
  2.942972e-02   3.613683e-09   5.561942e-10   7.918517e-10   24
  2.976995e-02   1.374894e-09   5.561942e-10   2.314809e-10   24
  3.010635e-02   2.394849e-09   0.000000e+00   2.449821e-10   72
  3.043903e-02   4.547722e-09   0.000000e+00   5.967391e-10   48
  3.109370e-02   1.749411e-09   3.405980e-10   2.513677e-10   8
  3.141593e-02   6.937062e-09   4.036717e-10   2.804027e-09   54
  3.173488e-02   2.776666e-09   0.000000e+00   2.884110e-10   84
  3.205066e-02   4.007721e-09   0.000000e+00   6.550680e-10   48
  3.236335e-02   2.218860e-09   4.541306e-10   3.485563e-10   24
  3.267306e-02   4.745854e-09   6.055075e-10   4.825247e-10   72
  3.297985e-02   3.320743e-09   0.000000e+00   3.911503e-10   96
  3.358504e-02   2.084577e-09   0.000000e+00   3.130706e-10   48
  3.388358e-02   2.985176e-09   0.000000e+00   3.035428e-10   48
  3.417951e-02   3.935181e-09   0.000000e+00   5.511221e-10   24
  3.447290e-02   3.562610e-09   0.000000e+00   4.781182e-10   72
  3.505232e-02   1.564408e-09   0.000000e+00   1.802308e-10   72
  3.533846e-02   2.284547e-09   0.000000e+00   2.315447e-10   96
  3.590392e-02   5.863863e-07   0.000000e+00   2.050543e-07   6
  3.618333e-02   3.017715e-09   0.000000e+00   2.267769e-10   96
  3.646060e-02   4.185146e-09   4.541306e-10   5.101973e-10   96
  3.673578e-02   4.374722e-09   0.000000e+00   1.132355e-09   24
  3.700891e-02   4.085573e-09   4.541306e-10   7.007274e-10   48
  3.728004e-02   5.363376e-09   0.000000e+00   5.940423e-10   96
  3.754921e-02   1.941587e-09   0.000000e+00   2.362670e-10   48
  3.808185e-02   2.519986e-09   4.281585e-10   3.066289e-10   36
  3.834540e-02   2.990570e-09   7.865773e-10   3.514884e-10   48
  3.860715e-02   3.324736e-09   8.899106e-10   3.205286e-10   120
  3.886713e-02   2.462973e-09   0.000000e+00   2.902598e-10   56
  3.912539e-02   2.752908e-09   4.541306e-10   3.319075e-10   24
  3.938195e-02   2.812333e-09   0.000000e+00   2.899950e-10   96
  3.963685e-02   1.954366e-09   0.000000e+00   3.261140e-10   48
  4.014180e-02   3.761594e-09   6.422377e-10   9.928449e-10   24
  4.039191e-02   8.060568e-09   0.000000e+00   2.674022e-09   102
  4.064047e-02   3.073583e-09   4.541306e-10   4.316351e-10   48
  4.088753e-02   4.524513e-09   0.000000e+00   1.038157e-09   72
  4.113310e-02   1.593133e-09   0.000000e+00   1.880882e-10   48
  4.137722e-02   5.694488e-09   0.000000e+00   1.040657e-09   48
  4.161990e-02   4.861386e-09   1.027580e-09   6.164339e-10   120
  4.210107e-02   2.709878e-09   6.422377e-10   3.736921e-10   24
  4.233961e-02   2.513674e-09   6.055075e-10   2.515138e-10   144
  4.257681e-02   2.534028e-09   7.266090e-10   2.512580e-10   120
  4.281269e-02   8.310142e-09   6.422377e-10   1.132163e-09   48
  4.328060e-02   2.944387e-09   6.422377e-10   4.032948e-10   48
  4.351267e-02   3.197973e-09   6.422377e-10   3.783460e-10   96
  4.412543e-02   2.401289e-09   1.076845e-04   2.902435e-10   72
  4.442883e-02   2.739235e-09   5.708779e-10   2.916104e-10   108
  4.465493e-02   3.008278e-09   0.000000e+00   5.614413e-10   72
  4.487990e-02   5.718522e-08   0.000000e+00   2.768950e-08   30
  4.510374e-02   3.770144e-09   0.000000e+00   5.927971e-10   168
  4.532647e-02   6.682386e-09   0.000000e+00   1.104017e-09   48
  4.576869e-02   5.083947e-09   0.000000e+00   8.064414e-10   72
  4.598821e-02   1.041761e-08   0.000000e+00   1.296561e-09   96
  4.620668e-02   3.430376e-09   1.211015e-09   4.114348e-10   72
  4.642412e-02   2.483777e-09   0.000000e+00   2.947648e-10   72
  4.678970e-02   3.880388e-09   9.942967e-05   6.154034e-10   104
  4.707043e-02   5.020222e-09   8.563169e-10   6.904911e-10   144
  4.770798e-02   3.394890e-09   1.436087e-09   3.439835e-10   96
  4.791862e-02   1.925188e-09   0.000000e+00   1.825483e-10   96
  4.825361e-02   2.672720e-09   1.022910e-04   2.702275e-10   120
  4.854503e-02   3.742790e-09   0.000000e+00   4.288525e-10   120
  4.875204e-02   2.694596e-09   0.000000e+00   3.928065e-10   72
  4.916346e-02   2.672812e-09   0.000000e+00   4.275482e-10   48
  4.936788e-02   1.174503e-08   1.117860e-09   5.693229e-09   78
  4.962939e-02   4.380427e-09   9.159181e-05   7.181856e-10   168
  5.017725e-02   4.093594e-09   1.048770e-09   5.903686e-10   144
  5.037756e-02   7.527034e-09   8.563169e-10   8.906859e-10   144
  5.095853e-02   2.827503e-09   5.274950e-05   3.006109e-10   156
  5.117095e-02   3.920369e-09   1.112388e-09   5.552857e-10   48
  5.136739e-02   5.052785e-09   7.266090e-10   6.950676e-10   120
  5.156307e-02   2.574171e-09   0.000000e+00   4.039411e-10   48
  5.190908e-02   2.778937e-09   8.074274e-05   2.739425e-10   216
  5.233850e-02   1.585323e-09   0.000000e+00   1.597376e-10   48
  5.253057e-02   3.350883e-09   6.422377e-10   3.436949e-10   96
  5.280366e-02   3.643395e-09   9.436050e-05   4.202853e-10   168
  5.310261e-02   2.116770e-09   6.422377e-10   2.665188e-10   48
  5.329192e-02   3.145093e-09   0.000000e+00   5.167148e-10   96
  5.348057e-02   1.289092e-09   0.000000e+00   1.743178e-10   48
  5.385587e-02   3.225254e-07   7.266090e-10   1.616511e-07   30
  5.404255e-02   4.167809e-09   0.000000e+00   6.097596e-10   96
  5.426566e-02   5.295509e-09   7.415896e-05   6.307295e-10   240
  5.455256e-02   9.213245e-09   8.000683e-05   2.682876e-09   32
  5.478289e-02   6.113062e-09   0.000000e+00   8.036467e-10   168
  5.496642e-02   2.025918e-09   0.000000e+00   1.889842e-10   120
  5.533165e-02   3.495753e-09   1.353956e-09   4.789700e-10   72
  5.551336e-02   3.126026e-09   6.055075e-10   3.809448e-10   144
  5.569449e-02   6.187646e-09   0.000000e+00   1.029752e-09   96
  5.587502e-02   1.714328e-09   0.000000e+00   2.284996e-10   96
  5.623435e-02   6.837828e-09   0.000000e+00   1.152633e-09   72
  5.641315e-02   1.610352e-09   9.082613e-10   1.870723e-10   96
  5.676908e-02   9.036008e-09   0.000000e+00   2.301263e-09   24
  5.694620e-02   3.115030e-09   0.000000e+00   3.841017e-10   192
  5.715479e-02   1.676612e-09   6.789523e-05   2.148821e-10   132
  5.747431e-02   2.174960e-09   0.000000e+00   2.559560e-10   96
  5.764927e-02   1.454035e-09   0.000000e+00   1.643063e-10   96
  5.782370e-02   1.307644e-09   7.266090e-10   1.404341e-10   120
  5.817099e-02   8.803525e-10   0.000000e+00   9.432381e-11   48
  5.845566e-02   9.444379e-09   8.228355e-05   2.990508e-09   222
  5.868808e-02   6.024216e-09   0.000000e+00   1.675940e-09   120
  5.885943e-02   1.544540e-09   1.112388e-09   2.251164e-10   24
  5.910891e-02   6.659531e-09   8.492858e-05   6.859189e-10   312
  5.965251e-02   4.783452e-09   7.962394e-05   6.483055e-10   72
  5.987725e-02   4.147458e-09   1.112388e-09   6.476606e-10   96
  6.010802e-02   4.514827e-09   8.108596e-05   7.253608e-10   192
  6.037972e-02   1.669664e-09   1.027580e-09   1.664246e-10   120
  6.054629e-02   3.635710e-09   0.000000e+00   5.739863e-10   144
  6.087805e-02   2.896710e-09   0.000000e+00   4.172397e-10   48
  6.111387e-02   2.501609e-09   8.153477e-05   1.933286e-10   336
  6.137233e-02   5.931551e-09   0.000000e+00   1.520879e-09   48
  6.169965e-02   2.453920e-09   0.000000e+00   3.477286e-10   192
  6.186267e-02   1.074551e-09   0.000000e+00   1.206423e-10   48
  6.232604e-02   1.793815e-09   5.659583e-05   3.211532e-10   56
  6.255643e-02   2.935990e-09   7.268827e-05   2.388707e-10   336
  6.283185e-02   6.773631e-08   8.073433e-10   3.248722e-08   54
  6.307177e-02   6.929897e-09   7.983781e-05   9.838430e-10   240
  6.356985e-02   1.029028e-08   7.644534e-05   1.263765e-09   228
  6.378632e-02   1.440268e-09   8.563169e-10   1.747105e-10   72
  6.399644e-02   2.383176e-09   7.415385e-05   2.611307e-10   144
  6.425823e-02   6.340990e-09   0.000000e+00   1.226750e-09   96
  6.441477e-02   5.457928e-09   1.027580e-09   8.776082e-10   240
  6.472671e-02   9.723604e-10   9.082613e-10   8.951331e-11   24
  6.492641e-02   2.414668e-09   7.003773e-05   2.245146e-10   336
  6.519181e-02   7.522760e-10   0.000000e+00   9.849248e-11   72
  6.543408e-02   5.543653e-09   7.617900e-05   6.319384e-10   168
  6.565363e-02   3.813397e-09   0.000000e+00   6.425476e-10   72
  6.595971e-02   2.928753e-09   0.000000e+00   3.887474e-10   96
  6.619675e-02   1.198321e-09   7.560752e-05   9.829877e-11   216
  6.641618e-02   1.486180e-09   0.000000e+00   1.607344e-10   96
  6.671876e-02   2.392634e-09   9.082613e-10   2.093931e-10   192
  6.686954e-02   3.065679e-09   8.563169e-10   4.019249e-10   144
  6.717008e-02   8.244155e-10   0.000000e+00   9.385845e-11   48
  6.737816e-02   9.020882e-09   7.289453e-05   3.700644e-09   246
  6.766089e-02   5.848134e-09   6.720992e-05   1.390502e-09   168
  6.791561e-02   6.295319e-09   1.779821e-09   1.421537e-09   120
  6.806373e-02   7.377992e-09   0.000000e+00   1.047567e-09   240
  6.835902e-02   2.868289e-09   0.000000e+00   4.900544e-10   24
  6.859430e-02   3.043990e-09   7.194229e-05   2.776765e-10   360
  6.888731e-02   8.823027e-09   7.163615e-05   1.275829e-09   120
  6.909172e-02   1.457578e-09   0.000000e+00   1.628247e-10   144
  6.923733e-02   4.933130e-09   0.000000e+00   8.544225e-10   96
  6.967233e-02   3.197002e-09   0.000000e+00   4.275323e-10   144
  6.981673e-02   3.927358e-09   0.000000e+00   5.398868e-10   132
  7.001966e-02   3.042736e-09   7.070381e-05   6.686466e-10   176
  7.031425e-02   2.321070e-09   7.139661e-05   2.732855e-10   312
  7.067693e-02   1.568477e-09   0.000000e+00   1.984892e-10   96
  7.081928e-02   1.294812e-09   0.000000e+00   1.028462e-10   144
  7.103769e-02   3.155088e-09   7.068048e-05   2.853717e-10   312
  7.138584e-02   1.105019e-09   0.000000e+00   1.213208e-10   48
  7.152678e-02   1.850808e-09   9.082613e-10   1.785771e-10   192
  7.180783e-02   2.717270e-06   0.000000e+00   9.356090e-07   6
  7.199456e-02   6.412921e-09   6.592151e-05   9.009541e-10   288
  7.229701e-02   3.789201e-09   6.965036e-05   7.107367e-10   192
  7.250569e-02   8.161232e-09   2.136030e-09   1.088297e-09   216
  7.264446e-02   2.218227e-09   0.000000e+00   3.943938e-10   72
  7.299019e-02   3.851573e-09   6.898890e-05   4.459758e-10   192
  7.321980e-02   4.171085e-09   5.122797e-05   6.644675e-10   288
  7.347155e-02   1.735791e-09   0.000000e+00   2.685450e-10   24
  7.366606e-02   2.251965e-09   6.748859e-05   2.786561e-10   456
  7.401782e-02   6.366012e-09   0.000000e+00   1.795394e-09   48
  7.423517e-02   4.212541e-09   6.647357e-05   5.744731e-10   240
  7.448497e-02   2.452503e-09   6.717903e-05   2.404109e-10   216
  7.469503e-02   2.668516e-09   0.000000e+00   3.990025e-10   72
  7.482974e-02   1.402960e-09   2.321067e-09   1.769305e-10   168
  7.521008e-02   2.382948e-09   4.993319e-05   2.614152e-10   288
  7.542338e-02   3.115750e-09   6.607016e-05   3.690986e-10   168
  7.576598e-02   2.242577e-09   0.000000e+00   2.908714e-10   192
  7.589879e-02   1.343311e-09   8.563169e-10   1.144648e-10   144
  7.616371e-02   4.372808e-09   8.563169e-10   6.218476e-10   36
  7.638837e-02   7.416414e-09   6.033611e-05   3.059385e-09   342
  7.660318e-02   6.527579e-09   6.195787e-05   1.976489e-09   144
  7.687931e-02   7.098708e-09   6.497828e-05   8.437174e-10   384
  7.721429e-02   2.293098e-09   1.779821e-09   2.645689e-10   120
  7.738009e-02   3.922481e-09   5.794173e-05   4.360258e-10   264
  7.760459e-02   6.161453e-09   2.872174e-09   1.098932e-09   192
  7.781602e-02   1.303463e-09   6.244329e-05   1.507753e-10   152
  7.799294e-02   4.415107e-09   1.712634e-09   7.807709e-10   144
  7.836508e-02   1.781130e-09   4.041391e-05   2.240704e-10   216
  7.853733e-02   3.660354e-09   5.400376e-05   4.044660e-10   312
  7.884055e-02   3.230963e-09   6.258929e-05   4.510325e-10   240
  7.901921e-02   9.974792e-10   9.082613e-10   1.131754e-10   96
  7.935833e-02   7.854919e-10   5.983988e-05   6.587451e-11   144
  7.956734e-02   2.905749e-09   5.881734e-05   2.559322e-10   456
  7.990638e-02   1.195666e-09   0.000000e+00   1.127516e-10   120
  8.003232e-02   2.188121e-09   0.000000e+00   2.643634e-10   144
  8.028360e-02   7.392741e-10   1.284475e-09   1.273470e-10   24
  8.044470e-02   1.704202e-09   5.653709e-05   1.536898e-10   336
  8.072332e-02   2.761974e-08   6.235271e-05   1.318916e-08   198
  8.098439e-02   4.985067e-09   6.063443e-05   7.932477e-10   432
  8.128095e-02   1.452699e-08   1.816523e-09   3.211804e-09   48
  8.143566e-02   7.103414e-09   5.352971e-05   9.940583e-10   384
  8.171344e-02   1.794129e-09   6.162404e-05   3.082218e-10   144
  8.196515e-02   8.674563e-09   6.118458e-05   1.254765e-09   264
  8.226621e-02   8.002634e-10   0.000000e+00   1.085389e-10   48
  8.246820e-02   2.864388e-09   5.817654e-05   4.142496e-10   276
  8.266310e-02   2.581419e-09   5.273546e-05   3.121042e-10   192
  8.292356e-02   2.900913e-09   5.926306e-05   2.919620e-10   552
  8.323980e-02   2.944072e-09   1.453218e-09   4.479990e-10   120
  8.342777e-02   7.732682e-10   5.998883e-05   6.033917e-11   216
  8.360198e-02   1.109071e-09   1.453218e-09   1.284689e-10   120
  8.391317e-02   2.492624e-09   5.907428e-05   2.156779e-10   408
  8.420215e-02   5.090322e-10   1.284475e-09   1.165029e-10   24
  8.438134e-02   1.702147e-09   5.967566e-05   1.615897e-10   384
  8.463161e-02   1.434853e-09   5.830526e-05   1.942852e-10   240
  8.484893e-02   2.079923e-09   5.873223e-05   2.512866e-10   168
  8.515361e-02   1.341631e-09   0.000000e+00   1.840729e-10   120
  8.535003e-02   8.583007e-09   6.122527e-05   3.350040e-09   350
  8.566942e-02   5.966535e-09   1.007886e-04   9.923432e-10   384
  8.586029e-02   1.315173e-08   0.000000e+00   2.135756e-09   144
  8.621146e-02   2.927087e-09   1.211015e-09   4.033373e-10   288
  8.639482e-02   4.823198e-09   5.769264e-05   6.954955e-10   336
  8.664426e-02   1.197040e-09   5.252436e-05   1.170539e-10   168
  8.679359e-02   3.036132e-09   3.442699e-09   3.960558e-10   336
  8.710244e-02   1.870271e-09   5.451716e-05   2.099802e-10   288
  8.728795e-02   4.440256e-09   5.136910e-05   6.745925e-10   264
  8.760206e-02   2.583380e-09   0.000000e+00   4.535997e-10   240
  8.771695e-02   1.095918e-09   0.000000e+00   1.174342e-10   96
  8.812928e-02   2.434450e-09   6.985852e-05   2.954367e-10   360
  8.832172e-02   3.071435e-09   5.149772e-05   4.154860e-10   168
  8.856486e-02   1.503722e-09   5.613787e-05   1.175706e-10   456
  8.885766e-02   1.046599e-09   1.614687e-09   1.178102e-10   108
  8.902234e-02   1.371473e-09   5.632711e-05   2.096409e-10   264
  8.922780e-02   1.476162e-09   5.025296e-05   2.039990e-10   264
  8.950914e-02   1.515689e-09   4.742099e-05   1.319915e-10   312
  8.985946e-02   7.623644e-08   3.523897e-05   3.913727e-08   270
  9.000628e-02   6.206742e-09   4.474031e-05   1.240203e-09   240
  9.027023e-02   6.610215e-09   5.534940e-05   8.773870e-10   384
  9.043048e-02   1.460322e-09   1.816523e-09   1.433435e-10   192
  9.074177e-02   3.480553e-09   4.441052e-05   5.135842e-10   240
  9.092233e-02   4.417464e-09   5.480976e-05   6.577385e-10   336
  9.126190e-02   2.765248e-09   5.517650e-05   3.573204e-10   480
  9.153738e-02   5.432105e-09   1.211015e-09   1.574335e-09   72
  9.169127e-02   4.360949e-09   5.380211e-05   7.198085e-10   240
  9.190057e-02   1.548280e-09   5.056661e-05   2.123147e-10   312
  9.214050e-02   8.782001e-10   5.465037e-05   6.801770e-11   240
  9.250305e-02   2.241723e-09   4.152014e-05   2.299519e-10   408
  9.264658e-02   2.303798e-09   3.802244e-05   2.395558e-10   336
  9.292709e-02   2.031658e-09   4.827913e-05   2.490040e-10   264
  9.306493e-02   4.782425e-10   0.000000e+00   4.362975e-11   144
  9.344847e-02   1.363997e-09   6.691774e-05   1.108432e-10   464
  9.365053e-02   1.058575e-09   5.321333e-05   1.244363e-10   168
  9.385003e-02   1.203225e-09   4.846574e-05   1.177204e-10   336
  9.421059e-02   6.046989e-09   5.092274e-05   2.744603e-09   414
  9.441384e-02   6.772955e-09   5.300755e-05   1.538142e-09   216
  9.467424e-02   1.006178e-08   1.284475e-09   1.871561e-09   96
  9.478056e-02   5.242946e-09   3.146309e-09   8.565083e-10   384
  9.515300e-02   2.551576e-09   5.290514e-05   2.926105e-10   492
  9.535260e-02   6.053420e-09   5.173669e-05   9.798099e-10   240
  9.557820e-02   3.078563e-09   5.253086e-05   4.700721e-10   312
  9.588974e-02   1.549514e-09   5.251357e-05   3.213635e-10   192
  9.608709e-02   2.299996e-09   5.089201e-05   2.784116e-10   504
  9.634892e-02   1.823605e-09   3.369138e-05   2.745561e-10   408
  9.655507e-02   5.382828e-10   1.032177e-04   4.544894e-11   168
  9.681304e-02   3.167207e-09   4.902931e-05   3.396045e-10   288
  9.702952e-02   2.155542e-09   5.116628e-05   2.801350e-10   288
  9.725127e-02   1.164338e-09   5.146081e-05   1.161545e-10   432
  9.757291e-02   1.740441e-09   4.866478e-05   2.082098e-10   216
  9.774479e-02   1.119737e-09   4.856211e-05   1.224929e-10   360
  9.805077e-02   1.204383e-09   4.739615e-05   1.139491e-10   312
  9.832692e-02   9.183027e-10   0.000000e+00   1.340852e-10   48
  9.848611e-02   1.301061e-09   5.081550e-05   1.157125e-10   432
  9.877120e-02   1.573907e-08   8.476078e-05   6.575876e-09   414
  9.893956e-02   3.641583e-09   1.936190e-09   6.358015e-10   312
  9.925365e-02   6.213553e-09   7.437288e-05   8.459155e-10   528
  9.946561e-02   1.487322e-09   3.903945e-05   1.632009e-10   264
  9.972025e-02   5.252414e-09   4.629008e-05   7.617963e-10   480
  1.000530e-01   2.368527e-09   0.000000e+00   3.727907e-10   288
  1.001967e-01   8.891786e-10   4.973726e-05   1.028936e-10   168
  1.004595e-01   3.265911e-09   7.873394e-05   3.474407e-10   504
  1.007551e-01   2.596431e-09   1.211015e-09   3.601761e-10   144
  1.009411e-01   8.429561e-10   5.056606e-05   4.833445e-11   464
  1.012205e-01   1.492552e-09   7.420855e-05   1.345531e-10   432
  1.013531e-01   2.466298e-09   1.284475e-09   3.786514e-10   192
  1.016957e-01   1.507775e-09   5.501332e-05   1.655174e-10   396
  1.018981e-01   1.091662e-09   4.941713e-05   1.542157e-10   288
  1.021026e-01   1.117641e-09   4.881567e-05   1.265958e-10   336
  1.024293e-01   1.390071e-09   3.091107e-05   1.445955e-10   432
  1.026367e-01   1.050066e-09   8.011717e-05   8.769068e-11   360
  1.028695e-01   8.857168e-10   4.739049e-05   6.586538e-11   384
  1.032001e-01   1.067924e-08   4.183121e-05   5.514675e-09   198
  1.033594e-01   3.032251e-09   4.754848e-05   5.569270e-10   552
  1.036565e-01   6.998213e-09   6.656461e-05   9.127910e-10   432
  1.039045e-01   1.177699e-09   2.542602e-09   1.406042e-10   168
  1.041126e-01   4.219034e-09   8.251578e-05   4.979990e-10   480
  1.043880e-01   7.189024e-10   0.000000e+00   5.896011e-11   120
  1.045119e-01   2.306979e-09   6.739531e-05   3.490134e-10   336
  1.048143e-01   1.652419e-09   4.754634e-05   1.894127e-10   672
  1.051134e-01   2.473821e-09   6.916265e-05   3.316003e-10   528
  1.052527e-01   4.818718e-10   2.076026e-09   4.324281e-11   168
  1.055745e-01   1.736484e-09   7.715047e-05   2.170457e-10   456
  1.057708e-01   2.782614e-09   4.711644e-05   3.276008e-10   168
  1.059747e-01   1.043329e-09   4.703185e-05   9.131289e-11   504
  1.063135e-01   9.358316e-10   6.052278e-05   1.634959e-10   336
  1.065184e-01   1.206219e-09   4.362976e-05   1.667230e-10   312
  1.067457e-01   1.028981e-09   4.262923e-05   9.444490e-11   504
  1.070448e-01   8.350623e-10   2.957734e-05   6.215517e-11   432
  1.071854e-01   6.872747e-10   4.570679e-05   7.434547e-11   312
  1.074777e-01   8.914541e-10   4.685168e-05   7.375652e-11   384
  1.077830e-01   1.321698e-07   3.980594e-05   6.796550e-08   126
  1.079714e-01   4.014142e-09   6.988975e-05   6.063659e-10   492
  1.082121e-01   3.916177e-09   4.476446e-05   5.070785e-10   528
  1.085129e-01   1.640984e-09   4.547108e-05   2.370428e-10   480
  1.086993e-01   2.701933e-09   6.281804e-05   4.454008e-10   432
  1.089692e-01   1.911884e-09   4.939807e-05   3.099010e-10   440
  1.092826e-01   3.683872e-09   2.456546e-05   5.905229e-10   312
  1.094002e-01   1.039029e-09   3.681340e-05   1.040295e-10   480
  1.096414e-01   1.223460e-09   7.207992e-05   1.621440e-10   408
  1.099939e-01   1.895648e-09   4.316772e-05   2.331819e-10   360
  1.101428e-01   1.549851e-09   4.165528e-05   1.863765e-10   408
  1.104187e-01   1.087959e-09   4.238952e-05   1.394248e-10   456
  1.107295e-01   1.186379e-09   4.051394e-05   1.528488e-10   264
  1.109019e-01   1.025973e-09   4.396779e-05   8.833147e-11   384
  1.111530e-01   8.982519e-10   7.402287e-05   6.744641e-11   672
  1.114432e-01   1.728139e-09   4.427524e-05   1.938424e-10   240
  1.116107e-01   6.634306e-10   4.492830e-05   5.492369e-11   264
  1.118470e-01   5.382242e-10   5.541164e-05   4.161357e-11   624
  1.121997e-01   9.665636e-09   0.000000e+00   5.629514e-09   150
  1.123253e-01   2.488939e-09   6.209312e-05   4.327200e-10   600
  1.125901e-01   3.479827e-09   4.285507e-05   4.319181e-10   672
  1.128900e-01   1.141492e-09   4.030821e-05   1.566676e-10   336
  1.130571e-01   3.745697e-09   4.384359e-05   5.403291e-10   408
  1.133240e-01   1.878677e-09   4.374031e-05   3.117246e-10   408
  1.136209e-01   1.319880e-09   2.211745e-05   1.489819e-10   360
  1.138039e-01   1.751087e-09   8.120816e-05   1.979153e-10   456
  1.140250e-01   1.404306e-09   4.416149e-05   2.476183e-10   384
  1.143063e-01   5.050401e-10   4.076666e-05   4.304632e-11   348
  1.144584e-01   1.784461e-09   5.025723e-05   1.809342e-10   576
  1.147440e-01   9.052319e-10   4.138022e-05   8.773773e-11   504
  1.150362e-01   7.786912e-10   5.836440e-05   8.161003e-11   432
  1.152912e-01   8.766991e-10   7.940448e-05   6.766732e-11   576
  1.154731e-01   6.383582e-10   0.000000e+00   6.552485e-11   264
  1.157616e-01   7.757174e-10   6.318613e-05   5.836307e-11   768
  1.160125e-01   3.475310e-10   8.506861e-05   2.252886e-11   240
  1.162120e-01   9.477659e-10   7.502246e-05   1.337570e-10   192
  1.165026e-01   5.325226e-10   5.522570e-05   3.489399e-11   504
  1.167181e-01   7.469953e-09   7.441870e-05   2.826879e-09   590
  1.169248e-01   3.640646e-09   8.338208e-05   5.260067e-10   384
  1.171839e-01   3.538965e-09   6.968286e-05   5.886574e-10   504
  1.174968e-01   2.839293e-09   6.705897e-05   4.401546e-10   648
  1.178003e-01   1.053688e-09   1.821233e-05   1.416651e-10   504
  1.179227e-01   6.825735e-10   4.154576e-05   5.627643e-11   312
  1.181387e-01   2.084474e-09   5.985722e-05   2.164487e-10   576
  1.184353e-01   1.384282e-09   4.165498e-05   1.853512e-10   240
  1.186082e-01   5.071899e-10   4.209035e-05   2.848678e-11   552
  1.188529e-01   1.295340e-09   3.952187e-05   1.176695e-10   600
  1.192015e-01   8.555083e-10   4.827284e-05   8.840063e-11   600
  1.194111e-01   7.778351e-10   7.730513e-05   9.649666e-11   312
  1.196198e-01   9.968546e-10   6.732512e-05   8.632383e-11   480
  1.198806e-01   7.331247e-10   4.200441e-05   8.488756e-11   576
  1.201101e-01   8.930981e-10   6.763622e-05   7.560420e-11   408
  1.203138e-01   3.096723e-10   7.890077e-05   2.384760e-11   216
  1.205770e-01   6.795447e-10   6.042911e-05   7.943028e-11   516
  1.208589e-01   5.769986e-10   5.765552e-05   4.376732e-11   744
  1.211498e-01   2.872136e-09   3.850879e-05   1.207014e-09   462
  1.213141e-01   2.425207e-09   3.913862e-05   4.355717e-10   432
  1.215691e-01   3.065334e-09   3.630965e-05   4.096155e-10   648
  1.218688e-01   1.320629e-09   5.312777e-05   1.904908e-10   528
  1.221096e-01   1.498767e-09   6.397910e-05   1.940274e-10   600
  1.223502e-01   2.020762e-09   8.066092e-05   2.697642e-10   240
  1.225832e-01   1.337741e-09   6.178548e-05   1.647371e-10   720
  1.228540e-01   8.843632e-10   4.888350e-05   1.027113e-10   720
  1.231542e-01   2.828999e-10   0.000000e+00   2.930508e-11   144
  1.233122e-01   1.128646e-09   6.302546e-05   9.784941e-11   720
  1.235369e-01   8.701930e-10   3.779131e-05   9.997596e-11   384
  1.238183e-01   6.017546e-10   4.189367e-05   5.984786e-11   672
  1.240853e-01   8.432420e-10   7.335120e-05   1.001629e-10   336
  1.242128e-01   9.151801e-10   0.000000e+00   1.253818e-10   288
  1.245250e-01   4.768174e-10   5.805257e-05   3.259186e-11   776
  1.248140e-01   4.536494e-10   4.967278e-05   2.848765e-11   720
  1.250567e-01   3.999620e-10   4.001507e-05   2.702440e-11   432
  1.252509e-01   6.184417e-10   5.704653e-05   4.864317e-11   504
  1.254668e-01   7.924540e-10   3.996919e-05   9.209597e-11   528
  1.257690e-01   1.727987e-08   5.445569e-05   8.125015e-09   438
  1.260177e-01   2.095013e-09   6.338144e-05   2.669609e-10   624
  1.262050e-01   8.932008e-10   7.763371e-05   1.670567e-10   312
  1.264626e-01   1.528815e-09   4.182709e-05   1.657582e-10   696
  1.267289e-01   1.065774e-09   3.784594e-05   1.485741e-10   552
  1.270059e-01   1.274715e-09   2.928013e-05   2.010740e-10   516
  1.271773e-01   9.622783e-10   5.848486e-05   1.069213e-10   528
  1.273859e-01   2.841726e-10   3.803430e-05   1.931122e-11   528
  1.276822e-01   9.251641e-10   5.015953e-05   8.455150e-11   864
  1.278834e-01   9.293445e-10   6.870823e-05   1.032230e-10   408
  1.280847e-01   1.027654e-09   6.807282e-05   1.745046e-10   192
  1.283701e-01   4.835645e-10   5.633353e-05   4.062374e-11   720
  1.286110e-01   5.756773e-10   5.194228e-05   4.749289e-11   696
  1.288973e-01   5.766641e-10   5.609815e-05   4.470836e-11   720
  1.291592e-01   5.638534e-10   7.603431e-05   5.631817e-11   432
  1.293119e-01   3.760172e-10   4.475677e-05   3.122081e-11   264
  1.295867e-01   5.032440e-10   6.180712e-05   3.147370e-11   672
  1.298325e-01   5.482575e-10   6.328100e-05   4.886381e-11   600
  1.301242e-01   1.608079e-09   3.705096e-05   8.825024e-10   270
  1.302712e-01   1.269578e-09   5.577202e-05   2.167642e-10   528
  1.305049e-01   1.521043e-09   3.819070e-05   1.943310e-10   840
  1.308254e-01   1.228105e-09   7.302747e-05   1.311110e-10   888
  1.311216e-01   6.634279e-10   5.441084e-05   7.663813e-11   744
  1.313718e-01   6.297775e-10   2.795923e-05   7.395175e-11   456
  1.314963e-01   1.092235e-09   3.820801e-05   1.063278e-10   360
  1.317093e-01   8.309546e-10   3.310510e-05   1.439989e-10   384
  1.320361e-01   5.804223e-10   5.310026e-05   5.196764e-11   816
  1.322813e-01   7.419720e-10   7.704106e-05   7.126693e-11   824
  1.325794e-01   4.514978e-10   3.581235e-05   4.485903e-11   360
  1.327390e-01   5.026792e-10   5.284558e-05   3.385128e-11   624
  1.329587e-01   5.501837e-10   3.571018e-05   4.777836e-11   360
  1.332513e-01   4.858223e-10   4.857633e-05   3.909365e-11   876
  1.335156e-01   3.699404e-10   5.769416e-05   2.390798e-11   696
  1.337821e-01   3.378708e-10   3.725510e-05   2.948557e-11   336
  1.339218e-01   4.362116e-10   3.721324e-05   3.156095e-11   504
  1.341526e-01   4.679988e-10   3.753571e-05   3.837260e-11   672
  1.344950e-01   3.684934e-10   7.472486e-05   2.387039e-11   720
  1.347324e-01   1.993134e-09   5.644666e-05   4.342809e-10   774
  1.349945e-01   2.665362e-09   3.230860e-05   3.913029e-10   384
  1.351318e-01   5.651934e-10   6.217562e-05   4.729270e-11   528
  1.353448e-01   1.100525e-09   5.925683e-05   1.760139e-10   744
  1.356875e-01   5.619576e-10   4.887432e-05   4.475380e-11   768
  1.359150e-01   8.381801e-10   5.486510e-05   9.102072e-11   552
  1.361989e-01   4.357094e-10   5.979675e-05   3.490029e-11   696
  1.364100e-01   7.739425e-10   7.266345e-05   7.753069e-11   408
  1.365777e-01   5.314722e-10   3.139119e-05   4.890518e-11   504
  1.368434e-01   4.561699e-10   5.639309e-05   3.944927e-11   888
  1.371049e-01   4.583128e-10   5.860872e-05   4.270545e-11   648
  1.373767e-01   5.929886e-10   5.810635e-05   6.115282e-11   648
  1.376324e-01   4.402798e-10   6.265289e-05   3.188660e-11   792
  1.379033e-01   3.723777e-10   9.166547e-05   4.048074e-11   600
  1.381028e-01   2.526166e-10   6.212242e-05   1.661086e-11   456
  1.383129e-01   4.060008e-10   3.027582e-05   3.540191e-11   648
  1.385828e-01   3.610743e-10   5.904226e-05   2.343754e-11   936
  1.388741e-01   4.460014e-10   3.625955e-05   4.688299e-11   384
  1.391277e-01   7.899911e-10   0.000000e+00   2.167190e-10   198
  1.393234e-01   8.600304e-10   9.199360e-05   9.609246e-11   1224
  1.395345e-01   1.495286e-09   6.699966e-05   2.774177e-10   420
  1.397842e-01   8.454284e-10   6.484166e-05   8.861569e-11   792
  1.400283e-01   4.845028e-10   5.361851e-05   4.657506e-11   680
  1.403069e-01   6.191720e-10   4.923504e-05   7.278430e-11   600
  1.405311e-01   5.883583e-10   7.140431e-05   5.939327e-11   840
  1.408304e-01   3.686862e-10   3.371380e-05   3.257607e-11   432
  1.409448e-01   5.778528e-10   3.159427e-05   5.386570e-11   720
  1.411934e-01   4.372050e-10   6.327780e-05   4.018930e-11   960
  1.415027e-01   4.201906e-10   5.640753e-05   3.995924e-11   528
  1.417288e-01   4.320877e-10   5.765925e-05   4.024676e-11   624
  1.419978e-01   3.835726e-10   4.531978e-05   2.960401e-11   816
  1.422648e-01   3.611153e-10   7.452934e-05   2.182695e-11   696
  1.425599e-01   2.282035e-10   4.110321e-09   1.638842e-11   240
  1.426709e-01   3.306839e-10   4.395173e-05   2.347093e-11   672
  1.429185e-01   4.456365e-10   7.854802e-05   4.650853e-11   864
  1.431964e-01   2.664623e-10   6.027286e-05   1.836150e-11   816
  1.434467e-01   2.577447e-10   3.449810e-05   1.544762e-11   648
  1.437164e-01   6.051156e-10   3.526335e-05   6.214352e-11   843
  1.439454e-01   5.666672e-10   6.344743e-05   7.904590e-11   780
  1.442182e-01   5.955382e-10   3.404471e-05   1.553920e-10   216
  1.443865e-01   4.864231e-10   8.209510e-05   5.246610e-11   1056
  1.446454e-01   2.305061e-10   6.716301e-05   3.083858e-11   228
  1.448850e-01   4.872789e-10   8.361962e-05   4.507486e-11   924
  1.451311e-01   2.937531e-10   3.101819e-05   1.692887e-11   696
  1.453916e-01   3.914823e-10   5.520350e-05   3.819096e-11   996
  1.456581e-01   3.033849e-10   3.259105e-05   4.241592e-11   576
  1.459354e-01   3.954652e-10   5.030212e-05   6.433552e-11   552
  1.461376e-01   4.421147e-10   6.005898e-05   4.429791e-11   516
  1.463427e-01   3.023911e-10   8.733821e-05   2.470565e-11   744
  1.465771e-01   1.934847e-10   4.284460e-05   1.489760e-11   576
  1.467810e-01   2.667526e-10   4.409794e-05   2.163889e-11   792
  1.470708e-01   3.039231e-10   5.041212e-05   1.998166e-11   792
  1.472831e-01   3.117053e-10   5.436894e-05   2.845782e-11   720
  1.475703e-01   2.227539e-10   6.196809e-05   1.611217e-11   656
  1.478394e-01   2.015482e-10   6.766594e-05   1.254026e-11   816
  1.481153e-01   2.496020e-10   3.648433e-05   2.853345e-11   492
  1.482721e-01   2.762493e-10   5.248529e-05   2.362654e-11   552
  1.485663e-01   1.894574e-10   9.126553e-05   1.124498e-11   780
  1.487575e-01   1.862089e-10   5.606333e-05   1.231117e-11   528
  1.489634e-01   1.754315e-10   6.544296e-05   1.321695e-11   600
  1.492669e-01   2.474063e-10   5.438828e-05   1.406248e-11   900
  1.494760e-01   2.217613e-10   3.011028e-05   1.617777e-11   696
  1.497638e-01   1.965619e-10   7.613501e-05   1.563357e-11   696
  1.500423e-01   1.640245e-10   3.088725e-05   9.407115e-12   552
  1.502764e-01   1.760430e-10   3.591902e-05   9.390528e-12   708
  1.505217e-01   1.749361e-10   5.930435e-05   9.820389e-12   876
  1.507769e-01   2.421743e-10   3.148943e-05   3.902310e-11   216
  1.509481e-01   2.142600e-10   8.612787e-05   1.061006e-11   1032
  1.512046e-01   1.673355e-10   9.589387e-05   1.303013e-11   600
  1.514708e-01   1.356041e-10   4.575699e-05   8.418577e-12   600
  1.516739e-01   1.713130e-10   8.080257e-05   1.236951e-11   528
  1.519139e-01   1.817026e-10   4.435707e-05   9.602675e-12   732
  1.521668e-01   2.017927e-10   3.275367e-05   2.056160e-11   336
  1.524578e-01   1.426753e-10   4.668048e-05   7.515479e-12   912
  1.526754e-01   1.065975e-10   4.685305e-05   4.959490e-12   624
  1.529130e-01   1.431469e-10   3.948208e-05   7.196515e-12   768
  1.531905e-01   1.349873e-10   7.123345e-05   6.006876e-12   792
  1.534628e-01   1.583496e-10   3.531461e-05   1.259383e-11   660
  1.536565e-01   1.518420e-10   5.204174e-05   8.886518e-12   504
  1.538569e-01   1.242385e-10   8.502625e-05   7.989479e-12   480
  1.541572e-01   1.160802e-10   7.863820e-05   4.596642e-12   912
  1.543923e-01   1.332807e-10   8.757583e-05   7.855783e-12   432
  1.546144e-01   1.359245e-10   5.200047e-05   7.578938e-12   564
  1.548116e-01   1.264221e-10   4.977161e-05   5.662097e-12   600
  1.550891e-01   1.651349e-10   6.937691e-05   7.974050e-12   876
  1.552976e-01   1.279156e-10   3.119395e-05   8.940588e-12   264
  1.555851e-01   1.179403e-10   6.052853e-05   7.526685e-12   560
  1.558161e-01   1.197695e-10   4.113044e-05   5.799387e-12   840
  1.560965e-01   1.032918e-10   6.341128e-05   4.242849e-12   1008
  1.563558e-01   8.250500e-11   2.836595e-05   4.101368e-12   456
  1.565927e-01   1.313222e-10   3.674408e-05   7.712376e-12   576
  1.568116e-01   1.251086e-10   5.646120e-05   6.106381e-12   612
  1.571003e-01   1.281718e-10   5.042901e-05   7.212892e-12   780
  1.573359e-01   1.081652e-10   5.778934e-05   5.423893e-12   648
  1.575770e-01   1.131989e-10   2.693058e-05   7.079603e-12   312
  1.577311e-01   1.078456e-10   6.842617e-05   6.970224e-12   528
  1.579980e-01   9.435728e-11   8.936117e-05   4.032054e-12   720
  1.582533e-01   1.148125e-10   8.964102e-05   7.372006e-12   576
  1.585628e-01   1.025901e-10   7.732694e-05   6.135299e-12   444
  1.587554e-01   1.156653e-10   7.583279e-05   4.731476e-12   996
  1.589914e-01   9.182807e-11   6.334320e-05   6.956105e-12   432
  1.592145e-01   1.106389e-10   6.934834e-05   6.065750e-12   504
  1.594071e-01   9.327499e-11   3.126589e-05   4.550896e-12   504
  1.596815e-01   1.007706e-10   6.153164e-05   4.401654e-12   876
  1.599297e-01   8.961384e-11   7.081706e-05   5.282798e-12   504
  1.601882e-01   8.488822e-11   4.516342e-05   4.275056e-12   696
  1.604019e-01   8.873824e-11   3.860998e-05   4.733701e-12   492
  1.606926e-01   8.251062e-11   5.527206e-05   4.955119e-12   432
  1.609079e-01   9.108580e-11   5.175622e-05   3.693156e-12   768
  1.611631e-01   8.638843e-11   6.446933e-05   3.800777e-12   648
  1.614068e-01   6.980092e-11   4.205932e-05   3.813037e-12   456
  1.616868e-01   8.666789e-11   5.783839e-05   4.525810e-12   552
  1.618813e-01   7.698348e-11   3.964248e-05   3.061707e-12   648
  1.621489e-01   8.022000e-11   6.461501e-05   3.960008e-12   840
  1.624104e-01   8.252159e-11   3.081354e-05   5.103965e-12   432
  1.626721e-01   8.575362e-11   3.774132e-05   4.112629e-12   600
  1.628542e-01   9.017484e-11   4.021090e-05   5.300967e-12   432
  1.631600e-01   8.588859e-11   4.003387e-05   4.062689e-12   560
  1.633670e-01   7.869782e-11   6.336941e-05   4.809230e-12   840
  1.636263e-01   8.532781e-11   3.753463e-05   5.604431e-12   504
  1.638323e-01   6.942079e-11   7.660593e-05   3.043454e-12   696
  1.641226e-01   9.606554e-11   4.183943e-05   6.533310e-12   384
  1.643487e-01   6.287775e-11   6.128984e-05   3.121954e-12   576
  1.646222e-01   5.105141e-11   3.782503e-05   2.786117e-12   360
  1.648426e-01   7.464542e-11   5.633064e-05   3.284999e-12   828
  1.650804e-01   7.112517e-11   5.017290e-05   4.529839e-12   372
  1.652983e-01   6.101279e-11   7.662364e-05   3.471671e-12   576
  1.655869e-01   7.921813e-11   3.208989e-05   4.010741e-12   636
  1.657926e-01   6.639014e-11   6.186102e-05   2.822031e-12   648
  1.660708e-01   5.849038e-11   5.028625e-05   3.623508e-12   576
  1.662705e-01   5.902597e-11   8.111703e-05   2.950152e-12   528
  1.665361e-01   6.509992e-11   3.468088e-05   4.039937e-12   360
  1.667559e-01   6.387301e-11   7.977902e-05   3.271310e-12   672
  1.670430e-01   6.523275e-11   4.086413e-05   2.715543e-12   804
  1.672819e-01   6.160996e-11   4.507802e-05   4.262807e-12   408
  1.675462e-01   7.294954e-11   2.786312e-05   5.199584e-12   384
  1.677241e-01   5.184160e-11   6.376152e-05   3.005229e-12   480
  1.679752e-01   5.775762e-11   4.119929e-05   3.189357e-12   432
  1.682159e-01   6.747753e-11   7.592150e-05   3.487436e-12   648
  1.685009e-01   5.791185e-11   4.710893e-05   2.738679e-12   624
  1.687093e-01   6.015557e-11   4.284955e-05   4.105026e-12   456
  1.689940e-01   4.789073e-11   5.853629e-05   2.229286e-12   588
  1.691847e-01   4.962476e-11   3.734591e-05   2.563249e-12   600
  1.694632e-01   4.951885e-11   5.825046e-05   3.554921e-12   708
  1.696832e-01   6.032300e-11   3.669667e-05   3.482508e-12   360
  1.699263e-01   6.148608e-11   4.218379e-05   3.454773e-12   552
  1.701593e-01   5.296431e-11   2.959293e-05   4.309072e-12   288
  1.703959e-01   4.641589e-11   5.564280e-05   2.157690e-12   528
  1.706182e-01   6.066552e-11   3.753920e-05   3.632002e-12   456
  1.708665e-01   5.474959e-11   6.656515e-05   2.700991e-12   608
  1.711163e-01   4.492705e-11   3.220496e-05   2.740270e-12   504
  1.713892e-01   3.512734e-11   6.914223e-05   1.865352e-12   540
  1.716032e-01   5.054753e-11   7.422222e-05   3.066717e-12   360
  1.718339e-01   5.446516e-11   3.361162e-05   3.320655e-12   540
  1.720380e-01   3.915964e-11   2.885957e-05   1.933399e-12   576
  1.723347e-01   4.765825e-11   6.691555e-05   2.484623e-12   588
  1.726168e-01   4.557029e-11   9.232326e-05   2.211775e-12   672
  1.728592e-01   5.437918e-11   7.056345e-05   3.064733e-12   552
  1.730545e-01   4.348179e-11   7.059913e-05   3.420847e-12   144
  1.733038e-01   5.684017e-11   5.998121e-05   3.109479e-12   600
  1.735402e-01   3.850524e-11   7.516955e-05   1.661355e-12   504
  1.738025e-01   4.183539e-11   7.721430e-05   2.888255e-12   336
  1.740784e-01   4.562078e-11   8.678922e-05   2.239182e-12   600
  1.743256e-01   3.856656e-11   5.601092e-05   2.083547e-12   636
  1.745923e-01   3.824859e-11   4.503329e-05   2.370776e-12   384
  1.747793e-01   4.292054e-11   6.281612e-05   2.375622e-12   504
  1.750488e-01   3.599334e-11   2.636304e-05   2.419335e-12   240
  1.752616e-01   4.024152e-11   6.193054e-05   1.725724e-12   744
  1.755168e-01   3.291695e-11   4.228914e-05   1.498924e-12   648
  1.757436e-01   4.896434e-11   2.807279e-05   5.797958e-12   120
  1.760095e-01   3.688496e-11   4.409871e-05   1.914980e-12   564
  1.762103e-01   3.278044e-11   6.925969e-05   1.756506e-12   432
  1.764784e-01   3.990359e-11   5.375921e-05   2.485733e-12   480
  1.766803e-01   2.617236e-11   3.956814e-05   1.508830e-12   456
  1.769186e-01   3.319128e-11   6.547942e-05   2.095676e-12   444
  1.771890e-01   3.088468e-11   1.001870e-04   1.489540e-12   528
  1.774266e-01   3.488709e-11   7.440679e-05   3.501853e-12   264
  1.776571e-01   3.820362e-11   7.625589e-05   2.784979e-12   444
  1.779672e-01   3.026510e-11   8.352712e-05   1.150653e-12   696
  1.782246e-01   3.310778e-11   4.467309e-05   1.905952e-12   384
  1.784129e-01   2.735479e-11   5.644820e-05   1.438144e-12   432
  1.787057e-01   3.265259e-11   3.900306e-05   2.043090e-12   488
  1.788958e-01   3.353722e-11   5.878247e-05   1.931518e-12   480
  1.791714e-01   2.409254e-11   6.555462e-05   1.253589e-12   480
  1.793849e-01   4.036692e-11   2.750471e-05   4.049756e-12   240
  1.796272e-01   3.156438e-11   6.424882e-05   1.579434e-12   600
  1.798559e-01   2.890176e-11   5.598627e-05   2.167904e-12   288
  1.800993e-01   2.938772e-11   5.385469e-05   1.499362e-12   480
  1.803458e-01   2.454331e-11   9.579788e-05   1.473037e-12   504
  1.805885e-01   3.338510e-11   4.110325e-05   2.256802e-12   216
  1.808981e-01   2.429129e-11   6.729256e-05   1.287872e-12   504
  1.811392e-01   2.268642e-11   5.412370e-05   1.284324e-12   456
  1.814031e-01   2.852519e-11   3.104087e-05   1.881846e-12   384
  1.815779e-01   2.672486e-11   6.300174e-05   1.660114e-12   480
  1.818262e-01   2.292151e-11   5.532259e-05   1.241166e-12   504
  1.820564e-01   2.629663e-11   3.509319e-05   2.334227e-12   312
  1.823043e-01   2.522507e-11   5.655148e-05   1.286959e-12   492
  1.825238e-01   2.387987e-11   5.300385e-05   1.617896e-12   312
  1.828064e-01   2.034278e-11   8.610055e-05   1.071069e-12   576
  1.830551e-01   2.069591e-11   7.947777e-05   1.468475e-12   336
  1.832617e-01   1.405278e-11   6.119421e-05   9.208026e-13   240
  1.835481e-01   2.154062e-11   8.112802e-05   1.420888e-12   468
  1.837954e-01   2.355398e-11   5.079787e-05   2.488873e-12   192
  1.840542e-01   2.285178e-11   5.094927e-05   1.718755e-12   324
  1.842439e-01   1.988732e-11   3.697814e-05   9.015365e-13   600
  1.845024e-01   2.024780e-11   5.999324e-05   1.124309e-12   456
  1.846943e-01   1.787767e-11   2.698496e-05   1.077567e-12   336
  1.850125e-01   2.048297e-11   8.080061e-05   1.098468e-12   612
  1.852440e-01   2.346434e-11   6.781139e-05   3.574325e-12   144
  1.854629e-01   1.992915e-11   7.915330e-05   9.341353e-13   552
  1.857606e-01   1.399848e-11   3.117154e-05   9.596222e-13   264
  1.859288e-01   1.920350e-11   7.217008e-05   1.288247e-12   336
  1.861941e-01   2.136790e-11   4.768752e-05   1.754014e-12   384
  1.864242e-01   2.234451e-11   2.684336e-05   2.259841e-12   216
  1.866789e-01   1.225685e-11   5.691346e-05   9.760052e-13   344
  1.869112e-01   1.458386e-11   8.491756e-05   9.347820e-13   408
  1.871942e-01   1.438505e-11   6.525361e-05   9.355825e-13   264
  1.874450e-01   1.759576e-11   9.096676e-05   8.304225e-13   612
  1.876956e-01   1.887512e-11   4.681845e-05   1.055257e-12   408
  1.879533e-01   1.446619e-11   4.688574e-05   8.821138e-13   444
  1.881426e-01   2.527865e-11   2.622284e-05   2.550367e-12   120
  1.883963e-01   1.658505e-11   7.244892e-05   1.072560e-12   336
  1.885846e-01   1.170580e-11   2.517571e-05   7.110975e-13   288
  1.888390e-01   1.454674e-11   7.834725e-05   7.978325e-13   552
  1.891889e-01   1.180554e-11   0.000000e+00   1.676878e-12   72
  1.893687e-01   1.263067e-11   7.781878e-05   7.027497e-13   504
  1.895788e-01   1.168701e-11   2.504133e-05   1.085285e-12   216
  1.898511e-01   1.364116e-11   4.470956e-05   1.463661e-12   312
  1.900954e-01   8.936149e-12   5.090887e-05   6.133877e-13   336
  1.903283e-01   1.095965e-11   7.056539e-05   8.910020e-13   204
  1.905603e-01   1.174304e-11   8.200772e-05   6.184253e-13   504
  1.908063e-01   1.374607e-11   7.809491e-05   8.499608e-13   396
  1.910429e-01   1.316745e-11   7.161711e-05   8.131521e-13   312
  1.913297e-01   1.863928e-11   4.376572e-05   1.501656e-12   216
  1.915318e-01   8.947145e-12   2.375249e-05   6.942036e-13   168
  1.917774e-01   1.103935e-11   5.997637e-05   5.501998e-13   588
  1.920576e-01   1.076893e-11   8.141090e-05   1.210512e-12   240
  1.922754e-01   1.036753e-11   7.189946e-05   8.964367e-13   264
  1.925307e-01   9.518425e-12   8.891848e-05   8.153636e-13   288
  1.927573e-01   8.592390e-12   4.440219e-05   8.979736e-13   288
  1.930444e-01   9.983933e-12   4.170072e-05   6.521922e-13   288
  1.932378e-01   7.266816e-12   4.830681e-05   6.203300e-13   192
  1.934810e-01   7.749238e-12   5.140329e-05   8.761366e-13   264
  1.937128e-01   1.191430e-11   8.455129e-05   7.147453e-13   372
  1.939621e-01   1.220177e-11   9.131904e-05   7.377716e-13   360
  1.942665e-01   1.322284e-11   3.864708e-05   1.421128e-12   144
  1.944239e-01   7.849897e-12   5.367910e-05   5.857630e-13   296
  1.946722e-01   7.017924e-12   5.783646e-05   4.769753e-13   288
  1.949565e-01   7.427148e-12   8.643513e-05   4.283036e-13   480
  1.952017e-01   7.614014e-12   7.181934e-05   7.054396e-13   192
  1.954402e-01   1.185972e-11   7.703604e-05   9.441172e-13   192
  1.956569e-01   6.903989e-12   4.909597e-05   4.874107e-13   288
  1.959584e-01   6.383018e-12   4.273737e-05   6.569748e-13   108
  1.961102e-01   7.163744e-12   4.108675e-05   6.195682e-13   240
  1.963784e-01   5.437985e-12   7.664829e-05   3.579447e-13   384
  1.966538e-01   8.958108e-12   9.350223e-05   1.102348e-12   108
  1.968974e-01   1.014943e-11   5.482209e-05   6.422436e-13   348
  1.971535e-01   5.371579e-12   5.721449e-05   4.306139e-13   312
  1.973823e-01   5.772798e-12   5.559587e-05   8.346005e-13   96
  1.975926e-01   5.479259e-12   7.401586e-05   2.915645e-13   384
  1.978282e-01   6.624874e-12   5.090793e-05   5.605754e-13   144
  1.980586e-01   7.056535e-12   7.822228e-05   4.009604e-13   408
  1.983451e-01   5.491657e-12   3.489266e-05   5.118921e-13   144
  1.986157e-01   7.031225e-12   6.708152e-05   7.363575e-13   192
  1.987762e-01   7.441507e-12   7.550148e-05   5.857557e-13   144
  1.990378e-01   5.222641e-12   6.138549e-05   6.072789e-13   144
  1.992846e-01   5.838036e-12   7.502301e-05   3.760492e-13   336
  1.995869e-01   3.597830e-12   5.550751e-05   2.180531e-13   240
  1.997786e-01   5.015919e-12   2.520547e-05   7.557775e-13   96
  2.000459e-01   6.361355e-12   7.391551e-05   5.515617e-13   372
  2.003163e-01   6.599937e-12   8.792091e-05   6.812417e-13   132
  2.005538e-01   3.694154e-12   5.440441e-05   2.281733e-13   264
  2.007663e-01   6.669224e-12   4.178011e-05   5.510981e-13   168
  2.009931e-01   4.710555e-12   6.679837e-05   3.445180e-13   216
  2.011935e-01   4.809237e-12   4.086808e-05   3.753300e-13   216
  2.014852e-01   4.692048e-12   7.497591e-05   6.136157e-13   96
  2.017500e-01   5.407910e-12   4.891494e-05   5.645233e-13   120
  2.019928e-01   5.175712e-12   6.218465e-05   4.531828e-13   216
  2.021928e-01   2.939879e-12   2.717490e-05   2.112488e-13   200
  2.024576e-01   4.101094e-12   7.034415e-05   3.250015e-13   288
  2.027972e-01   3.117750e-12   1.850891e-05   3.005990e-13   144
  2.029402e-01   3.684266e-12   5.759860e-05   3.551312e-13   168
  2.032323e-01   4.728108e-12   6.482186e-05   4.977603e-13   159
  2.034603e-01   4.405824e-12   6.801371e-05   5.135107e-13   174
  2.036809e-01   3.287220e-12   6.167246e-05   2.496418e-13   144
  2.039698e-01   4.480760e-12   3.561139e-05   3.712949e-13   222
  2.041630e-01   3.477114e-12   3.593504e-05   3.113258e-13   168
  2.044967e-01   3.456019e-12   7.881934e-05   5.915088e-13   30
  2.046346e-01   1.628640e-12   6.959169e-05   1.764867e-13   72
  2.048942e-01   3.219627e-12   6.210975e-05   2.873392e-13   258
  2.051797e-01   2.979072e-12   3.890094e-05   1.797834e-13   264
  2.053225e-01   2.905634e-12   4.195079e-09   4.650346e-13   72
  2.056199e-01   2.213954e-12   7.710330e-05   1.586245e-13   174
  2.058892e-01   3.425625e-12   8.210077e-05   2.837108e-13   168
  2.061058e-01   2.559597e-12   2.568951e-09   3.900053e-13   48
  2.063382e-01   2.594249e-12   4.636424e-05   1.879469e-13   150
  2.066077e-01   3.776545e-12   8.529035e-05   2.798051e-13   168
  2.068780e-01   2.337097e-12   5.195492e-05   2.032603e-13   144
  2.071265e-01   2.665254e-12   4.853772e-05   2.611008e-13   102
  2.073116e-01   2.950284e-12   7.184416e-05   2.896441e-13   96
  2.076053e-01   2.275554e-12   7.130050e-05   2.345368e-13   120
  2.078228e-01   2.945286e-12   7.647166e-05   2.193007e-13   168
  2.080580e-01   4.121768e-12   5.646827e-05   4.260177e-13   126
  2.082585e-01   2.621757e-12   4.258836e-05   2.531800e-13   168
  2.085346e-01   2.110320e-12   6.829049e-05   1.929121e-13   72
  2.087759e-01   2.355815e-12   8.551492e-05   1.726869e-13   168
  2.089873e-01   1.929120e-12   2.344384e-05   2.049935e-13   78
  2.092770e-01   2.917552e-12   3.849304e-05   4.713546e-13   60
  2.095103e-01   4.434991e-12   6.244194e-05   5.113265e-13   96
  2.097522e-01   3.259856e-12   7.576810e-05   2.426638e-13   168
  2.099796e-01   2.359067e-12   4.794311e-05   2.792057e-13   86
  2.102181e-01   2.231074e-12   4.284977e-05   1.781488e-13   120
  2.105600e-01   1.729378e-12   3.055758e-05   1.456857e-13   168
  2.107444e-01   1.489132e-12   0.000000e+00   1.517413e-13   48
  2.109928e-01   2.544796e-12   5.567259e-05   2.796864e-13   120
  2.111355e-01   1.575426e-12   4.061540e-05   1.302051e-13   126
  2.114838e-01   2.458615e-12   7.143116e-05   2.296021e-13   96
  2.117099e-01   2.626872e-12   2.059722e-05   2.693334e-13   96
  2.118882e-01   1.945228e-12   2.422030e-09   2.104506e-13   72
  2.122681e-01   1.647533e-12   2.568951e-09   3.312632e-13   24
  2.125052e-01   2.753478e-12   4.238860e-05   2.451826e-13   120
  2.126902e-01   2.328650e-12   6.183193e-05   2.088634e-13   126
  2.128959e-01   1.382058e-12   5.154529e-05   1.636135e-13   96
  2.131362e-01   1.750436e-12   8.908530e-05   1.611856e-13   72
  2.134038e-01   1.862886e-12   3.853239e-05   1.425845e-13   144
  2.136239e-01   2.498306e-12   2.222458e-05   2.345265e-13   72
  2.138438e-01   1.132860e-12   4.439042e-05   1.400247e-13   54
  2.140373e-01   1.719080e-12   3.911854e-05   2.072257e-13   108
  2.144395e-01   2.027749e-12   3.834628e-05   2.657493e-13   72
  2.145647e-01   1.435771e-12   2.212712e-05   1.216769e-13   72
  2.148618e-01   1.769127e-12   4.449553e-09   2.635924e-13   24
  2.151428e-01   1.243358e-12   4.681088e-05   1.847296e-13   48
  2.153135e-01   2.473560e-12   3.565781e-05   2.815170e-13   102
  2.155704e-01   1.641167e-12   8.064314e-05   1.446483e-13   168
  2.159060e-01   1.752005e-12   4.398088e-05   1.883278e-13   72
  2.160304e-01   1.625089e-12   0.000000e+00   2.263851e-13   48
  2.162913e-01   1.441103e-12   7.564979e-05   1.286482e-13   120
  2.166356e-01   1.626402e-12   4.648832e-05   1.756842e-13   96
  2.169608e-01   2.030090e-12   4.110321e-09   4.308808e-13   30
  2.173472e-01   2.093794e-12   2.184227e-05   2.870446e-13   72
  2.175171e-01   2.104950e-12   2.568951e-09   3.334298e-13   24
  2.177352e-01   1.744133e-12   3.237565e-05   2.673351e-13   56
  2.179796e-01   1.319796e-12   4.620169e-05   1.228894e-13   96
  2.182720e-01   1.598824e-12   5.101796e-05   1.008601e-13   144
  2.184974e-01   1.517224e-12   2.896600e-05   2.653196e-13   54
  2.188250e-01   1.654105e-12   4.339413e-05   1.691135e-13   108
  2.191546e-01   1.575947e-12   2.297699e-05   2.017868e-13   48
  2.194683e-01   1.816049e-12   8.651572e-05   2.239042e-13   72
  2.202213e-01   1.757361e-12   5.716121e-05   2.034697e-13   78
  2.204299e-01   1.047922e-12   4.307814e-05   1.444977e-13   72
  2.206734e-01   1.197236e-12   4.302466e-05   1.134759e-13   72
  2.209281e-01   1.553457e-12   1.038232e-04   1.632799e-13   96
  2.211293e-01   1.715399e-12   4.293597e-05   1.974863e-13   72
  2.213721e-01   1.077856e-12   0.000000e+00   1.589887e-13   24
  2.216146e-01   1.227855e-12   8.567808e-05   1.250993e-13   72
  2.221623e-01   1.363731e-12   5.440820e-05   1.976819e-13   30
  2.222801e-01   1.930744e-12   0.000000e+00   3.364441e-13   24
  2.229135e-01   9.829062e-13   4.517907e-05   1.190712e-13   48
  2.231122e-01   1.533195e-12   9.722532e-05   1.330506e-13   120
  2.233799e-01   1.117611e-12   4.250917e-05   1.242191e-13   72
  2.236502e-01   1.479536e-12   4.245777e-05   2.022564e-13   36
  2.238360e-01   1.581126e-12   8.391632e-05   1.665297e-13   78
  2.243546e-01   1.473372e-12   4.488887e-05   2.509798e-13   48
  2.250269e-01   1.072175e-12   3.633045e-09   1.896845e-13   24
  2.255059e-01   9.317449e-13   3.125970e-05   1.075714e-13   56
  2.257471e-01   1.278885e-12   4.810277e-05   1.544386e-13   102
  2.260539e-01   1.079194e-12   3.425268e-09   1.439626e-13   72
  2.262321e-01   1.233479e-12   2.568951e-09   1.330701e-13   24
  2.265435e-01   1.729540e-12   4.445516e-05   2.691958e-13   48
  2.271206e-01   1.275876e-12   0.000000e+00   1.545687e-13   24
  2.278290e-01   2.342639e-12   0.000000e+00   1.325436e-12   6
  2.280499e-01   1.124532e-12   0.000000e+00   2.172746e-13   24
  2.281971e-01   8.971309e-13   4.161169e-05   9.477372e-14   72
  2.284659e-01   9.787450e-13   7.763053e-05   1.286779e-13   84
  2.287554e-01   1.135308e-12   0.000000e+00   1.571647e-13   24
  2.288435e-01   1.006616e-12   3.633045e-09   1.938231e-13   24
  2.292831e-01   1.239270e-12   4.449553e-09   1.896185e-13   24
  2.298972e-01   2.519533e-13   0.000000e+00   7.166164e-14   6
  2.306844e-01   7.171204e-13   4.365716e-05   7.843601e-14   48
  2.308735e-01   1.073664e-12   8.224294e-05   1.115566e-13   72
  2.311206e-01   1.240644e-12   4.357477e-05   1.332529e-13   48
  2.315124e-01   9.158270e-13   0.000000e+00   1.548540e-13   24
  2.320338e-01   4.585930e-12   0.000000e+00   1.856433e-12   6
  2.332028e-01   1.274455e-12   0.000000e+00   3.694795e-13   8
  2.332891e-01   9.703628e-13   2.568951e-09   1.137620e-13   48
  2.334962e-01   7.995871e-13   4.225843e-05   1.003632e-13   60
  2.338066e-01   1.218397e-12   0.000000e+00   2.077964e-13   24
  2.342369e-01   1.466880e-12   0.000000e+00   2.759835e-13   6
  2.358224e-01   1.009271e-12   0.000000e+00   1.267952e-13   24
  2.359505e-01   1.089964e-12   4.268279e-05   1.211975e-13   48
  2.361638e-01   1.120644e-12   0.000000e+00   1.893619e-13   24
  2.365047e-01   1.700519e-12   0.000000e+00   4.009382e-13   6
  2.384414e-01   1.123375e-12   3.981898e-05   1.917033e-13   36
  2.385821e-01   9.081705e-13   0.000000e+00   2.372657e-13   24
  2.388353e-01   5.555587e-13   0.000000e+00   7.530400e-14   6
  2.410389e-01   7.677890e-13   3.618719e-05   1.240634e-13   32
  2.412268e-01   1.695862e-12   0.000000e+00   3.150946e-13   6
  2.435949e-01   8.774053e-13   0.000000e+00   1.474944e-13   12
  2.436776e-01   2.054783e-12   0.000000e+00   8.308079e-13   6
  2.461858e-01   2.014743e-12   0.000000e+00   2.101475e-13   6
