# power spectrum of pi_k * H (dimensionless)
# redshift z=-0.850247
# k              Pk             sigma(k)       sigma(Pk)      count
  1.256637e-01   4.528058e-12   0.000000e+00   1.313063e-12   6
  1.777153e-01   7.711875e-13   0.000000e+00   9.585740e-14   12
  2.176559e-01   2.290872e-13   2.384186e-09   3.066161e-14   8
  2.513274e-01   6.762071e-13   0.000000e+00   2.603098e-13   6
  2.809926e-01   2.123391e-13   4.495664e-09   3.598708e-14   24
  3.078120e-01   8.209940e-14   4.495664e-09   1.430992e-14   24
  3.554306e-01   5.112993e-14   0.000000e+00   9.536317e-15   12
  3.769911e-01   7.451449e-14   5.086263e-09   2.083679e-14   30
  3.973835e-01   1.080873e-13   0.000000e+00   1.861604e-14   24
  4.167794e-01   5.358991e-14   7.786718e-09   9.178919e-15   24
  4.353118e-01   1.364710e-14   4.768372e-09   3.304520e-15   8
  4.530869e-01   3.327715e-14   6.357829e-09   6.186891e-15   24
  4.701905e-01   2.391832e-14   0.000000e+00   3.055267e-15   48
  5.026548e-01   7.577758e-14   0.000000e+00   3.173192e-14   6
  5.181247e-01   3.153655e-14   6.357829e-09   3.850298e-15   48
  5.331460e-01   3.077773e-14   5.994218e-09   3.847104e-15   36
  5.477554e-01   2.090283e-14   6.357829e-09   4.368670e-15   24
  5.619852e-01   2.302096e-14   8.991328e-09   2.608494e-15   24
  5.758634e-01   1.609463e-14   0.000000e+00   1.423587e-15   48
  5.894150e-01   1.463704e-14   8.991328e-09   2.773008e-15   24
  6.156239e-01   1.252246e-14   8.991328e-09   1.346809e-15   24
  6.283185e-01   1.853282e-14   0.000000e+00   2.811208e-15   30
  6.407617e-01   1.748663e-14   0.000000e+00   1.899899e-15   72
  6.529678e-01   1.266080e-14   9.536743e-09   2.106771e-15   32
  6.767198e-01   9.599352e-15   0.000000e+00   1.025860e-15   72
  6.882885e-01   1.371655e-14   0.000000e+00   1.548080e-15   48
  7.108613e-01   1.069209e-14   0.000000e+00   2.573898e-15   12
  7.218830e-01   1.012258e-14   0.000000e+00   1.102247e-15   48
  7.327390e-01   4.936328e-15   0.000000e+00   4.998169e-16   48
  7.434365e-01   9.695616e-15   8.991328e-09   1.411802e-15   48
  7.539822e-01   7.398317e-15   1.017253e-08   1.030104e-15   30
  7.643825e-01   1.354597e-14   0.000000e+00   2.158263e-15   24
  7.746431e-01   8.955208e-15   1.895538e-08   1.159606e-15   72
  7.947671e-01   8.692830e-15   0.000000e+00   1.470015e-15   24
  8.046403e-01   7.007474e-15   0.000000e+00   7.138291e-16   96
  8.143939e-01   8.397569e-15   0.000000e+00   1.046587e-15   48
  8.240320e-01   4.545571e-15   1.557344e-08   8.410590e-16   24
  8.335587e-01   7.274332e-15   1.557344e-08   1.225175e-15   24
  8.429778e-01   5.920276e-15   0.000000e+00   5.642484e-16   72
  8.522927e-01   8.106329e-15   0.000000e+00   9.018188e-16   48
  8.706237e-01   2.043336e-15   9.536743e-09   2.694142e-16   8
  8.796459e-01   6.344158e-15   1.130281e-08   8.327185e-16   54
  8.885766e-01   4.354252e-15   0.000000e+00   4.018889e-16   84
  8.974184e-01   6.256743e-15   0.000000e+00   7.406047e-16   48
  9.061739e-01   5.989639e-15   1.271566e-08   1.272437e-15   24
  9.148456e-01   6.403260e-15   1.695421e-08   8.110427e-16   72
  9.234359e-01   4.997477e-15   0.000000e+00   4.358491e-16   96
  9.403811e-01   4.829189e-15   0.000000e+00   8.684855e-16   48
  9.487402e-01   3.974762e-15   0.000000e+00   5.500649e-16   48
  9.570263e-01   4.254032e-15   0.000000e+00   5.797936e-16   24
  9.652412e-01   4.874708e-15   0.000000e+00   4.831066e-16   72
  9.814649e-01   4.804933e-15   0.000000e+00   6.543316e-16   72
  9.894770e-01   5.511947e-15   0.000000e+00   5.512963e-16   96
  1.005310e+00   1.154892e-15   0.000000e+00   3.843617e-16   6
  1.013133e+00   3.505550e-15   0.000000e+00   3.424448e-16   96
  1.020897e+00   2.497476e-15   1.271566e-08   2.674844e-16   96
  1.028602e+00   3.286036e-15   0.000000e+00   3.735233e-16   24
  1.036249e+00   3.328758e-15   1.271566e-08   5.948711e-16   48
  1.043841e+00   2.781269e-15   0.000000e+00   3.023846e-16   96
  1.051378e+00   3.680261e-15   0.000000e+00   5.648687e-16   48
  1.066292e+00   3.451610e-15   1.198844e-08   4.811310e-16   36
  1.073671e+00   3.821247e-15   2.202416e-08   6.408825e-16   48
  1.081000e+00   2.685815e-15   2.491750e-08   2.235821e-16   120
  1.088280e+00   3.543911e-15   0.000000e+00   3.260195e-16   56
  1.095511e+00   4.120758e-15   1.271566e-08   6.150997e-16   24
  1.102695e+00   2.497515e-15   0.000000e+00   2.298853e-16   96
  1.109832e+00   3.584201e-15   0.000000e+00   5.059580e-16   48
  1.123970e+00   1.890761e-15   1.798266e-08   3.157185e-16   24
  1.130973e+00   3.068980e-15   0.000000e+00   2.774637e-16   102
  1.137933e+00   2.179896e-15   1.271566e-08   3.118772e-16   48
  1.144851e+00   3.008608e-15   0.000000e+00   3.413428e-16   72
  1.151727e+00   2.027724e-15   0.000000e+00   2.269615e-16   48
  1.158562e+00   3.268600e-15   0.000000e+00   3.537286e-16   48
  1.165357e+00   3.289329e-15   2.877225e-08   2.872368e-16   120
  1.178830e+00   2.575864e-15   1.798266e-08   6.189617e-16   24
  1.185509e+00   2.415493e-15   1.695421e-08   2.141492e-16   144
  1.192151e+00   2.211435e-15   2.034505e-08   1.931502e-16   120
  1.198755e+00   2.727048e-15   1.798266e-08   3.096847e-16   48
  1.211857e+00   2.357654e-15   1.798266e-08   4.549717e-16   48
  1.218355e+00   2.794189e-15   1.798266e-08   2.533633e-16   96
  1.235512e+00   2.460973e-15   3.015167e-03   3.158327e-16   72
  1.244007e+00   2.262292e-15   1.598458e-08   2.148584e-16   108
  1.250338e+00   2.401668e-15   0.000000e+00   2.834319e-16   72
  1.256637e+00   3.075929e-15   0.000000e+00   4.728878e-16   30
  1.262905e+00   2.496976e-15   0.000000e+00   2.137981e-16   168
  1.269141e+00   3.297440e-15   0.000000e+00   5.214093e-16   48
  1.281523e+00   2.721422e-15   0.000000e+00   3.351202e-16   72
  1.287670e+00   2.264282e-15   0.000000e+00   2.594771e-16   96
  1.293787e+00   1.914447e-15   3.390842e-08   2.415408e-16   72
  1.299875e+00   1.953012e-15   0.000000e+00   2.361453e-16   72
  1.310112e+00   2.297282e-15   2.784031e-03   2.664007e-16   104
  1.317972e+00   2.391918e-15   2.397687e-08   1.965428e-16   144
  1.335824e+00   2.281588e-15   4.021044e-08   2.428829e-16   96
  1.341721e+00   2.012076e-15   0.000000e+00   2.196075e-16   96
  1.351101e+00   2.081675e-15   2.864148e-03   1.991986e-16   120
  1.359261e+00   2.825524e-15   0.000000e+00   2.534584e-16   120
  1.365057e+00   2.482109e-15   0.000000e+00   3.110947e-16   72
  1.376577e+00   2.392161e-15   0.000000e+00   3.289491e-16   48
  1.382301e+00   2.230580e-15   3.130008e-08   2.827061e-16   78
  1.389623e+00   1.653406e-15   2.564571e-03   1.246475e-16   168
  1.404963e+00   2.038831e-15   2.936555e-08   1.739531e-16   144
  1.410572e+00   2.182680e-15   2.397687e-08   1.871743e-16   144
  1.426839e+00   1.650313e-15   1.476986e-03   1.464651e-16   156
  1.432787e+00   2.120183e-15   3.114687e-08   3.520928e-16   48
  1.438287e+00   1.822448e-15   2.034505e-08   1.690140e-16   120
  1.443766e+00   2.559145e-15   0.000000e+00   3.080946e-16   48
  1.453454e+00   1.951404e-15   2.260797e-03   1.418673e-16   216
  1.465478e+00   2.361468e-15   0.000000e+00   3.540851e-16   48
  1.470856e+00   1.856771e-15   1.798266e-08   1.576276e-16   96
  1.478502e+00   1.713614e-15   2.642094e-03   1.518155e-16   168
  1.486873e+00   2.177083e-15   1.798266e-08   2.649278e-16   48
  1.492174e+00   1.700204e-15   0.000000e+00   1.695190e-16   96
  1.497456e+00   1.837009e-15   0.000000e+00   2.864052e-16   48
  1.507964e+00   1.252987e-15   2.034505e-08   2.237683e-16   30
  1.513191e+00   1.625853e-15   0.000000e+00   2.110856e-16   96
  1.519439e+00   1.540340e-15   2.076451e-03   9.687874e-17   240
  1.527472e+00   1.334885e-15   2.240191e-03   2.950112e-16   32
  1.533921e+00   1.433761e-15   0.000000e+00   1.295443e-16   168
  1.539060e+00   2.001558e-15   0.000000e+00   1.794392e-16   120
  1.549286e+00   1.725218e-15   3.791077e-08   2.218670e-16   72
  1.554374e+00   1.546754e-15   1.695421e-08   1.479611e-16   144
  1.559446e+00   1.190667e-15   0.000000e+00   1.559343e-16   96
  1.564501e+00   1.299420e-15   0.000000e+00   1.428327e-16   96
  1.574562e+00   1.215526e-15   0.000000e+00   1.360446e-16   72
  1.579568e+00   1.828716e-15   2.543132e-08   1.937413e-16   96
  1.589534e+00   1.179032e-15   0.000000e+00   2.036141e-16   24
  1.594494e+00   1.386392e-15   0.000000e+00   1.033854e-16   192
  1.600334e+00   1.339958e-15   1.901066e-03   9.746302e-17   132
  1.609281e+00   1.145444e-15   0.000000e+00   1.354007e-16   96
  1.614180e+00   1.894507e-15   0.000000e+00   2.065672e-16   96
  1.619064e+00   1.395835e-15   2.034505e-08   1.359797e-16   120
  1.628788e+00   1.416695e-15   0.000000e+00   2.821101e-16   48
  1.636759e+00   1.089046e-15   2.303939e-03   8.503601e-17   222
  1.643266e+00   1.514308e-15   0.000000e+00   1.517238e-16   120
  1.648064e+00   1.812354e-15   3.114687e-08   4.452503e-16   24
  1.655050e+00   1.290667e-15   2.378000e-03   9.221557e-17   312
  1.670270e+00   1.008297e-15   2.229470e-03   1.207832e-16   72
  1.676563e+00   1.140390e-15   3.114687e-08   1.110707e-16   96
  1.683024e+00   1.092381e-15   2.270407e-03   9.277044e-17   192
  1.690632e+00   1.313588e-15   2.877225e-08   1.462234e-16   120
  1.695296e+00   1.091448e-15   0.000000e+00   1.156837e-16   144
  1.704585e+00   1.042724e-15   0.000000e+00   1.696378e-16   48
  1.711188e+00   1.360899e-15   2.282974e-03   8.236772e-17   336
  1.718425e+00   9.191646e-16   0.000000e+00   2.109926e-16   48
  1.727590e+00   1.261098e-15   0.000000e+00   1.055313e-16   192
  1.732155e+00   1.453967e-15   0.000000e+00   2.467022e-16   48
  1.745129e+00   1.139051e-15   1.584683e-03   1.608407e-16   56
  1.751580e+00   1.084442e-15   2.035272e-03   6.870828e-17   336
  1.759292e+00   9.293797e-16   2.260561e-08   1.162381e-16   54
  1.766010e+00   1.139038e-15   2.235459e-03   8.949799e-17   240
  1.779956e+00   1.217131e-15   2.140470e-03   1.011787e-16   228
  1.786017e+00   1.119099e-15   2.397687e-08   1.538245e-16   72
  1.791900e+00   1.193271e-15   2.076308e-03   1.140293e-16   144
  1.799230e+00   1.167301e-15   0.000000e+00   1.293068e-16   96
  1.803613e+00   9.581697e-16   2.877225e-08   7.624905e-17   240
  1.812348e+00   7.596004e-16   2.543132e-08   2.015974e-16   24
  1.817939e+00   1.017447e-15   1.961057e-03   6.882840e-17   336
  1.825371e+00   1.056331e-15   0.000000e+00   1.660177e-16   72
  1.832154e+00   1.076063e-15   2.133012e-03   8.848809e-17   168
  1.838302e+00   1.067050e-15   0.000000e+00   1.211799e-16   72
  1.846872e+00   1.092573e-15   0.000000e+00   1.156622e-16   96
  1.853509e+00   1.022664e-15   2.117011e-03   9.288317e-17   216
  1.859653e+00   1.069183e-15   0.000000e+00   1.285515e-16   96
  1.868125e+00   9.589104e-16   2.543132e-08   8.104375e-17   192
  1.872347e+00   1.083383e-15   2.397687e-08   1.033152e-16   144
  1.880762e+00   8.694341e-16   0.000000e+00   1.369433e-16   48
  1.886588e+00   8.988128e-16   2.041047e-03   6.939450e-17   246
  1.894505e+00   9.374855e-16   1.881878e-03   8.627168e-17   168
  1.901637e+00   8.699674e-16   4.983500e-08   1.024631e-16   120
  1.905784e+00   9.586426e-16   0.000000e+00   8.360421e-17   240
  1.914053e+00   1.079420e-15   0.000000e+00   2.212517e-16   24
  1.920640e+00   9.474769e-16   2.014384e-03   6.284648e-17   360
  1.928845e+00   8.829322e-16   2.005812e-03   1.068458e-16   120
  1.934568e+00   9.271596e-16   0.000000e+00   8.616883e-17   144
  1.938645e+00   8.358195e-16   0.000000e+00   1.111012e-16   96
  1.950825e+00   8.123477e-16   0.000000e+00   8.497108e-17   144
  1.954868e+00   8.048879e-16   0.000000e+00   8.248615e-17   132
  1.960551e+00   9.944757e-16   1.979707e-03   8.561870e-17   176
  1.968799e+00   9.326610e-16   1.999105e-03   6.518104e-17   312
  1.978954e+00   8.153604e-16   0.000000e+00   1.090788e-16   96
  1.982940e+00   9.390599e-16   0.000000e+00   1.033462e-16   144
  1.989055e+00   8.693506e-16   1.979053e-03   6.569622e-17   312
  1.998804e+00   9.435916e-16   0.000000e+00   1.624667e-16   48
  2.002750e+00   8.531931e-16   2.543132e-08   8.298349e-17   192
  2.010619e+00   2.584280e-16   0.000000e+00   7.733690e-18   6
  2.015848e+00   8.198360e-16   1.845802e-03   6.712320e-17   288
  2.024316e+00   7.778828e-16   1.950210e-03   6.978487e-17   192
  2.030159e+00   6.778728e-16   5.980883e-08   6.605515e-17   216
  2.034045e+00   6.846026e-16   0.000000e+00   1.005849e-16   72
  2.043725e+00   7.438613e-16   1.931689e-03   7.178272e-17   192
  2.050154e+00   7.662688e-16   1.434383e-03   6.249432e-17   288
  2.057204e+00   7.358808e-16   0.000000e+00   1.945599e-16   24
  2.062650e+00   7.708048e-16   1.889681e-03   4.771994e-17   456
  2.072499e+00   5.704703e-16   0.000000e+00   1.052753e-16   48
  2.078585e+00   7.150190e-16   1.861260e-03   5.640940e-17   240
  2.085579e+00   6.779301e-16   1.881013e-03   6.036861e-17   216
  2.091461e+00   7.316369e-16   0.000000e+00   1.093883e-16   72
  2.095233e+00   7.096455e-16   6.498988e-08   7.368087e-17   168
  2.105882e+00   7.232448e-16   1.398129e-03   6.382561e-17   288
  2.111855e+00   6.613642e-16   1.849965e-03   6.666460e-17   168
  2.121448e+00   6.070741e-16   0.000000e+00   5.940128e-17   192
  2.125166e+00   6.810757e-16   2.397687e-08   8.037867e-17   144
  2.132584e+00   5.294701e-16   2.397687e-08   1.222797e-16   36
  2.138874e+00   6.755789e-16   1.689411e-03   5.236145e-17   342
  2.144889e+00   6.454713e-16   1.734820e-03   8.129761e-17   144
  2.152621e+00   6.211734e-16   1.819392e-03   4.948474e-17   384
  2.162000e+00   6.817647e-16   4.983500e-08   8.870759e-17   120
  2.166643e+00   6.200142e-16   1.622368e-03   5.512474e-17   264
  2.172929e+00   5.763531e-16   8.042088e-08   5.822251e-17   192
  2.178848e+00   6.368745e-16   1.748412e-03   7.079628e-17   152
  2.183802e+00   5.210010e-16   4.795375e-08   6.428311e-17   144
  2.194222e+00   7.367503e-16   1.131589e-03   6.710239e-17   216
  2.199045e+00   5.701137e-16   1.512105e-03   5.205374e-17   312
  2.207535e+00   5.834358e-16   1.752500e-03   5.711505e-17   240
  2.212538e+00   6.711102e-16   2.543132e-08   1.097101e-16   96
  2.222033e+00   6.152563e-16   1.675517e-03   7.222833e-17   144
  2.227885e+00   6.026211e-16   1.646885e-03   4.138233e-17   456
  2.237379e+00   6.636375e-16   0.000000e+00   7.668959e-17   120
  2.240905e+00   5.339835e-16   0.000000e+00   6.136434e-17   144
  2.247941e+00   4.873246e-16   3.596531e-08   1.426539e-16   24
  2.252452e+00   6.195920e-16   1.583038e-03   4.927053e-17   336
  2.260253e+00   4.943306e-16   1.745876e-03   4.924724e-17   198
  2.267563e+00   5.860220e-16   1.697764e-03   4.094814e-17   432
  2.275867e+00   4.265237e-16   5.086263e-08   7.061066e-17   48
  2.280199e+00   5.254198e-16   1.498832e-03   3.751231e-17   384
  2.287976e+00   6.107282e-16   1.725473e-03   7.540140e-17   144
  2.295024e+00   5.293950e-16   1.713168e-03   4.518169e-17   264
  2.303454e+00   5.665471e-16   0.000000e+00   1.188942e-16   48
  2.309110e+00   5.699644e-16   1.628943e-03   4.938348e-17   276
  2.314567e+00   4.940487e-16   1.476593e-03   5.376246e-17   192
  2.321860e+00   5.062429e-16   1.659366e-03   3.183734e-17   552
  2.330715e+00   4.739216e-16   4.069010e-08   6.466357e-17   120
  2.335978e+00   5.267145e-16   1.679687e-03   5.710100e-17   216
  2.340855e+00   5.730999e-16   4.069010e-08   6.765150e-17   120
  2.349569e+00   5.035405e-16   1.654080e-03   3.441772e-17   408
  2.357660e+00   7.219273e-16   3.596531e-08   2.137831e-16   24
  2.362678e+00   5.133373e-16   1.670919e-03   3.795069e-17   384
  2.369685e+00   5.654971e-16   1.632547e-03   5.366286e-17   240
  2.375770e+00   4.383139e-16   1.644502e-03   4.921457e-17   168
  2.384301e+00   4.799308e-16   0.000000e+00   6.602568e-17   120
  2.389801e+00   5.038419e-16   1.714308e-03   3.764762e-17   350
  2.398744e+00   4.681962e-16   2.822081e-03   3.437181e-17   384
  2.404088e+00   5.655883e-16   0.000000e+00   6.614231e-17   144
  2.413921e+00   4.649960e-16   3.390842e-08   3.969533e-17   288
  2.419055e+00   4.746752e-16   1.615394e-03   3.910947e-17   336
  2.426039e+00   4.801756e-16   1.470682e-03   5.633624e-17   168
  2.430220e+00   4.254232e-16   9.639558e-08   3.510930e-17   336
  2.438868e+00   5.081313e-16   1.526480e-03   4.814817e-17   288
  2.444062e+00   4.458971e-16   1.438335e-03   4.053097e-17   264
  2.452858e+00   4.939238e-16   0.000000e+00   4.480353e-17   240
  2.456075e+00   5.181437e-16   0.000000e+00   7.976041e-17   96
  2.467620e+00   5.181857e-16   1.956039e-03   4.002845e-17   360
  2.473008e+00   4.139900e-16   1.441936e-03   5.011539e-17   168
  2.479816e+00   4.767939e-16   1.571860e-03   3.355863e-17   456
  2.488014e+00   4.077966e-16   4.521123e-08   6.011494e-17   108
  2.492626e+00   4.859710e-16   1.577159e-03   4.426665e-17   264
  2.498378e+00   4.687272e-16   1.407083e-03   4.438755e-17   264
  2.506256e+00   4.340801e-16   1.327788e-03   3.783632e-17   312
  2.516065e+00   4.348394e-16   9.866910e-04   4.142654e-17   270
  2.520176e+00   3.898584e-16   1.252729e-03   3.946760e-17   240
  2.527567e+00   3.919635e-16   1.549783e-03   3.175936e-17   384
  2.532054e+00   4.317204e-16   5.086263e-08   4.796535e-17   192
  2.540769e+00   3.850777e-16   1.243495e-03   4.117095e-17   240
  2.545825e+00   4.120764e-16   1.534673e-03   3.425411e-17   336
  2.555333e+00   3.817162e-16   1.544942e-03   2.754939e-17   480
  2.563047e+00   4.223798e-16   3.390842e-08   7.869073e-17   72
  2.567356e+00   3.837469e-16   1.506459e-03   3.929780e-17   240
  2.573216e+00   3.902502e-16   1.415865e-03   3.213474e-17   312
  2.579934e+00   4.519957e-16   1.530210e-03   4.357036e-17   240
  2.590086e+00   3.944084e-16   1.162564e-03   3.138675e-17   408
  2.594104e+00   3.799310e-16   1.064628e-03   3.451721e-17   336
  2.601958e+00   3.774003e-16   1.351816e-03   3.857391e-17   264
  2.605818e+00   4.390622e-16   0.000000e+00   5.605311e-17   144
  2.616557e+00   3.934563e-16   1.873697e-03   2.875886e-17   464
  2.622215e+00   3.780610e-16   1.489973e-03   4.621182e-17   168
  2.627801e+00   3.873681e-16   1.357041e-03   3.361571e-17   336
  2.637897e+00   3.777310e-16   1.425837e-03   3.046775e-17   414
  2.643588e+00   3.642423e-16   1.484211e-03   4.614178e-17   216
  2.650879e+00   2.970431e-16   3.596531e-08   5.110056e-17   96
  2.653856e+00   3.775650e-16   8.809666e-08   3.378293e-17   384
  2.664284e+00   3.650983e-16   1.481344e-03   2.778317e-17   492
  2.669873e+00   3.364291e-16   1.448627e-03   3.649654e-17   240
  2.676189e+00   3.428633e-16   1.470864e-03   3.197265e-17   312
  2.684913e+00   3.923470e-16   1.470380e-03   4.770021e-17   192
  2.690439e+00   3.522574e-16   1.424976e-03   2.597894e-17   504
  2.697770e+00   3.292738e-16   9.433586e-04   2.734244e-17   408
  2.703542e+00   3.814153e-16   2.890096e-03   4.857638e-17   168
  2.710765e+00   2.900070e-16   1.372821e-03   2.988389e-17   288
  2.716826e+00   3.254934e-16   1.432656e-03   3.238008e-17   288
  2.723035e+00   3.602820e-16   1.440903e-03   2.978487e-17   432
  2.732042e+00   3.262968e-16   1.362614e-03   3.572164e-17   216
  2.736854e+00   3.571301e-16   1.359739e-03   3.059835e-17   360
  2.745421e+00   3.381401e-16   1.327092e-03   3.238048e-17   312
  2.753154e+00   2.413457e-16   0.000000e+00   5.526179e-17   48
  2.757611e+00   3.404058e-16   1.422834e-03   2.824972e-17   432
  2.765594e+00   3.471164e-16   2.373302e-03   2.786769e-17   414
  2.770308e+00   3.245173e-16   5.421333e-08   3.173644e-17   312
  2.779102e+00   3.170833e-16   2.082441e-03   2.231343e-17   528
  2.785037e+00   2.874124e-16   1.093105e-03   2.871868e-17   264
  2.792167e+00   3.029761e-16   1.296122e-03   2.338212e-17   480
  2.801483e+00   3.132847e-16   0.000000e+00   3.138850e-17   288
  2.805506e+00   3.435938e-16   1.392643e-03   4.583082e-17   168
  2.812867e+00   2.911947e-16   2.204550e-03   2.248337e-17   504
  2.821143e+00   2.675609e-16   3.390842e-08   3.733593e-17   144
  2.826350e+00   3.185972e-16   1.415850e-03   2.448414e-17   464
  2.834173e+00   2.977959e-16   2.077839e-03   2.291763e-17   432
  2.837886e+00   2.926549e-16   3.596531e-08   3.788014e-17   192
  2.847481e+00   3.385196e-16   1.540373e-03   2.881952e-17   396
  2.853147e+00   3.214850e-16   1.383680e-03   3.163630e-17   288
  2.858874e+00   3.138170e-16   1.366839e-03   2.775571e-17   336
  2.868021e+00   2.962085e-16   8.655099e-04   2.386225e-17   432
  2.873827e+00   2.728954e-16   2.243281e-03   2.321877e-17   360
  2.880345e+00   2.717485e-16   1.326934e-03   2.481189e-17   384
  2.889603e+00   2.880327e-16   1.171274e-03   3.482222e-17   198
  2.894063e+00   2.978354e-16   1.331357e-03   2.167255e-17   552
  2.902381e+00   2.539663e-16   1.863809e-03   2.083054e-17   432
  2.909325e+00   2.654691e-16   7.119285e-08   3.504091e-17   168
  2.915153e+00   2.599823e-16   2.310442e-03   2.126965e-17   480
  2.922863e+00   2.748600e-16   0.000000e+00   4.134599e-17   120
  2.926334e+00   2.929632e-16   1.887069e-03   2.803154e-17   336
  2.934802e+00   2.862471e-16   1.331298e-03   1.882472e-17   672
  2.943175e+00   2.626628e-16   1.936554e-03   1.913777e-17   528
  2.947075e+00   2.955590e-16   5.812872e-08   3.972997e-17   168
  2.956085e+00   2.717088e-16   2.160213e-03   2.208037e-17   456
  2.961583e+00   2.533832e-16   1.319260e-03   3.482374e-17   168
  2.967291e+00   2.672662e-16   1.316892e-03   2.012260e-17   504
  2.976778e+00   3.045605e-16   1.694638e-03   2.798848e-17   336
  2.982515e+00   2.466657e-16   1.221633e-03   2.428280e-17   312
  2.988879e+00   2.605936e-16   1.193619e-03   2.016754e-17   504
  2.997254e+00   2.738554e-16   8.281656e-04   2.271615e-17   432
  3.001192e+00   2.508498e-16   1.279790e-03   2.449758e-17   312
  3.009377e+00   2.647071e-16   1.311847e-03   2.396617e-17   384
  3.017923e+00   2.331271e-16   1.114566e-03   3.695661e-17   126
  3.023199e+00   2.378072e-16   1.956913e-03   1.905278e-17   492
  3.029938e+00   2.331235e-16   1.253405e-03   1.893237e-17   528
  3.038360e+00   2.490613e-16   1.273190e-03   1.991579e-17   480
  3.043581e+00   2.224873e-16   1.758905e-03   1.933463e-17   432
  3.051137e+00   2.461858e-16   1.383146e-03   2.083498e-17   440
  3.059913e+00   2.185079e-16   6.878330e-04   2.298559e-17   312
  3.063206e+00   2.703425e-16   1.030775e-03   2.225863e-17   480
  3.069960e+00   2.285245e-16   2.018238e-03   2.051641e-17   408
  3.079829e+00   2.029637e-16   1.208696e-03   1.887853e-17   360
  3.083998e+00   2.433748e-16   1.166348e-03   2.161181e-17   408
  3.091725e+00   2.493373e-16   1.186907e-03   2.108642e-17   456
  3.100425e+00   2.231935e-16   1.134390e-03   2.430876e-17   264
  3.105254e+00   2.267924e-16   1.231098e-03   2.136587e-17   384
  3.112283e+00   2.311347e-16   2.072640e-03   1.588019e-17   672
  3.120409e+00   2.104159e-16   1.239707e-03   2.525252e-17   240
  3.125099e+00   2.399492e-16   1.257992e-03   2.592178e-17   264
  3.131717e+00   2.525038e-16   1.551526e-03   1.813371e-17   624
  3.141593e+00   2.482659e-16   0.000000e+00   3.699736e-17   150
  3.145109e+00   2.001605e-16   1.738607e-03   1.500626e-17   600
  3.152524e+00   2.079654e-16   1.199942e-03   1.549340e-17   672
  3.160921e+00   2.237577e-16   1.128630e-03   2.256078e-17   336
  3.165599e+00   1.958886e-16   1.227621e-03   1.901539e-17   408
  3.173072e+00   2.025479e-16   1.224729e-03   1.876441e-17   408
  3.181385e+00   1.822857e-16   6.192886e-04   1.690326e-17   360
  3.186510e+00   2.005009e-16   2.273829e-03   1.751918e-17   456
  3.192699e+00   2.090175e-16   1.236522e-03   1.970136e-17   384
  3.200577e+00   2.312143e-16   1.141466e-03   2.181815e-17   348
  3.204835e+00   2.082748e-16   1.407202e-03   1.682983e-17   576
  3.212832e+00   2.042952e-16   1.158646e-03   1.645387e-17   504
  3.221013e+00   2.051319e-16   1.634203e-03   1.871748e-17   432
  3.228154e+00   1.941994e-16   2.223325e-03   1.479603e-17   576
  3.233247e+00   1.917522e-16   0.000000e+00   2.123463e-17   264
  3.241325e+00   2.056728e-16   1.769212e-03   1.355294e-17   768
  3.248351e+00   2.213398e-16   2.381921e-03   2.516970e-17   240
  3.253937e+00   2.005857e-16   2.100629e-03   2.861577e-17   192
  3.262073e+00   2.086276e-16   1.546319e-03   1.700210e-17   504
  3.268108e+00   1.642452e-16   2.083724e-03   1.323749e-17   590
  3.273894e+00   1.678199e-16   2.334698e-03   1.736360e-17   384
  3.281151e+00   2.002348e-16   1.951120e-03   1.650609e-17   504
  3.289911e+00   1.776687e-16   1.877651e-03   1.325948e-17   648
  3.298409e+00   2.019689e-16   5.099453e-04   1.637041e-17   504
  3.301835e+00   1.849654e-16   1.163281e-03   1.882040e-17   312
  3.307884e+00   1.804425e-16   1.676002e-03   1.417406e-17   576
  3.316189e+00   1.659842e-16   1.166339e-03   2.063719e-17   240
  3.321030e+00   1.904582e-16   1.178530e-03   1.525825e-17   552
  3.327882e+00   1.717079e-16   1.106612e-03   1.333219e-17   600
  3.337643e+00   1.785477e-16   1.351639e-03   1.339052e-17   600
  3.343511e+00   1.850922e-16   2.164544e-03   1.919175e-17   312
  3.349356e+00   1.589232e-16   1.885103e-03   1.405126e-17   480
  3.356656e+00   1.927184e-16   1.176123e-03   1.426034e-17   576
  3.363084e+00   1.742125e-16   1.893814e-03   1.786094e-17   408
  3.368787e+00   2.255021e-16   2.209222e-03   2.561513e-17   216
  3.376156e+00   1.588221e-16   1.692015e-03   1.278979e-17   516
  3.384050e+00   1.710231e-16   1.614354e-03   1.199782e-17   744
  3.392194e+00   1.545831e-16   1.078246e-03   1.378468e-17   462
  3.396796e+00   1.890448e-16   1.095881e-03   1.712757e-17   432
  3.403934e+00   1.591794e-16   1.016670e-03   1.194236e-17   648
  3.412327e+00   1.771370e-16   1.487578e-03   1.479213e-17   528
  3.419069e+00   1.568612e-16   1.791415e-03   1.229008e-17   600
  3.425805e+00   1.163358e-16   2.258506e-03   1.497904e-17   240
  3.432329e+00   1.612311e-16   1.729994e-03   1.143970e-17   720
  3.439912e+00   1.619432e-16   1.368738e-03   1.169345e-17   720
  3.448318e+00   2.055418e-16   0.000000e+00   3.024024e-17   144
  3.452742e+00   1.478900e-16   1.764713e-03   1.093363e-17   720
  3.459035e+00   1.597956e-16   1.058157e-03   1.542356e-17   384
  3.466913e+00   1.623430e-16   1.173023e-03   1.177466e-17   672
  3.474387e+00   1.475013e-16   2.053834e-03   1.593493e-17   336
  3.477957e+00   1.514022e-16   0.000000e+00   1.726909e-17   288
  3.486699e+00   1.642500e-16   1.625472e-03   1.145271e-17   776
  3.494792e+00   1.479738e-16   1.390838e-03   1.029606e-17   720
  3.501588e+00   1.626076e-16   1.120422e-03   1.490557e-17   432
  3.507024e+00   1.419988e-16   1.597303e-03   1.153623e-17   504
  3.513071e+00   1.448542e-16   1.119137e-03   1.243615e-17   528
  3.521533e+00   1.569617e-16   1.524759e-03   1.498027e-17   438
  3.528495e+00   1.448392e-16   1.774680e-03   1.162021e-17   624
  3.533741e+00   1.441189e-16   2.173744e-03   1.608369e-17   312
  3.540952e+00   1.310436e-16   1.171159e-03   1.010828e-17   696
  3.548410e+00   1.356830e-16   1.059686e-03   1.139711e-17   552
  3.556166e+00   1.362880e-16   8.198436e-04   1.219687e-17   516
  3.560964e+00   1.257258e-16   1.637576e-03   1.105815e-17   528
  3.566805e+00   1.589139e-16   1.064960e-03   1.279919e-17   528
  3.575102e+00   1.377677e-16   1.404467e-03   9.183333e-18   864
  3.580734e+00   1.407234e-16   1.923830e-03   1.410118e-17   408
  3.586372e+00   9.579444e-17   1.906039e-03   1.391265e-17   192
  3.594362e+00   1.442227e-16   1.577339e-03   1.026007e-17   720
  3.601108e+00   1.335945e-16   1.454384e-03   1.015379e-17   696
  3.609123e+00   1.379371e-16   1.570748e-03   1.045220e-17   720
  3.616456e+00   1.253988e-16   2.128961e-03   1.180324e-17   432
  3.620733e+00   1.340156e-16   1.253189e-03   1.561656e-17   264
  3.628427e+00   1.360098e-16   1.730599e-03   1.029607e-17   672
  3.635310e+00   1.271877e-16   1.771868e-03   1.036669e-17   600
  3.643477e+00   1.568395e-16   1.037427e-03   1.711532e-17   270
  3.647594e+00   1.470259e-16   1.561617e-03   1.268653e-17   528
  3.654138e+00   1.201994e-16   1.069340e-03   8.106482e-18   840
  3.663112e+00   1.121929e-16   2.044769e-03   7.799803e-18   888
  3.671403e+00   1.330286e-16   1.523504e-03   9.957875e-18   744
  3.678411e+00   1.028294e-16   7.828584e-04   9.277678e-18   456
  3.681896e+00   8.718284e-17   1.069824e-03   9.725136e-18   360
  3.687860e+00   1.357603e-16   9.269427e-04   1.369134e-17   384
  3.697011e+00   1.238801e-16   1.486807e-03   8.789323e-18   816
  3.703877e+00   1.216124e-16   2.157150e-03   8.615123e-18   824
  3.712223e+00   1.272461e-16   1.002746e-03   1.301476e-17   360
  3.716692e+00   1.147935e-16   1.479676e-03   9.175792e-18   624
  3.722842e+00   1.010858e-16   9.998850e-04   1.118160e-17   360
  3.731036e+00   1.251952e-16   1.360137e-03   8.794393e-18   876
  3.738436e+00   1.144185e-16   1.615436e-03   8.609678e-18   696
  3.745899e+00   1.130654e-16   1.043143e-03   1.166355e-17   336
  3.749811e+00   1.088593e-16   1.041971e-03   9.473756e-18   504
  3.756273e+00   1.239443e-16   1.051000e-03   9.682369e-18   672
  3.765859e+00   1.129591e-16   2.092296e-03   8.051876e-18   720
  3.772508e+00   1.036737e-16   1.580506e-03   7.596681e-18   774
  3.779846e+00   1.217396e-16   9.046409e-04   1.356425e-17   384
  3.783690e+00   1.058374e-16   1.740917e-03   1.007323e-17   528
  3.789655e+00   1.077851e-16   1.659191e-03   8.286246e-18   744
  3.799249e+00   9.581397e-17   1.368481e-03   6.950439e-18   768
  3.805620e+00   1.164854e-16   1.536223e-03   9.971166e-18   552
  3.813568e+00   1.096889e-16   1.674309e-03   8.432261e-18   696
  3.819481e+00   9.396146e-17   2.034577e-03   1.039864e-17   408
  3.824174e+00   9.448352e-17   8.789532e-04   8.726910e-18   504
  3.831615e+00   1.003172e-16   1.579007e-03   7.085544e-18   888
  3.838937e+00   1.013264e-16   1.641044e-03   8.034437e-18   648
  3.846547e+00   9.767129e-17   1.626978e-03   7.591083e-18   648
  3.853707e+00   1.056439e-16   1.754281e-03   7.844443e-18   792
  3.861291e+00   1.171070e-16   2.566633e-03   9.722787e-18   600
  3.866880e+00   1.119011e-16   1.739428e-03   1.038455e-17   456
  3.872762e+00   9.943888e-17   8.477229e-04   7.725456e-18   648
  3.880317e+00   1.057786e-16   1.653183e-03   7.006908e-18   936
  3.888474e+00   7.850686e-17   1.015268e-03   9.057195e-18   384
  3.895575e+00   9.615720e-17   0.000000e+00   1.423035e-17   198
  3.901055e+00   9.597568e-17   2.575821e-03   5.537053e-18   1224
  3.906966e+00   7.725085e-17   1.875990e-03   8.446244e-18   420
  3.913957e+00   9.799405e-17   1.815566e-03   7.339231e-18   792
  3.920793e+00   9.460049e-17   1.501318e-03   7.668031e-18   680
  3.928594e+00   9.290265e-17   1.378581e-03   8.217384e-18   600
  3.934870e+00   9.477807e-17   1.999321e-03   6.894615e-18   840
  3.943251e+00   8.590124e-17   9.439865e-04   8.600487e-18   432
  3.946454e+00   9.290127e-17   8.846397e-04   7.716545e-18   720
  3.953417e+00   8.306723e-17   1.771778e-03   5.345388e-18   960
  3.962077e+00   9.163751e-17   1.579411e-03   7.724625e-18   528
  3.968405e+00   1.018348e-16   1.614459e-03   8.704097e-18   624
  3.975938e+00   8.023136e-17   1.268954e-03   5.596661e-18   816
  3.983415e+00   8.395183e-17   2.086821e-03   6.769713e-18   696
  3.991678e+00   9.061474e-17   1.150890e-07   1.187610e-17   240
  3.994784e+00   9.469733e-17   1.230648e-03   7.990842e-18   672
  4.001719e+00   8.765422e-17   2.199344e-03   6.167903e-18   864
  4.009498e+00   9.464752e-17   1.687640e-03   6.683055e-18   816
  4.016509e+00   8.832577e-17   9.659469e-04   7.045560e-18   648
  4.024060e+00   7.325964e-17   9.873737e-04   5.254715e-18   843
  4.030471e+00   9.009544e-17   1.776528e-03   6.825499e-18   780
  4.038111e+00   1.001724e-16   9.532520e-04   1.418801e-17   216
  4.042823e+00   7.852594e-17   2.298663e-03   5.095044e-18   1056
  4.050071e+00   7.626473e-17   1.880564e-03   9.693278e-18   228
  4.056781e+00   7.810205e-17   2.341349e-03   5.511132e-18   924
  4.063670e+00   7.221393e-17   8.685094e-04   5.715002e-18   696
  4.070964e+00   9.124563e-17   1.545698e-03   6.097126e-18   996
  4.078428e+00   8.739633e-17   9.125493e-04   7.399121e-18   576
  4.086192e+00   9.740058e-17   1.408459e-03   8.627472e-18   552
  4.091852e+00   7.330517e-17   1.681651e-03   6.876709e-18   516
  4.097596e+00   7.175121e-17   2.445470e-03   5.509137e-18   744
  4.104159e+00   8.096688e-17   1.199649e-03   6.661088e-18   576
  4.109868e+00   8.535165e-17   1.234742e-03   6.132938e-18   792
  4.117982e+00   7.129227e-17   1.411539e-03   5.224429e-18   792
  4.123927e+00   8.035197e-17   1.522330e-03   6.285726e-18   720
  4.131968e+00   7.435389e-17   1.735107e-03   5.917249e-18   656
  4.139503e+00   8.162864e-17   1.894646e-03   6.074739e-18   816
  4.147227e+00   8.905056e-17   1.021561e-03   8.508266e-18   492
  4.151618e+00   7.651648e-17   1.469588e-03   6.852027e-18   552
  4.159858e+00   9.167064e-17   2.555435e-03   6.656781e-18   780
  4.165209e+00   7.037661e-17   1.569773e-03   6.144611e-18   528
  4.170975e+00   7.645376e-17   1.832403e-03   6.135884e-18   600
  4.179472e+00   7.008968e-17   1.522872e-03   4.804448e-18   900
  4.185329e+00   7.837844e-17   8.430879e-04   6.124488e-18   696
  4.193388e+00   7.538250e-17   2.131780e-03   5.922641e-18   696
  4.201183e+00   7.246317e-17   8.648430e-04   5.957437e-18   552
  4.207739e+00   8.126239e-17   1.005732e-03   6.413042e-18   708
  4.214606e+00   8.276222e-17   1.660522e-03   5.723596e-18   876
  4.221752e+00   7.346275e-17   8.817041e-04   9.453902e-18   216
  4.226547e+00   6.735436e-17   2.411580e-03   4.360918e-18   1032
  4.233729e+00   8.031839e-17   2.685028e-03   6.541955e-18   600
  4.241182e+00   8.799825e-17   1.281196e-03   7.303417e-18   600
  4.246868e+00   6.784984e-17   2.262472e-03   6.214802e-18   528
  4.253589e+00   7.241841e-17   1.241998e-03   5.498290e-18   732
  4.260669e+00   6.617483e-17   9.171027e-04   7.293747e-18   336
  4.268820e+00   7.291422e-17   1.307053e-03   4.737584e-18   912
  4.274911e+00   7.877698e-17   1.311885e-03   6.057064e-18   624
  4.281565e+00   6.865400e-17   1.105498e-03   5.157655e-18   768
  4.289333e+00   6.947732e-17   1.994537e-03   5.209808e-18   792
  4.296957e+00   7.333625e-17   9.888090e-04   5.836240e-18   660
  4.302382e+00   7.739867e-17   1.457169e-03   7.233663e-18   504
  4.307992e+00   6.792766e-17   2.380735e-03   6.010895e-18   480
  4.316401e+00   7.675638e-17   2.201870e-03   5.010716e-18   912
  4.322985e+00   7.627823e-17   2.452123e-03   7.500739e-18   432
  4.329203e+00   6.729363e-17   1.456013e-03   5.492047e-18   564
  4.334724e+00   6.525319e-17   1.393605e-03   5.085894e-18   600
  4.342496e+00   6.608873e-17   1.942553e-03   4.556698e-18   876
  4.348334e+00   6.377618e-17   8.734307e-04   7.392085e-18   264
  4.356382e+00   7.392042e-17   1.694799e-03   6.748621e-18   560
  4.362850e+00   6.738334e-17   1.151652e-03   4.706918e-18   840
  4.370702e+00   7.236785e-17   1.775516e-03   4.254881e-18   1008
  4.377963e+00   8.432010e-17   7.942467e-04   7.979110e-18   456
  4.384595e+00   6.336179e-17   1.028834e-03   5.379818e-18   576
  4.390725e+00   6.165696e-17   1.580913e-03   4.770065e-18   612
  4.398809e+00   6.990820e-17   1.412012e-03   5.112300e-18   780
  4.405404e+00   5.953976e-17   1.618102e-03   4.508553e-18   648
  4.412155e+00   7.227886e-17   7.540562e-04   8.167859e-18   312
  4.416470e+00   6.519333e-17   1.915933e-03   5.164665e-18   528
  4.423945e+00   6.780833e-17   2.502113e-03   4.919815e-18   720
  4.431093e+00   7.918558e-17   2.509948e-03   6.568608e-18   576
  4.439759e+00   6.912604e-17   2.165154e-03   6.513187e-18   444
  4.445151e+00   6.051464e-17   2.123318e-03   3.903082e-18   996
  4.451759e+00   7.230629e-17   1.773610e-03   6.881287e-18   432
  4.458005e+00   6.162147e-17   1.941754e-03   5.701458e-18   504
  4.463400e+00   7.341810e-17   8.754449e-04   6.260799e-18   504
  4.471082e+00   5.437715e-17   1.722886e-03   3.387338e-18   876
  4.478033e+00   6.338011e-17   1.982878e-03   5.373599e-18   504
  4.485271e+00   7.198034e-17   1.264576e-03   5.284313e-18   696
  4.491253e+00   5.981858e-17   1.081079e-03   4.875400e-18   492
  4.499392e+00   6.884692e-17   1.547618e-03   6.661762e-18   432
  4.505420e+00   6.302136e-17   1.449174e-03   4.530448e-18   768
  4.512567e+00   6.467705e-17   1.805141e-03   5.063327e-18   648
  4.519390e+00   7.187785e-17   1.177661e-03   6.424536e-18   456
  4.527231e+00   6.007835e-17   1.619475e-03   4.697494e-18   552
  4.532676e+00   6.894777e-17   1.109989e-03   5.373929e-18   648
  4.540170e+00   5.939146e-17   1.809220e-03   3.889663e-18   840
  4.547491e+00   5.641936e-17   8.627791e-04   5.234122e-18   432
  4.554820e+00   6.540917e-17   1.056757e-03   5.157602e-18   600
  4.559917e+00   4.902699e-17   1.125905e-03   4.693174e-18   432
  4.568479e+00   5.433944e-17   1.120948e-03   4.193251e-18   560
  4.574277e+00   6.312080e-17   1.774344e-03   4.120714e-18   840
  4.581537e+00   6.734099e-17   1.050970e-03   5.782282e-18   504
  4.587303e+00   6.304434e-17   2.144966e-03   4.530763e-18   696
  4.595432e+00   6.205555e-17   1.171504e-03   6.651519e-18   384
  4.601763e+00   6.608593e-17   1.716116e-03   5.191933e-18   576
  4.609420e+00   5.585566e-17   1.059101e-03   5.208833e-18   360
  4.615593e+00   6.089705e-17   1.577258e-03   4.149780e-18   828
  4.622251e+00   5.719467e-17   1.404841e-03   5.170173e-18   372
  4.628352e+00   5.582205e-17   2.145462e-03   4.219044e-18   576
  4.636434e+00   5.182305e-17   8.985170e-04   3.832967e-18   636
  4.642192e+00   5.890529e-17   1.732109e-03   4.434150e-18   648
  4.649981e+00   6.120401e-17   1.408015e-03   4.950324e-18   576
  4.655573e+00   5.969140e-17   2.271277e-03   4.899001e-18   528
  4.663010e+00   6.535736e-17   9.710647e-04   6.999839e-18   360
  4.669165e+00   6.053866e-17   2.233813e-03   4.097610e-18   672
  4.677203e+00   5.665693e-17   1.144196e-03   3.789240e-18   804
  4.683893e+00   5.081034e-17   1.262185e-03   4.558492e-18   408
  4.691293e+00   5.610086e-17   7.801673e-04   5.148590e-18   384
  4.696276e+00   6.577062e-17   1.785323e-03   5.398200e-18   480
  4.703304e+00   6.121576e-17   1.153580e-03   5.360112e-18   432
  4.710045e+00   4.435107e-17   2.125802e-03   2.983064e-18   648
  4.718024e+00   5.695626e-17   1.319050e-03   4.439692e-18   624
  4.723861e+00   5.924492e-17   1.199787e-03   5.119691e-18   456
  4.731831e+00   5.986789e-17   1.639016e-03   4.819199e-18   588
  4.737172e+00   5.143374e-17   1.045685e-03   3.748485e-18   600
  4.744970e+00   5.699461e-17   1.631013e-03   4.023427e-18   708
  4.751130e+00   5.536528e-17   1.027507e-03   5.255707e-18   360
  4.757936e+00   4.998068e-17   1.181146e-03   3.908578e-18   552
  4.764461e+00   6.267276e-17   8.286020e-04   6.568501e-18   288
  4.771085e+00   5.807261e-17   1.557998e-03   4.576820e-18   528
  4.777309e+00   4.553111e-17   1.051098e-03   3.244674e-18   456
  4.784262e+00   5.467941e-17   1.863824e-03   3.792523e-18   608
  4.791256e+00   5.809378e-17   9.017389e-04   4.844198e-18   504
  4.798898e+00   6.799785e-17   1.935982e-03   5.548911e-18   540
  4.804891e+00   4.443592e-17   2.078222e-03   4.142575e-18   360
  4.811350e+00   4.995461e-17   9.411255e-04   3.972794e-18   540
  4.817063e+00   5.392508e-17   8.080679e-04   3.952282e-18   576
  4.825371e+00   5.055865e-17   1.873635e-03   3.754956e-18   588
  4.833270e+00   5.304142e-17   2.585051e-03   3.659369e-18   672
  4.840056e+00   4.593067e-17   1.975777e-03   3.359487e-18   552
  4.845526e+00   5.104827e-17   1.976776e-03   6.013145e-18   144
  4.852507e+00   5.052694e-17   1.679474e-03   3.619194e-18   600
  4.859125e+00   5.954563e-17   2.104747e-03   4.649102e-18   504
  4.866470e+00   5.853206e-17   2.162000e-03   6.418212e-18   336
  4.874196e+00   5.450599e-17   2.430098e-03   3.848698e-18   600
  4.881116e+00   5.601708e-17   1.568306e-03   3.762414e-18   636
  4.888585e+00   4.955720e-17   1.260932e-03   4.478782e-18   384
  4.893821e+00   4.658228e-17   1.758851e-03   3.810205e-18   504
  4.901368e+00   4.813138e-17   7.381651e-04   5.829304e-18   240
  4.907324e+00   4.676704e-17   1.734055e-03   2.959952e-18   744
  4.914470e+00   5.331518e-17   1.184096e-03   3.662162e-18   648
  4.920821e+00   2.496239e-17   7.860381e-04   3.226299e-18   120
  4.928265e+00   4.872517e-17   1.234764e-03   3.412843e-18   564
  4.933890e+00   4.780399e-17   1.939271e-03   4.238007e-18   432
  4.941396e+00   5.630356e-17   1.505258e-03   4.425288e-18   480
  4.947049e+00   5.754634e-17   1.107908e-03   4.610578e-18   456
  4.953721e+00   4.791957e-17   1.833424e-03   3.847143e-18   444
  4.961293e+00   5.440975e-17   2.805235e-03   4.031857e-18   528
  4.967944e+00   5.010390e-17   2.083390e-03   5.499152e-18   264
  4.974399e+00   4.845016e-17   2.135165e-03   3.703299e-18   444
  4.983082e+00   4.571438e-17   2.338759e-03   2.991557e-18   696
  4.990289e+00   4.290391e-17   1.250847e-03   3.781344e-18   384
  4.995560e+00   4.526052e-17   1.580550e-03   3.636418e-18   432
  5.003759e+00   4.565009e-17   1.092086e-03   3.459290e-18   488
  5.009082e+00   4.622694e-17   1.645909e-03   3.712876e-18   480
  5.016800e+00   5.354495e-17   1.835529e-03   4.566517e-18   480
  5.022777e+00   4.507827e-17   7.701318e-04   3.842815e-18   240
  5.029563e+00   4.976644e-17   1.798967e-03   3.543610e-18   600
  5.035964e+00   5.168282e-17   1.567616e-03   5.116825e-18   288
  5.042780e+00   4.584466e-17   1.507931e-03   3.195531e-18   480
  5.049682e+00   5.370252e-17   2.682341e-03   3.760229e-18   504
  5.056479e+00   4.511599e-17   1.150891e-03   5.168667e-18   216
  5.065146e+00   4.574551e-17   1.884192e-03   3.328730e-18   504
  5.071897e+00   4.723064e-17   1.515464e-03   3.671534e-18   456
  5.079286e+00   3.725152e-17   8.691442e-04   3.321226e-18   384
  5.084180e+00   4.473438e-17   1.764049e-03   3.728204e-18   480
  5.091134e+00   5.120499e-17   1.549032e-03   3.679819e-18   504
  5.097578e+00   4.744280e-17   9.826093e-04   4.645106e-18   312
  5.104521e+00   4.712877e-17   1.583441e-03   3.444510e-18   492
  5.110667e+00   4.261147e-17   1.484108e-03   4.073921e-18   312
  5.118579e+00   4.693381e-17   2.410815e-03   2.910966e-18   576
  5.125543e+00   4.377936e-17   2.225378e-03   3.848216e-18   336
  5.131328e+00   5.540523e-17   1.713438e-03   5.817029e-18   240
  5.139346e+00   4.450422e-17   2.271584e-03   2.904678e-18   468
  5.146270e+00   4.473565e-17   1.422340e-03   5.214523e-18   192
  5.153517e+00   5.237270e-17   1.426580e-03   4.636495e-18   324
  5.158828e+00   4.538628e-17   1.035388e-03   2.976972e-18   600
  5.166066e+00   3.856923e-17   1.679811e-03   3.120096e-18   456
  5.171442e+00   4.410810e-17   7.555789e-04   4.282410e-18   336
  5.180350e+00   4.308396e-17   2.262417e-03   2.926139e-18   612
  5.186832e+00   5.856772e-17   1.898719e-03   7.192579e-18   144
  5.192961e+00   3.827793e-17   2.216292e-03   2.485187e-18   552
  5.201296e+00   4.902666e-17   8.728032e-04   4.366346e-18   264
  5.206006e+00   4.294424e-17   2.020762e-03   3.592485e-18   336
  5.213435e+00   4.691581e-17   1.335250e-03   3.236993e-18   384
  5.219878e+00   3.948678e-17   7.516140e-04   3.980369e-18   216
  5.227010e+00   5.165960e-17   1.593577e-03   4.404779e-18   344
  5.233513e+00   5.003952e-17   2.377692e-03   3.856528e-18   408
  5.241438e+00   4.253539e-17   1.827101e-03   3.790392e-18   264
  5.248460e+00   4.287418e-17   2.547069e-03   2.962850e-18   612
  5.255476e+00   3.445832e-17   1.310917e-03   2.573146e-18   408
  5.262692e+00   4.595636e-17   1.312801e-03   3.402804e-18   444
  5.267993e+00   2.017017e-17   7.342396e-04   2.414364e-18   120
  5.275096e+00   4.230387e-17   2.028570e-03   3.253248e-18   336
  5.280368e+00   4.408652e-17   7.049199e-04   3.888044e-18   288
  5.287493e+00   4.046471e-17   2.193723e-03   2.347360e-18   552
  5.297288e+00   3.955956e-17   0.000000e+00   9.814771e-18   72
  5.302324e+00   4.729293e-17   2.178926e-03   3.043090e-18   504
  5.308207e+00   5.553127e-17   7.011571e-04   5.247561e-18   216
  5.315829e+00   4.827085e-17   1.251868e-03   4.172323e-18   312
  5.322672e+00   4.525976e-17   1.425448e-03   3.606161e-18   336
  5.329194e+00   4.796465e-17   1.975831e-03   4.659730e-18   204
  5.335689e+00   3.646051e-17   2.296216e-03   2.610501e-18   504
  5.342577e+00   3.741761e-17   2.186657e-03   2.723853e-18   396
  5.349201e+00   3.949162e-17   2.005279e-03   3.054378e-18   312
  5.357232e+00   3.217083e-17   1.225440e-03   3.523036e-18   216
  5.362890e+00   3.931273e-17   6.650698e-04   4.240263e-18   168
  5.369766e+00   4.201897e-17   1.679338e-03   2.455938e-18   588
  5.377613e+00   5.051821e-17   2.279505e-03   4.287703e-18   240
  5.383710e+00   4.943717e-17   2.013185e-03   4.428150e-18   264
  5.390860e+00   4.587219e-17   2.489717e-03   3.908941e-18   288
  5.397204e+00   4.952432e-17   1.243261e-03   4.018033e-18   288
  5.405244e+00   4.149232e-17   1.167620e-03   3.366721e-18   288
  5.410658e+00   4.407733e-17   1.352591e-03   3.850061e-18   192
  5.417469e+00   4.928812e-17   1.439292e-03   3.996461e-18   264
  5.423957e+00   2.951899e-17   2.367436e-03   2.070593e-18   372
  5.430940e+00   3.455547e-17   2.556933e-03   2.592891e-18   360
  5.439463e+00   3.586861e-17   1.082118e-03   4.152534e-18   144
  5.443868e+00   4.925540e-17   1.503015e-03   3.885286e-18   296
  5.450821e+00   4.238215e-17   1.619421e-03   3.763016e-18   288
  5.458782e+00   4.392707e-17   2.420184e-03   2.630937e-18   480
  5.465649e+00   4.990229e-17   2.010942e-03   4.574273e-18   192
  5.472326e+00   3.778230e-17   2.157009e-03   3.405674e-18   192
  5.478395e+00   4.658916e-17   1.374687e-03   3.804914e-18   288
  5.486835e+00   5.094006e-17   1.196646e-03   5.476000e-18   108
  5.491087e+00   3.471756e-17   1.150429e-03   2.549884e-18   240
  5.498595e+00   4.760892e-17   2.146152e-03   2.842934e-18   384
  5.506307e+00   3.443517e-17   2.618062e-03   3.718043e-18   108
  5.513127e+00   3.314467e-17   1.535018e-03   2.517935e-18   348
  5.520298e+00   4.595486e-17   1.602006e-03   3.602202e-18   312
  5.526703e+00   5.314655e-17   1.556684e-03   8.123971e-18   96
  5.532593e+00   4.250640e-17   2.072444e-03   2.574420e-18   384
  5.539190e+00   4.142999e-17   1.425422e-03   4.847750e-18   144
  5.545642e+00   4.254144e-17   2.190224e-03   2.538226e-18   408
  5.553663e+00   4.969529e-17   9.769946e-04   4.631902e-18   144
  5.561240e+00   4.377030e-17   1.878283e-03   3.938693e-18   192
  5.565734e+00   3.525811e-17   2.114042e-03   3.275498e-18   144
  5.573059e+00   4.569679e-17   1.718794e-03   4.217302e-18   144
  5.579969e+00   4.027914e-17   2.100644e-03   2.386635e-18   336
  5.588433e+00   5.082876e-17   1.554210e-03   3.610661e-18   240
  5.593800e+00   4.473495e-17   7.057532e-04   6.569389e-18   96
  5.601284e+00   4.091867e-17   2.069634e-03   2.889668e-18   372
  5.608856e+00   4.662310e-17   2.461786e-03   4.736660e-18   132
  5.615507e+00   4.690481e-17   1.523323e-03   3.137901e-18   264
  5.621457e+00   3.913348e-17   1.169843e-03   3.511730e-18   168
  5.627807e+00   4.001711e-17   1.870354e-03   2.875772e-18   216
  5.633417e+00   4.563696e-17   1.144306e-03   3.512527e-18   216
  5.641586e+00   4.949724e-17   2.099325e-03   4.919972e-18   96
  5.648999e+00   4.070522e-17   1.369618e-03   4.366316e-18   120
  5.655797e+00   4.327305e-17   1.741170e-03   2.867979e-18   216
  5.661397e+00   4.697239e-17   7.608972e-04   3.584513e-18   200
  5.668812e+00   4.884997e-17   1.969636e-03   3.200798e-18   288
  5.678322e+00   5.521824e-17   5.182495e-04   4.943189e-18   144
  5.682326e+00   4.203953e-17   1.612761e-03   3.346876e-18   168
  5.690504e+00   4.364231e-17   1.815012e-03   3.829433e-18   159
  5.696887e+00   4.514318e-17   1.904384e-03   3.526821e-18   174
  5.703065e+00   4.428808e-17   1.726829e-03   3.438239e-18   144
  5.711154e+00   4.309026e-17   9.971188e-04   2.881728e-18   222
  5.716564e+00   4.669181e-17   1.006181e-03   3.339451e-18   168
  5.725909e+00   3.770960e-17   2.206942e-03   6.841265e-18   30
  5.729769e+00   5.481184e-17   1.948567e-03   6.232228e-18   72
  5.737039e+00   4.714508e-17   1.739073e-03   3.017775e-18   258
  5.745032e+00   4.770202e-17   1.089226e-03   2.829502e-18   264
  5.749029e+00   4.838076e-17   1.174622e-07   5.838603e-18   72
  5.757357e+00   5.156759e-17   2.158892e-03   3.717096e-18   174
  5.764898e+00   4.487959e-17   2.298822e-03   3.111233e-18   168
  5.770961e+00   5.180593e-17   7.193062e-08   7.122675e-18   48
  5.777470e+00   5.259844e-17   1.298199e-03   3.935392e-18   150
  5.785016e+00   4.084223e-17   2.388130e-03   2.559599e-18   168
  5.792583e+00   4.504814e-17   1.454738e-03   3.015318e-18   144
  5.799541e+00   4.587414e-17   1.359056e-03   4.292588e-18   102
  5.804724e+00   5.270648e-17   2.011636e-03   5.144396e-18   96
  5.812948e+00   5.253344e-17   1.996414e-03   4.412289e-18   120
  5.819038e+00   5.329909e-17   2.141206e-03   3.702883e-18   168
  5.825625e+00   3.960976e-17   1.581111e-03   2.843196e-18   126
  5.831237e+00   4.854299e-17   1.192474e-03   3.318750e-18   168
  5.838969e+00   4.975728e-17   1.912134e-03   4.874290e-18   72
  5.845726e+00   5.079171e-17   2.394418e-03   3.205333e-18   168
  5.851646e+00   4.647606e-17   6.564276e-04   4.354557e-18   78
  5.859757e+00   5.367370e-17   1.077805e-03   5.629731e-18   60
  5.866288e+00   4.129395e-17   1.748374e-03   3.261588e-18   96
  5.873062e+00   4.554741e-17   2.121507e-03   2.621543e-18   168
  5.879428e+00   5.055360e-17   1.342407e-03   4.965574e-18   86
  5.886107e+00   5.416868e-17   1.199794e-03   4.445255e-18   120
  5.895681e+00   4.920968e-17   8.556122e-04   2.982793e-18   168
  5.900844e+00   5.450275e-17   0.000000e+00   6.500292e-18   48
  5.907798e+00   4.527910e-17   1.558833e-03   3.115651e-18   120
  5.911793e+00   4.851128e-17   1.137231e-03   3.396920e-18   126
  5.921548e+00   4.862821e-17   2.000073e-03   3.581501e-18   96
  5.927878e+00   4.973305e-17   5.767223e-04   3.731380e-18   96
  5.932871e+00   5.041159e-17   6.781684e-08   4.472268e-18   72
  5.943508e+00   5.244252e-17   7.193062e-08   7.970745e-18   24
  5.950147e+00   4.545083e-17   1.186881e-03   2.876336e-18   120
  5.955326e+00   4.732914e-17   1.731294e-03   3.423852e-18   126
  5.961084e+00   5.021417e-17   1.443268e-03   3.941458e-18   96
  5.967813e+00   5.343701e-17   2.494389e-03   4.764682e-18   72
  5.975306e+00   5.067822e-17   1.078907e-03   2.935316e-18   144
  5.981469e+00   5.030245e-17   6.222882e-04   4.025267e-18   72
  5.987626e+00   4.674459e-17   1.242932e-03   4.150035e-18   54
  5.993045e+00   5.142770e-17   1.095319e-03   3.446463e-18   108
  6.004306e+00   4.717944e-17   1.073696e-03   3.364086e-18   72
  6.007812e+00   4.455677e-17   6.195595e-04   3.009587e-18   72
  6.016129e+00   5.129905e-17   1.245875e-07   7.049664e-18   24
  6.023999e+00   5.324192e-17   1.310705e-03   5.871216e-18   48
  6.028777e+00   4.770926e-17   9.984188e-04   2.977866e-18   102
  6.035970e+00   4.984588e-17   2.258008e-03   2.516569e-18   168
  6.045369e+00   5.082510e-17   1.231465e-03   4.080928e-18   72
  6.048851e+00   5.153276e-17   0.000000e+00   4.474893e-18   48
  6.056156e+00   5.070831e-17   2.118194e-03   2.767136e-18   120
  6.065796e+00   4.898987e-17   1.301673e-03   2.885977e-18   96
  6.074901e+00   5.125072e-17   1.150890e-07   5.572742e-18   30
  6.085723e+00   4.590780e-17   6.115837e-04   2.312218e-18   72
  6.090478e+00   4.986345e-17   7.193062e-08   5.459152e-18   24
  6.096586e+00   5.226572e-17   9.065181e-04   4.756594e-18   56
  6.103428e+00   4.993491e-17   1.293647e-03   3.154643e-18   96
  6.111616e+00   4.975389e-17   1.428503e-03   2.252645e-18   144
  6.117928e+00   5.089608e-17   8.110480e-04   4.028664e-18   54
  6.127099e+00   5.107244e-17   1.215036e-03   2.767865e-18   108
  6.136327e+00   4.854683e-17   6.433558e-04   3.378508e-18   48
  6.145113e+00   4.901242e-17   2.422440e-03   2.563598e-18   72
  6.166195e+00   4.938001e-17   1.600514e-03   2.568625e-18   78
  6.172037e+00   5.004125e-17   1.206188e-03   3.220632e-18   72
  6.178856e+00   5.053383e-17   1.204690e-03   3.086837e-18   72
  6.185986e+00   5.053479e-17   2.907051e-03   2.377460e-18   96
  6.191621e+00   5.138706e-17   1.202207e-03   3.360066e-18   72
  6.198419e+00   5.110932e-17   0.000000e+00   5.516274e-18   24
  6.205208e+00   4.887470e-17   2.398986e-03   2.464359e-18   72
  6.220544e+00   4.845510e-17   1.523430e-03   2.699036e-18   30
  6.223843e+00   5.026317e-17   0.000000e+00   4.204560e-18   24
  6.241578e+00   5.057766e-17   1.265014e-03   3.530766e-18   48
  6.247142e+00   4.950175e-17   2.722309e-03   1.937557e-18   120
  6.254637e+00   5.083986e-17   1.190257e-03   2.594033e-18   72
  6.262206e+00   5.419587e-17   1.188818e-03   4.635362e-18   36
  6.267409e+00   4.806443e-17   2.349657e-03   2.242799e-18   78
  6.281928e+00   4.914196e-17   1.256888e-03   2.552125e-18   48
  6.300754e+00   4.859340e-17   1.017253e-07   2.639955e-18   24
  6.314166e+00   4.851812e-17   8.752715e-04   2.745920e-18   56
  6.320919e+00   4.970423e-17   1.346877e-03   1.890696e-18   102
  6.329510e+00   4.974331e-17   9.590750e-08   2.402296e-18   72
  6.334498e+00   5.105332e-17   7.193062e-08   4.222191e-18   24
  6.343217e+00   4.874851e-17   1.244744e-03   2.128443e-18   48
  6.359378e+00   5.256175e-17   0.000000e+00   2.163130e-18   24
  6.379213e+00   4.958643e-17   0.000000e+00   2.618400e-18   6
  6.385398e+00   4.757553e-17   0.000000e+00   3.447912e-18   24
  6.389518e+00   4.816533e-17   1.165127e-03   1.951440e-18   72
  6.397046e+00   5.151064e-17   2.173655e-03   1.891731e-18   84
  6.405152e+00   4.885850e-17   0.000000e+00   2.558034e-18   24
  6.407617e+00   4.741748e-17   1.017253e-07   2.667371e-18   24
  6.419927e+00   5.348722e-17   1.245875e-07   2.037375e-18   24
  6.437123e+00   5.557674e-17   0.000000e+00   8.810156e-19   6
  6.459163e+00   4.776903e-17   1.222400e-03   1.878087e-18   48
  6.464458e+00   5.148395e-17   2.302802e-03   1.625801e-18   72
  6.471376e+00   5.171417e-17   1.220094e-03   1.536454e-18   48
  6.482347e+00   5.254977e-17   0.000000e+00   1.385430e-18   24
  6.496947e+00   5.606877e-17   0.000000e+00   9.011105e-19   6
  6.529678e+00   5.015243e-17   0.000000e+00   2.235982e-18   8
  6.532096e+00   5.121136e-17   7.193062e-08   1.531015e-18   48
  6.537895e+00   5.269544e-17   1.183236e-03   1.387434e-18   60
  6.546585e+00   5.124959e-17   0.000000e+00   1.527376e-18   24
  6.558634e+00   5.555070e-17   0.000000e+00   2.258326e-18   6
  6.603027e+00   5.174236e-17   0.000000e+00   1.261929e-18   24
  6.606613e+00   5.276417e-17   1.195118e-03   1.448305e-18   48
  6.612586e+00   5.194722e-17   0.000000e+00   1.522146e-18   24
  6.622132e+00   4.947030e-17   0.000000e+00   6.780323e-19   6
  6.676359e+00   5.173354e-17   1.114931e-03   1.226317e-18   36
  6.680300e+00   5.236355e-17   0.000000e+00   1.571859e-18   24
  6.687387e+00   4.960116e-17   0.000000e+00   2.639841e-18   6
  6.749089e+00   5.089309e-17   1.013241e-03   1.573714e-18   32
  6.754351e+00   4.924825e-17   0.000000e+00   3.062771e-18   6
  6.820657e+00   5.472704e-17   0.000000e+00   1.956263e-18   12
  6.822972e+00   4.860385e-17   0.000000e+00   8.952711e-19   6
  6.893201e+00   5.912138e-17   0.000000e+00   1.774111e-18   6
