# power spectrum of pi_k * H (dimensionless)
# redshift z=9.995300
# k              Pk             sigma(k)       sigma(Pk)      count
  4.487990e-03   1.729360e-10   0.000000e+00   6.970539e-11   6
  6.346976e-03   1.032997e-10   0.000000e+00   2.061651e-11   12
  7.773426e-03   7.837684e-11   8.514949e-11   1.600432e-11   8
  8.975979e-03   2.651089e-10   0.000000e+00   2.855066e-11   6
  1.003545e-02   1.837544e-10   1.605594e-10   5.859300e-11   24
  1.099328e-02   2.613398e-10   1.605594e-10   4.402121e-11   24
  1.269395e-02   1.160946e-10   0.000000e+00   5.236274e-11   12
  1.346397e-02   1.345821e-10   1.816523e-10   2.462364e-11   30
  1.419227e-02   1.718888e-10   0.000000e+00   3.784607e-11   24
  1.488498e-02   1.553112e-10   2.780971e-10   3.846794e-11   24
  1.554685e-02   1.759247e-10   1.702990e-10   3.560767e-11   8
  1.618168e-02   1.516896e-10   2.270653e-10   1.881223e-11   24
  1.679252e-02   1.410632e-10   0.000000e+00   1.982180e-11   48
  1.795196e-02   1.751491e-10   0.000000e+00   7.694226e-11   6
  1.850445e-02   1.341805e-10   2.270653e-10   1.875135e-11   48
  1.904093e-02   1.253376e-10   2.140792e-10   1.314979e-11   36
  1.956269e-02   1.737823e-10   2.270653e-10   3.633138e-11   24
  2.007090e-02   1.047618e-10   3.211188e-10   1.804704e-11   24
  2.056655e-02   9.270295e-11   0.000000e+00   1.258730e-11   48
  2.105054e-02   1.377732e-10   3.211188e-10   1.965461e-11   24
  2.198657e-02   1.109202e-10   3.211188e-10   1.740804e-11   24
  2.243995e-02   7.598180e-11   0.000000e+00   1.240420e-11   30
  2.288435e-02   8.177854e-11   0.000000e+00   8.926131e-12   72
  2.332028e-02   8.239397e-11   3.405980e-10   1.694874e-11   32
  2.416856e-02   1.027698e-10   0.000000e+00   1.176912e-11   72
  2.458173e-02   6.490457e-11   0.000000e+00   9.488996e-12   48
  2.538790e-02   3.271469e-11   0.000000e+00   9.786160e-12   12
  2.578154e-02   6.516064e-11   0.000000e+00   9.725237e-12   48
  2.616925e-02   5.674577e-11   0.000000e+00   5.581879e-12   48
  2.655130e-02   7.615952e-11   3.211188e-10   9.641318e-12   48
  2.692794e-02   9.022884e-11   3.633045e-10   1.579492e-11   30
  2.729937e-02   8.829061e-11   0.000000e+00   1.984933e-11   24
  2.766583e-02   8.502434e-11   6.769780e-10   8.904241e-12   72
  2.838454e-02   5.128268e-11   0.000000e+00   9.783786e-12   24
  2.873715e-02   7.319801e-11   0.000000e+00   7.070813e-12   96
  2.908550e-02   5.523795e-11   0.000000e+00   7.379926e-12   48
  2.942972e-02   4.477755e-11   5.561942e-10   1.095422e-11   24
  2.976995e-02   3.443446e-11   5.561942e-10   7.085815e-12   24
  3.010635e-02   7.922564e-11   0.000000e+00   9.669064e-12   72
  3.043903e-02   6.105098e-11   0.000000e+00   9.368643e-12   48
  3.109370e-02   4.742521e-11   3.405980e-10   1.410217e-11   8
  3.141593e-02   7.699676e-11   4.036717e-10   9.534738e-12   54
  3.173488e-02   4.906813e-11   0.000000e+00   8.308725e-12   84
  3.205066e-02   5.717405e-11   0.000000e+00   8.280654e-12   48
  3.236335e-02   3.399953e-11   4.541306e-10   6.018388e-12   24
  3.267306e-02   4.600376e-11   6.055075e-10   5.383037e-12   72
  3.297985e-02   5.936640e-11   0.000000e+00   6.683761e-12   96
  3.358504e-02   7.603587e-11   0.000000e+00   8.298918e-12   48
  3.388358e-02   4.254630e-11   0.000000e+00   4.033491e-12   48
  3.417951e-02   3.926589e-11   0.000000e+00   7.611415e-12   24
  3.447290e-02   4.195657e-11   0.000000e+00   4.581299e-12   72
  3.505232e-02   4.032590e-11   0.000000e+00   4.757607e-12   72
  3.533846e-02   4.081236e-11   0.000000e+00   4.674614e-12   96
  3.590392e-02   6.617327e-11   0.000000e+00   2.918476e-11   6
  3.618333e-02   4.617581e-11   0.000000e+00   4.658736e-12   96
  3.646060e-02   4.707587e-11   4.541306e-10   5.022803e-12   96
  3.673578e-02   3.019156e-11   0.000000e+00   7.227680e-12   24
  3.700891e-02   3.449010e-11   4.541306e-10   3.950489e-12   48
  3.728004e-02   3.574612e-11   0.000000e+00   3.581272e-12   96
  3.754921e-02   3.597831e-11   0.000000e+00   4.876273e-12   48
  3.808185e-02   3.466582e-11   4.281585e-10   6.203224e-12   36
  3.834540e-02   3.470711e-11   7.865773e-10   4.260760e-12   48
  3.860715e-02   3.761432e-11   8.899106e-10   3.356988e-12   120
  3.886713e-02   3.196980e-11   0.000000e+00   4.204630e-12   56
  3.912539e-02   1.724006e-11   4.541306e-10   3.050928e-12   24
  3.938195e-02   2.600850e-11   0.000000e+00   2.339033e-12   96
  3.963685e-02   2.679464e-11   0.000000e+00   3.440535e-12   48
  4.014180e-02   3.527158e-11   6.422377e-10   6.504252e-12   24
  4.039191e-02   3.576866e-11   0.000000e+00   3.576798e-12   102
  4.064047e-02   4.164837e-11   4.541306e-10   6.351570e-12   48
  4.088753e-02   3.475142e-11   0.000000e+00   3.581740e-12   72
  4.113310e-02   3.110731e-11   0.000000e+00   3.148947e-12   48
  4.137722e-02   3.642107e-11   0.000000e+00   6.651304e-12   48
  4.161990e-02   2.889563e-11   1.027580e-09   2.715366e-12   120
  4.210107e-02   3.791409e-11   6.422377e-10   6.253673e-12   24
  4.233961e-02   2.474411e-11   6.055075e-10   2.094090e-12   144
  4.257681e-02   2.475457e-11   7.266090e-10   2.454853e-12   120
  4.281269e-02   2.233139e-11   6.422377e-10   3.155143e-12   48
  4.328060e-02   2.832676e-11   6.422377e-10   3.794829e-12   48
  4.351267e-02   2.350849e-11   6.422377e-10   2.340346e-12   96
  4.412543e-02   2.854091e-11   1.076845e-04   3.304715e-12   72
  4.442883e-02   2.246049e-11   5.708779e-10   1.685264e-12   108
  4.465493e-02   2.513736e-11   0.000000e+00   2.684789e-12   72
  4.487990e-02   1.721502e-11   0.000000e+00   3.689958e-12   30
  4.510374e-02   2.632220e-11   0.000000e+00   2.013969e-12   168
  4.532647e-02   2.996656e-11   0.000000e+00   3.625562e-12   48
  4.576869e-02   1.851356e-11   0.000000e+00   2.228839e-12   72
  4.598821e-02   2.548408e-11   0.000000e+00   2.442532e-12   96
  4.620668e-02   2.313564e-11   1.211015e-09   3.537523e-12   72
  4.642412e-02   2.617602e-11   0.000000e+00   2.812035e-12   72
  4.678970e-02   2.479795e-11   9.942967e-05   1.993533e-12   104
  4.707043e-02   2.247652e-11   8.563169e-10   1.696114e-12   144
  4.770798e-02   1.593341e-11   1.436087e-09   1.543574e-12   96
  4.791862e-02   1.508981e-11   0.000000e+00   1.564076e-12   96
  4.825361e-02   2.183559e-11   1.022910e-04   2.018422e-12   120
  4.854503e-02   1.866690e-11   0.000000e+00   1.666555e-12   120
  4.875204e-02   2.279889e-11   0.000000e+00   2.479774e-12   72
  4.916346e-02   2.423048e-11   0.000000e+00   3.196735e-12   48
  4.936788e-02   2.281574e-11   1.117860e-09   2.777041e-12   78
  4.962939e-02   2.438328e-11   9.159181e-05   1.949580e-12   168
  5.017725e-02   2.204753e-11   1.048770e-09   1.874413e-12   144
  5.037756e-02   2.519568e-11   8.563169e-10   1.830413e-12   144
  5.095853e-02   2.049903e-11   5.274950e-05   1.878979e-12   156
  5.117095e-02   1.678020e-11   1.112388e-09   3.370011e-12   48
  5.136739e-02   1.864619e-11   7.266090e-10   1.729436e-12   120
  5.156307e-02   1.225114e-11   0.000000e+00   1.267498e-12   48
  5.190908e-02   1.925695e-11   8.074274e-05   1.408072e-12   216
  5.233850e-02   1.447058e-11   0.000000e+00   1.684049e-12   48
  5.253057e-02   1.521207e-11   6.422377e-10   1.299001e-12   96
  5.280366e-02   1.720586e-11   9.436050e-05   1.525974e-12   168
  5.310261e-02   1.370575e-11   6.422377e-10   1.953346e-12   48
  5.329192e-02   1.948360e-11   0.000000e+00   1.959786e-12   96
  5.348057e-02   1.505184e-11   0.000000e+00   2.753276e-12   48
  5.385587e-02   1.982997e-11   7.266090e-10   2.184916e-12   30
  5.404255e-02   1.362674e-11   0.000000e+00   1.161929e-12   96
  5.426566e-02   1.676305e-11   7.415896e-05   1.191216e-12   240
  5.455256e-02   2.733974e-11   8.000683e-05   4.142717e-12   32
  5.478289e-02   1.219503e-11   0.000000e+00   9.052664e-13   168
  5.496642e-02   1.430011e-11   0.000000e+00   1.384769e-12   120
  5.533165e-02   1.265968e-11   1.353956e-09   1.593325e-12   72
  5.551336e-02   1.804125e-11   6.055075e-10   1.701539e-12   144
  5.569449e-02   1.371566e-11   0.000000e+00   1.319441e-12   96
  5.587502e-02   1.624181e-11   0.000000e+00   1.322268e-12   96
  5.623435e-02   2.152778e-11   0.000000e+00   2.701511e-12   72
  5.641315e-02   1.395948e-11   9.082613e-10   1.399750e-12   96
  5.676908e-02   1.748609e-11   0.000000e+00   3.195847e-12   24
  5.694620e-02   1.569917e-11   0.000000e+00   1.088750e-12   192
  5.715479e-02   1.464504e-11   6.789523e-05   1.143874e-12   132
  5.747431e-02   1.643316e-11   0.000000e+00   1.399340e-12   96
  5.764927e-02   1.041566e-11   0.000000e+00   1.064382e-12   96
  5.782370e-02   1.319605e-11   7.266090e-10   1.076982e-12   120
  5.817099e-02   1.435142e-11   0.000000e+00   1.943855e-12   48
  5.845566e-02   1.142548e-11   8.228355e-05   7.057771e-13   222
  5.868808e-02   1.412829e-11   0.000000e+00   1.315486e-12   120
  5.885943e-02   1.226805e-11   1.112388e-09   2.517119e-12   24
  5.910891e-02   1.674150e-11   8.492858e-05   9.837447e-13   312
  5.965251e-02   1.806076e-11   7.962394e-05   1.925246e-12   72
  5.987725e-02   1.213995e-11   1.112388e-09   1.424986e-12   96
  6.010802e-02   1.535605e-11   8.108596e-05   1.289559e-12   192
  6.037972e-02   1.273160e-11   1.027580e-09   1.408487e-12   120
  6.054629e-02   1.332994e-11   0.000000e+00   1.273146e-12   144
  6.087805e-02   1.266938e-11   0.000000e+00   1.809566e-12   48
  6.111387e-02   1.175666e-11   8.153477e-05   7.362721e-13   336
  6.137233e-02   1.296983e-11   0.000000e+00   1.626364e-12   48
  6.169965e-02   1.228506e-11   0.000000e+00   1.196143e-12   192
  6.186267e-02   1.064405e-11   0.000000e+00   1.284802e-12   48
  6.232604e-02   1.139159e-11   5.659583e-05   1.394200e-12   56
  6.255643e-02   1.209114e-11   7.268827e-05   6.694017e-13   336
  6.283185e-02   1.253173e-11   8.073433e-10   1.952409e-12   54
  6.307177e-02   1.155672e-11   7.983781e-05   7.545193e-13   240
  6.356985e-02   1.193182e-11   7.644534e-05   9.964857e-13   228
  6.378632e-02   1.237357e-11   8.563169e-10   1.599980e-12   72
  6.399644e-02   1.348886e-11   7.415385e-05   1.016339e-12   144
  6.425823e-02   1.170988e-11   0.000000e+00   1.128713e-12   96
  6.441477e-02   1.113611e-11   1.027580e-09   7.805192e-13   240
  6.472671e-02   9.110657e-12   9.082613e-10   1.717257e-12   24
  6.492641e-02   1.141263e-11   7.003773e-05   6.506479e-13   336
  6.519181e-02   8.517670e-12   0.000000e+00   1.000390e-12   72
  6.543408e-02   1.339541e-11   7.617900e-05   1.014354e-12   168
  6.565363e-02   1.011651e-11   0.000000e+00   1.011377e-12   72
  6.595971e-02   1.503718e-11   0.000000e+00   1.537796e-12   96
  6.619675e-02   9.306496e-12   7.560752e-05   6.619114e-13   216
  6.641618e-02   8.161082e-12   0.000000e+00   6.323724e-13   96
  6.671876e-02   1.009239e-11   9.082613e-10   6.444787e-13   192
  6.686954e-02   1.035507e-11   8.563169e-10   8.288969e-13   144
  6.717008e-02   8.733033e-12   0.000000e+00   1.122887e-12   48
  6.737816e-02   1.077774e-11   7.289453e-05   7.907998e-13   246
  6.766089e-02   1.297781e-11   6.720992e-05   1.037605e-12   168
  6.791561e-02   1.073820e-11   1.779821e-09   1.337096e-12   120
  6.806373e-02   8.827692e-12   0.000000e+00   6.500275e-13   240
  6.835902e-02   7.304776e-12   0.000000e+00   1.496547e-12   24
  6.859430e-02   9.532469e-12   7.194229e-05   5.660437e-13   360
  6.888731e-02   1.143640e-11   7.163615e-05   9.536234e-13   120
  6.909172e-02   1.015864e-11   0.000000e+00   8.594315e-13   144
  6.923733e-02   1.222104e-11   0.000000e+00   1.102108e-12   96
  6.967233e-02   1.019351e-11   0.000000e+00   7.688380e-13   144
  6.981673e-02   1.150831e-11   0.000000e+00   1.055436e-12   132
  7.001966e-02   8.925236e-12   7.070381e-05   6.874848e-13   176
  7.031425e-02   9.297809e-12   7.139661e-05   5.277247e-13   312
  7.067693e-02   1.184501e-11   0.000000e+00   1.681586e-12   96
  7.081928e-02   7.772343e-12   0.000000e+00   7.097649e-13   144
  7.103769e-02   9.634521e-12   7.068048e-05   6.022612e-13   312
  7.138584e-02   8.780241e-12   0.000000e+00   8.868066e-13   48
  7.152678e-02   8.103935e-12   9.082613e-10   5.781483e-13   192
  7.180783e-02   5.204536e-12   0.000000e+00   1.565088e-12   6
  7.199456e-02   7.744526e-12   6.592151e-05   4.420549e-13   288
  7.229701e-02   8.317239e-12   6.965036e-05   6.502262e-13   192
  7.250569e-02   7.745790e-12   2.136030e-09   5.155952e-13   216
  7.264446e-02   9.004665e-12   0.000000e+00   1.223455e-12   72
  7.299019e-02   8.597406e-12   6.898890e-05   7.957146e-13   192
  7.321980e-02   9.696838e-12   5.122797e-05   6.477741e-13   288
  7.347155e-02   7.524210e-12   0.000000e+00   1.467326e-12   24
  7.366606e-02   8.652544e-12   6.748859e-05   4.720972e-13   456
  7.401782e-02   6.271217e-12   0.000000e+00   1.019030e-12   48
  7.423517e-02   8.298322e-12   6.647357e-05   6.025748e-13   240
  7.448497e-02   9.810970e-12   6.717903e-05   6.718087e-13   216
  7.469503e-02   7.262833e-12   0.000000e+00   8.751474e-13   72
  7.482974e-02   6.643014e-12   2.321067e-09   5.658367e-13   168
  7.521008e-02   8.063376e-12   4.993319e-05   5.467886e-13   288
  7.542338e-02   8.521084e-12   6.607016e-05   6.555637e-13   168
  7.576598e-02   8.779808e-12   0.000000e+00   7.324362e-13   192
  7.589879e-02   6.602783e-12   8.563169e-10   4.792449e-13   144
  7.616371e-02   1.096383e-11   8.563169e-10   1.459499e-12   36
  7.638837e-02   6.258898e-12   6.033611e-05   3.535076e-13   342
  7.660318e-02   7.425887e-12   6.195787e-05   7.420176e-13   144
  7.687931e-02   7.537792e-12   6.497828e-05   4.600513e-13   384
  7.721429e-02   8.702935e-12   1.779821e-09   8.737813e-13   120
  7.738009e-02   8.478963e-12   5.794173e-05   5.106466e-13   264
  7.760459e-02   6.943326e-12   2.872174e-09   5.331553e-13   192
  7.781602e-02   6.772727e-12   6.244329e-05   5.300480e-13   152
  7.799294e-02   6.698829e-12   1.712634e-09   6.816913e-13   144
  7.836508e-02   5.349920e-12   4.041391e-05   4.089564e-13   216
  7.853733e-02   8.003101e-12   5.400376e-05   4.620533e-13   312
  7.884055e-02   6.737625e-12   6.258929e-05   4.164601e-13   240
  7.901921e-02   7.010547e-12   9.082613e-10   7.110513e-13   96
  7.935833e-02   5.218386e-12   5.983988e-05   4.243574e-13   144
  7.956734e-02   6.659332e-12   5.881734e-05   3.550120e-13   456
  7.990638e-02   4.685165e-12   0.000000e+00   3.175573e-13   120
  8.003232e-02   5.703880e-12   0.000000e+00   5.421535e-13   144
  8.028360e-02   4.787899e-12   1.284475e-09   7.595991e-13   24
  8.044470e-02   5.924170e-12   5.653709e-05   3.092277e-13   336
  8.072332e-02   5.809514e-12   6.235271e-05   4.448481e-13   198
  8.098439e-02   6.682579e-12   6.063443e-05   4.384970e-13   432
  8.128095e-02   9.355835e-12   1.816523e-09   1.044853e-12   48
  8.143566e-02   7.804752e-12   5.352971e-05   4.457259e-13   384
  8.171344e-02   6.255249e-12   6.162404e-05   5.931738e-13   144
  8.196515e-02   8.351509e-12   6.118458e-05   6.752595e-13   264
  8.226621e-02   5.163723e-12   0.000000e+00   4.890421e-13   48
  8.246820e-02   6.131964e-12   5.817654e-05   3.984270e-13   276
  8.266310e-02   5.881029e-12   5.273546e-05   5.379039e-13   192
  8.292356e-02   5.741618e-12   5.926306e-05   2.607002e-13   552
  8.323980e-02   4.247322e-12   1.453218e-09   4.583833e-13   120
  8.342777e-02   4.754961e-12   5.998883e-05   3.401542e-13   216
  8.360198e-02   5.100367e-12   1.453218e-09   4.112837e-13   120
  8.391317e-02   6.488186e-12   5.907428e-05   3.427676e-13   408
  8.420215e-02   3.124763e-12   1.284475e-09   4.163394e-13   24
  8.438134e-02   5.245616e-12   5.967566e-05   3.664873e-13   384
  8.463161e-02   4.076493e-12   5.830526e-05   2.710946e-13   240
  8.484893e-02   5.280071e-12   5.873223e-05   3.871542e-13   168
  8.515361e-02   3.820239e-12   0.000000e+00   3.964813e-13   120
  8.535003e-02   5.511550e-12   6.122527e-05   3.449202e-13   350
  8.566942e-02   5.914234e-12   1.007886e-04   3.863759e-13   384
  8.586029e-02   6.715545e-12   0.000000e+00   8.037790e-13   144
  8.621146e-02   4.655274e-12   1.211015e-09   3.499088e-13   288
  8.639482e-02   4.965162e-12   5.769264e-05   3.277684e-13   336
  8.664426e-02   4.734233e-12   5.252436e-05   3.900994e-13   168
  8.679359e-02   5.624466e-12   3.442699e-09   4.246598e-13   336
  8.710244e-02   4.019648e-12   5.451716e-05   2.472434e-13   288
  8.728795e-02   4.816711e-12   5.136910e-05   3.027098e-13   264
  8.760206e-02   4.564279e-12   0.000000e+00   3.290852e-13   240
  8.771695e-02   4.388759e-12   0.000000e+00   4.058289e-13   96
  8.812928e-02   5.308385e-12   6.985852e-05   3.510892e-13   360
  8.832172e-02   4.813132e-12   5.149772e-05   5.385180e-13   168
  8.856486e-02   4.537439e-12   5.613787e-05   2.382222e-13   456
  8.885766e-02   3.987448e-12   1.614687e-09   3.620416e-13   108
  8.902234e-02   3.289342e-12   5.632711e-05   2.175834e-13   264
  8.922780e-02   3.977977e-12   5.025296e-05   3.219379e-13   264
  8.950914e-02   4.640409e-12   4.742099e-05   2.543075e-13   312
  8.985946e-02   4.855534e-12   3.523897e-05   4.180019e-13   270
  9.000628e-02   4.744889e-12   4.474031e-05   4.360133e-13   240
  9.027023e-02   4.933316e-12   5.534940e-05   3.490497e-13   384
  9.043048e-02   3.541377e-12   1.816523e-09   2.559000e-13   192
  9.074177e-02   4.957409e-12   4.441052e-05   4.339160e-13   240
  9.092233e-02   4.812450e-12   5.480976e-05   3.215647e-13   336
  9.126190e-02   4.332531e-12   5.517650e-05   2.151408e-13   480
  9.153738e-02   4.683913e-12   1.211015e-09   5.744203e-13   72
  9.169127e-02   4.607331e-12   5.380211e-05   4.351612e-13   240
  9.190057e-02   3.579817e-12   5.056661e-05   2.088217e-13   312
  9.214050e-02   3.116868e-12   5.465037e-05   2.061748e-13   240
  9.250305e-02   3.997579e-12   4.152014e-05   2.356334e-13   408
  9.264658e-02   3.678941e-12   3.802244e-05   2.302593e-13   336
  9.292709e-02   3.867329e-12   4.827913e-05   3.209254e-13   264
  9.306493e-02   3.280821e-12   0.000000e+00   2.793708e-13   144
  9.344847e-02   3.722081e-12   6.691774e-05   2.303002e-13   464
  9.365053e-02   2.835770e-12   5.321333e-05   2.194558e-13   168
  9.385003e-02   3.819605e-12   4.846574e-05   2.649671e-13   336
  9.421059e-02   3.775993e-12   5.092274e-05   2.569251e-13   414
  9.441384e-02   5.420053e-12   5.300755e-05   4.923810e-13   216
  9.467424e-02   6.347516e-12   1.284475e-09   7.148078e-13   96
  9.478056e-02   3.652650e-12   3.146309e-09   2.650527e-13   384
  9.515300e-02   3.887682e-12   5.290514e-05   2.118187e-13   492
  9.535260e-02   3.742863e-12   5.173669e-05   2.569292e-13   240
  9.557820e-02   3.206079e-12   5.253086e-05   2.006103e-13   312
  9.588974e-02   2.437098e-12   5.251357e-05   1.940881e-13   192
  9.608709e-02   3.626089e-12   5.089201e-05   2.090584e-13   504
  9.634892e-02   3.571728e-12   3.369138e-05   2.691118e-13   408
  9.655507e-02   3.267357e-12   1.032177e-04   2.802213e-13   168
  9.681304e-02   3.924105e-12   4.902931e-05   2.801304e-13   288
  9.702952e-02   3.051608e-12   5.116628e-05   2.249717e-13   288
  9.725127e-02   2.767757e-12   5.146081e-05   1.608328e-13   432
  9.757291e-02   3.461712e-12   4.866478e-05   2.515073e-13   216
  9.774479e-02   3.020276e-12   4.856211e-05   1.995060e-13   360
  9.805077e-02   3.443965e-12   4.739615e-05   2.372129e-13   312
  9.832692e-02   4.532428e-12   0.000000e+00   7.233780e-13   48
  9.848611e-02   3.010335e-12   5.081550e-05   1.755538e-13   432
  9.877120e-02   2.752988e-12   8.476078e-05   1.726662e-13   414
  9.893956e-02   3.124145e-12   1.936190e-09   2.391484e-13   312
  9.925365e-02   3.373555e-12   7.437288e-05   2.314606e-13   528
  9.946561e-02   3.625657e-12   3.903945e-05   3.634278e-13   264
  9.972025e-02   3.304138e-12   4.629008e-05   2.310522e-13   480
  1.000530e-01   3.094991e-12   0.000000e+00   2.190845e-13   288
  1.001967e-01   3.125751e-12   4.973726e-05   3.063364e-13   168
  1.004595e-01   3.434996e-12   7.873394e-05   1.921114e-13   504
  1.007551e-01   4.786824e-12   1.211015e-09   4.747062e-13   144
  1.009411e-01   2.459322e-12   5.056606e-05   1.304079e-13   464
  1.012205e-01   2.431948e-12   7.420855e-05   1.462133e-13   432
  1.013531e-01   3.312571e-12   1.284475e-09   2.838014e-13   192
  1.016957e-01   2.488896e-12   5.501332e-05   1.439323e-13   396
  1.018981e-01   2.490055e-12   4.941713e-05   1.718167e-13   288
  1.021026e-01   2.476021e-12   4.881567e-05   1.739708e-13   336
  1.024293e-01   2.492072e-12   3.091107e-05   1.503989e-13   432
  1.026367e-01   2.807073e-12   8.011717e-05   1.884083e-13   360
  1.028695e-01   2.558591e-12   4.739049e-05   1.348941e-13   384
  1.032001e-01   2.293354e-12   4.183121e-05   1.935434e-13   198
  1.033594e-01   2.730826e-12   4.754848e-05   1.695786e-13   552
  1.036565e-01   3.091387e-12   6.656461e-05   2.774060e-13   432
  1.039045e-01   2.848024e-12   2.542602e-09   2.574621e-13   168
  1.041126e-01   3.260882e-12   8.251578e-05   2.223349e-13   480
  1.043880e-01   1.837495e-12   0.000000e+00   1.856448e-13   120
  1.045119e-01   2.769124e-12   6.739531e-05   2.187583e-13   336
  1.048143e-01   2.572485e-12   4.754634e-05   1.415412e-13   672
  1.051134e-01   2.933804e-12   6.916265e-05   1.573050e-13   528
  1.052527e-01   1.736589e-12   2.076026e-09   1.272538e-13   168
  1.055745e-01   2.699206e-12   7.715047e-05   1.654864e-13   456
  1.057708e-01   3.505513e-12   4.711644e-05   5.274398e-13   168
  1.059747e-01   2.609768e-12   4.703185e-05   1.687109e-13   504
  1.063135e-01   1.949054e-12   6.052278e-05   1.657662e-13   336
  1.065184e-01   2.871777e-12   4.362976e-05   2.036820e-13   312
  1.067457e-01   2.570220e-12   4.262923e-05   1.714301e-13   504
  1.070448e-01   2.197270e-12   2.957734e-05   1.123895e-13   432
  1.071854e-01   1.861231e-12   4.570679e-05   1.054672e-13   312
  1.074777e-01   2.057692e-12   4.685168e-05   1.207518e-13   384
  1.077830e-01   3.096697e-12   3.980594e-05   4.769803e-13   126
  1.079714e-01   2.472700e-12   6.988975e-05   1.597067e-13   492
  1.082121e-01   2.768189e-12   4.476446e-05   1.820418e-13   528
  1.085129e-01   2.292245e-12   4.547108e-05   1.603015e-13   480
  1.086993e-01   2.882918e-12   6.281804e-05   2.079810e-13   432
  1.089692e-01   2.625698e-12   4.939807e-05   1.903189e-13   440
  1.092826e-01   2.749834e-12   2.456546e-05   2.036412e-13   312
  1.094002e-01   2.276182e-12   3.681340e-05   2.115041e-13   480
  1.096414e-01   2.387660e-12   7.207992e-05   1.911677e-13   408
  1.099939e-01   2.785607e-12   4.316772e-05   1.992125e-13   360
  1.101428e-01   2.227399e-12   4.165528e-05   1.619796e-13   408
  1.104187e-01   1.762378e-12   4.238952e-05   1.220011e-13   456
  1.107295e-01   2.328224e-12   4.051394e-05   1.587580e-13   264
  1.109019e-01   2.266674e-12   4.396779e-05   1.739093e-13   384
  1.111530e-01   2.100084e-12   7.402287e-05   1.190755e-13   672
  1.114432e-01   2.712077e-12   4.427524e-05   2.816286e-13   240
  1.116107e-01   1.858809e-12   4.492830e-05   1.161929e-13   264
  1.118470e-01   1.366151e-12   5.541164e-05   7.536194e-14   624
  1.121997e-01   1.738518e-12   0.000000e+00   2.203711e-13   150
  1.123253e-01   2.766060e-12   6.209312e-05   1.771021e-13   600
  1.125901e-01   2.146653e-12   4.285507e-05   1.262615e-13   672
  1.128900e-01   1.971956e-12   4.030821e-05   2.009830e-13   336
  1.130571e-01   2.897743e-12   4.384359e-05   2.232264e-13   408
  1.133240e-01   2.331660e-12   4.374031e-05   2.106089e-13   408
  1.136209e-01   2.056614e-12   2.211745e-05   1.421301e-13   360
  1.138039e-01   2.416705e-12   8.120816e-05   1.843082e-13   456
  1.140250e-01   2.074819e-12   4.416149e-05   1.642018e-13   384
  1.143063e-01   1.616174e-12   4.076666e-05   9.664255e-14   348
  1.144584e-01   2.436307e-12   5.025723e-05   1.577028e-13   576
  1.147440e-01   1.807045e-12   4.138022e-05   1.077227e-13   504
  1.150362e-01   1.927104e-12   5.836440e-05   1.339082e-13   432
  1.152912e-01   1.736505e-12   7.940448e-05   8.930221e-14   576
  1.154731e-01   1.757509e-12   0.000000e+00   1.746912e-13   264
  1.157616e-01   1.840816e-12   6.318613e-05   9.248103e-14   768
  1.160125e-01   1.288663e-12   8.506861e-05   9.227108e-14   240
  1.162120e-01   1.712499e-12   7.502246e-05   2.103307e-13   192
  1.165026e-01   1.522612e-12   5.522570e-05   7.870229e-14   504
  1.167181e-01   2.092030e-12   7.441870e-05   1.826218e-13   590
  1.169248e-01   2.211004e-12   8.338208e-05   1.951370e-13   384
  1.171839e-01   1.874502e-12   6.968286e-05   1.358609e-13   504
  1.174968e-01   2.439077e-12   6.705897e-05   1.596590e-13   648
  1.178003e-01   1.721257e-12   1.821233e-05   1.322378e-13   504
  1.179227e-01   1.742843e-12   4.154576e-05   1.248491e-13   312
  1.181387e-01   2.086189e-12   5.985722e-05   1.354321e-13   576
  1.184353e-01   2.310387e-12   4.165498e-05   2.528213e-13   240
  1.186082e-01   1.525145e-12   4.209035e-05   9.041060e-14   552
  1.188529e-01   2.269205e-12   3.952187e-05   1.753990e-13   600
  1.192015e-01   1.808896e-12   4.827284e-05   1.181883e-13   600
  1.194111e-01   1.673619e-12   7.730513e-05   1.259404e-13   312
  1.196198e-01   2.069696e-12   6.732512e-05   1.375452e-13   480
  1.198806e-01   1.678748e-12   4.200441e-05   1.267722e-13   576
  1.201101e-01   2.328584e-12   6.763622e-05   1.991814e-13   408
  1.203138e-01   8.397198e-13   7.890077e-05   5.629218e-14   216
  1.205770e-01   1.505329e-12   6.042911e-05   9.914622e-14   516
  1.208589e-01   1.694958e-12   5.765552e-05   9.107019e-14   744
  1.211498e-01   1.810435e-12   3.850879e-05   1.212553e-13   462
  1.213141e-01   1.845213e-12   3.913862e-05   1.814669e-13   432
  1.215691e-01   2.157116e-12   3.630965e-05   1.351322e-13   648
  1.218688e-01   1.992195e-12   5.312777e-05   1.686856e-13   528
  1.221096e-01   1.733111e-12   6.397910e-05   1.092008e-13   600
  1.223502e-01   2.988398e-12   8.066092e-05   4.208990e-13   240
  1.225832e-01   1.663551e-12   6.178548e-05   1.122940e-13   720
  1.228540e-01   1.743985e-12   4.888350e-05   1.032572e-13   720
  1.231542e-01   7.071891e-13   0.000000e+00   5.872897e-14   144
  1.233122e-01   1.813464e-12   6.302546e-05   1.070360e-13   720
  1.235369e-01   1.951776e-12   3.779131e-05   1.390845e-13   384
  1.238183e-01   1.461321e-12   4.189367e-05   8.247952e-14   672
  1.240853e-01   2.151142e-12   7.335120e-05   2.042112e-13   336
  1.242128e-01   2.003346e-12   0.000000e+00   2.038622e-13   288
  1.245250e-01   1.405914e-12   5.805257e-05   7.952641e-14   776
  1.248140e-01   1.358947e-12   4.967278e-05   6.920897e-14   720
  1.250567e-01   1.216711e-12   4.001507e-05   8.361300e-14   432
  1.252509e-01   1.853475e-12   5.704653e-05   1.784256e-13   504
  1.254668e-01   1.389586e-12   3.996919e-05   9.717407e-14   528
  1.257690e-01   1.674731e-12   5.445569e-05   1.543514e-13   438
  1.260177e-01   1.901519e-12   6.338144e-05   1.598605e-13   624
  1.262050e-01   1.917403e-12   7.763371e-05   1.840233e-13   312
  1.264626e-01   2.112845e-12   4.182709e-05   1.203656e-13   696
  1.267289e-01   1.736346e-12   3.784594e-05   1.397424e-13   552
  1.270059e-01   1.582622e-12   2.928013e-05   1.203459e-13   516
  1.271773e-01   2.026513e-12   5.848486e-05   1.628460e-13   528
  1.273859e-01   8.718704e-13   3.803430e-05   4.858712e-14   528
  1.276822e-01   1.702525e-12   5.015953e-05   1.138124e-13   864
  1.278834e-01   1.628602e-12   6.870823e-05   1.378046e-13   408
  1.280847e-01   2.127462e-12   6.807282e-05   1.652749e-13   192
  1.283701e-01   1.303797e-12   5.633353e-05   8.517804e-14   720
  1.286110e-01   1.252614e-12   5.194228e-05   7.940545e-14   696
  1.288973e-01   1.417382e-12   5.609815e-05   8.065935e-14   720
  1.291592e-01   1.389920e-12   7.603431e-05   9.815766e-14   432
  1.293119e-01   1.013379e-12   4.475677e-05   8.658699e-14   264
  1.295867e-01   1.325416e-12   6.180712e-05   7.501279e-14   672
  1.298325e-01   1.487259e-12   6.328100e-05   9.433602e-14   600
  1.301242e-01   8.629744e-13   3.705096e-05   9.392991e-14   270
  1.302712e-01   1.616541e-12   5.577202e-05   1.487978e-13   528
  1.305049e-01   1.719072e-12   3.819070e-05   9.976939e-14   840
  1.308254e-01   1.903126e-12   7.302747e-05   1.178850e-13   888
  1.311216e-01   1.292443e-12   5.441084e-05   8.477655e-14   744
  1.313718e-01   1.604973e-12   2.795923e-05   1.146001e-13   456
  1.314963e-01   2.296193e-12   3.820801e-05   1.616584e-13   360
  1.317093e-01   1.339879e-12   3.310510e-05   1.517509e-13   384
  1.320361e-01   1.390047e-12   5.310026e-05   7.533697e-14   816
  1.322813e-01   1.469678e-12   7.704106e-05   8.399289e-14   824
  1.325794e-01   1.284372e-12   3.581235e-05   1.328839e-13   360
  1.327390e-01   1.588978e-12   5.284558e-05   9.168486e-14   624
  1.329587e-01   1.547733e-12   3.571018e-05   1.339019e-13   360
  1.332513e-01   1.292642e-12   4.857633e-05   7.960595e-14   876
  1.335156e-01   1.177665e-12   5.769416e-05   7.804602e-14   696
  1.337821e-01   1.028116e-12   3.725510e-05   8.439289e-14   336
  1.339218e-01   1.623887e-12   3.721324e-05   1.504534e-13   504
  1.341526e-01   1.248527e-12   3.753571e-05   1.016712e-13   672
  1.344950e-01   9.810424e-13   7.472486e-05   5.810599e-14   720
  1.347324e-01   1.409301e-12   5.644666e-05   1.043215e-13   774
  1.349945e-01   2.387804e-12   3.230860e-05   2.624850e-13   384
  1.351318e-01   1.861994e-12   6.217562e-05   1.569886e-13   528
  1.353448e-01   1.500765e-12   5.925683e-05   9.825845e-14   744
  1.356875e-01   1.734368e-12   4.887432e-05   1.115718e-13   768
  1.359150e-01   1.606924e-12   5.486510e-05   1.533174e-13   552
  1.361989e-01   1.197325e-12   5.979675e-05   7.920706e-14   696
  1.364100e-01   1.830205e-12   7.266345e-05   1.598013e-13   408
  1.365777e-01   1.550320e-12   3.139119e-05   1.161810e-13   504
  1.368434e-01   1.233457e-12   5.639309e-05   7.806546e-14   888
  1.371049e-01   1.138304e-12   5.860872e-05   9.239666e-14   648
  1.373767e-01   1.133187e-12   5.810635e-05   7.790124e-14   648
  1.376324e-01   1.182774e-12   6.265289e-05   7.817223e-14   792
  1.379033e-01   1.029215e-12   9.166547e-05   7.265564e-14   600
  1.381028e-01   7.766645e-13   6.212242e-05   5.022653e-14   456
  1.383129e-01   1.205364e-12   3.027582e-05   8.209971e-14   648
  1.385828e-01   9.929693e-13   5.904226e-05   5.554235e-14   936
  1.388741e-01   1.394534e-12   3.625955e-05   9.624792e-14   384
  1.391277e-01   2.763479e-15   0.000000e+00   1.975786e-16   198
  1.393234e-01   2.733223e-15   9.199360e-05   8.378350e-17   1224
  1.395345e-01   2.690100e-15   6.699966e-05   1.277377e-16   420
  1.397842e-01   2.518095e-15   6.484166e-05   9.091226e-17   792
  1.400283e-01   2.730440e-15   5.361851e-05   1.020316e-16   680
  1.403069e-01   2.738209e-15   4.923504e-05   1.119402e-16   600
  1.405311e-01   2.707507e-15   7.140431e-05   8.715437e-17   840
  1.408304e-01   2.858987e-15   3.371380e-05   1.479591e-16   432
  1.409448e-01   2.719855e-15   3.159427e-05   9.535522e-17   720
  1.411934e-01   2.839143e-15   6.327780e-05   9.015782e-17   960
  1.415027e-01   2.782254e-15   5.640753e-05   1.247430e-16   528
  1.417288e-01   2.652158e-15   5.765925e-05   9.827552e-17   624
  1.419978e-01   2.698190e-15   4.531978e-05   9.462735e-17   816
  1.422648e-01   2.468089e-15   7.452934e-05   9.367794e-17   696
  1.425599e-01   2.756239e-15   4.110321e-09   1.789449e-16   240
  1.426709e-01   2.884168e-15   4.395173e-05   1.085480e-16   672
  1.429185e-01   2.438689e-15   7.854802e-05   8.524545e-17   864
  1.431964e-01   2.434487e-15   6.027286e-05   9.429582e-17   816
  1.434467e-01   2.507988e-15   3.449810e-05   1.025140e-16   648
  1.437164e-01   2.511860e-15   3.526335e-05   8.089508e-17   843
  1.439454e-01   2.450177e-15   6.344743e-05   9.851374e-17   780
  1.442182e-01   2.414145e-15   3.404471e-05   1.463975e-16   216
  1.443865e-01   2.419904e-15   8.209510e-05   7.286572e-17   1056
  1.446454e-01   2.607719e-15   6.716301e-05   1.619668e-16   228
  1.448850e-01   2.607007e-15   8.361962e-05   8.399681e-17   924
  1.451311e-01   2.659651e-15   3.101819e-05   8.932833e-17   696
  1.453916e-01   2.352396e-15   5.520350e-05   7.463132e-17   996
  1.456581e-01   2.424060e-15   3.259105e-05   9.776206e-17   576
  1.459354e-01   2.632837e-15   5.030212e-05   1.212664e-16   552
  1.461376e-01   2.555570e-15   6.005898e-05   1.249008e-16   516
  1.463427e-01   2.336074e-15   8.733821e-05   7.948863e-17   744
  1.465771e-01   2.531869e-15   4.284460e-05   1.105356e-16   576
  1.467810e-01   2.304981e-15   4.409794e-05   7.975063e-17   792
  1.470708e-01   2.359850e-15   5.041212e-05   8.134028e-17   792
  1.472831e-01   2.290833e-15   5.436894e-05   8.283545e-17   720
  1.475703e-01   2.154958e-15   6.196809e-05   7.621619e-17   656
  1.478394e-01   2.332773e-15   6.766594e-05   8.259456e-17   816
  1.481153e-01   2.244678e-15   3.648433e-05   1.000618e-16   492
  1.482721e-01   2.461655e-15   5.248529e-05   9.965003e-17   552
  1.485663e-01   2.231867e-15   9.126553e-05   9.652417e-17   780
  1.487575e-01   2.364047e-15   5.606333e-05   1.073659e-16   528
  1.489634e-01   2.321727e-15   6.544296e-05   1.005598e-16   600
  1.492669e-01   2.444485e-15   5.438828e-05   7.642907e-17   900
  1.494760e-01   2.264083e-15   3.011028e-05   8.966577e-17   696
  1.497638e-01   2.174839e-15   7.613501e-05   7.724620e-17   696
  1.500423e-01   2.302835e-15   3.088725e-05   9.268801e-17   552
  1.502764e-01   1.891695e-15   3.591902e-05   7.241657e-17   708
  1.505217e-01   2.316653e-15   5.930435e-05   7.774618e-17   876
  1.507769e-01   2.271668e-15   3.148943e-05   1.711770e-16   216
  1.509481e-01   2.141682e-15   8.612787e-05   6.463202e-17   1032
  1.512046e-01   2.167160e-15   9.589387e-05   8.978489e-17   600
  1.514708e-01   2.075593e-15   4.575699e-05   8.030361e-17   600
  1.516739e-01   2.192558e-15   8.080257e-05   9.819297e-17   528
  1.519139e-01   2.147975e-15   4.435707e-05   7.887704e-17   732
  1.521668e-01   1.983082e-15   3.275367e-05   9.740299e-17   336
  1.524578e-01   2.074081e-15   4.668048e-05   6.968545e-17   912
  1.526754e-01   1.846753e-15   4.685305e-05   7.175545e-17   624
  1.529130e-01   2.060508e-15   3.948208e-05   7.657820e-17   768
  1.531905e-01   2.227580e-15   7.123345e-05   7.947690e-17   792
  1.534628e-01   1.927446e-15   3.531461e-05   8.047260e-17   660
  1.536565e-01   1.817936e-15   5.204174e-05   8.335258e-17   504
  1.538569e-01   1.970819e-15   8.502625e-05   9.736280e-17   480
  1.541572e-01   1.621962e-15   7.863820e-05   5.648460e-17   912
  1.543923e-01   2.241651e-15   8.757583e-05   1.182185e-16   432
  1.546144e-01   1.925420e-15   5.200047e-05   9.130957e-17   564
  1.548116e-01   1.991644e-15   4.977161e-05   8.442944e-17   600
  1.550891e-01   1.988887e-15   6.937691e-05   6.608006e-17   876
  1.552976e-01   2.149736e-15   3.119395e-05   1.395502e-16   264
  1.555851e-01   1.902327e-15   6.052853e-05   8.330634e-17   560
  1.558161e-01   1.791585e-15   4.113044e-05   5.821062e-17   840
  1.560965e-01   1.777370e-15   6.341128e-05   6.003861e-17   1008
  1.563558e-01   1.985536e-15   2.836595e-05   8.964295e-17   456
  1.565927e-01   2.027433e-15   3.674408e-05   7.947327e-17   576
  1.568116e-01   1.881695e-15   5.646120e-05   7.596494e-17   612
  1.571003e-01   1.846947e-15   5.042901e-05   7.219032e-17   780
  1.573359e-01   1.849866e-15   5.778934e-05   7.439405e-17   648
  1.575770e-01   2.190140e-15   2.693058e-05   1.333538e-16   312
  1.577311e-01   1.725934e-15   6.842617e-05   7.713903e-17   528
  1.579980e-01   1.621776e-15   8.936117e-05   6.417323e-17   720
  1.582533e-01   1.770177e-15   8.964102e-05   8.345628e-17   576
  1.585628e-01   1.802681e-15   7.732694e-05   7.987180e-17   444
  1.587554e-01   1.823502e-15   7.583279e-05   5.769816e-17   996
  1.589914e-01   1.544110e-15   6.334320e-05   7.888191e-17   432
  1.592145e-01   1.687406e-15   6.934834e-05   8.235352e-17   504
  1.594071e-01   1.713725e-15   3.126589e-05   7.485770e-17   504
  1.596815e-01   1.856984e-15   6.153164e-05   7.077562e-17   876
  1.599297e-01   1.624789e-15   7.081706e-05   7.358310e-17   504
  1.601882e-01   1.571464e-15   4.516342e-05   6.000462e-17   696
  1.604019e-01   1.877569e-15   3.860998e-05   8.543353e-17   492
  1.606926e-01   1.523697e-15   5.527206e-05   7.554887e-17   432
  1.609079e-01   1.695022e-15   5.175622e-05   6.262441e-17   768
  1.611631e-01   1.583240e-15   6.446933e-05   6.871378e-17   648
  1.614068e-01   1.491577e-15   4.205932e-05   6.804587e-17   456
  1.616868e-01   1.568121e-15   5.783839e-05   6.791587e-17   552
  1.618813e-01   1.493994e-15   3.964248e-05   6.414425e-17   648
  1.621489e-01   1.414926e-15   6.461501e-05   4.715445e-17   840
  1.624104e-01   1.695576e-15   3.081354e-05   8.238689e-17   432
  1.626721e-01   1.504069e-15   3.774132e-05   6.716924e-17   600
  1.628542e-01   1.467964e-15   4.021090e-05   7.639025e-17   432
  1.631600e-01   1.447152e-15   4.003387e-05   6.193007e-17   560
  1.633670e-01   1.527422e-15   6.336941e-05   5.811726e-17   840
  1.636263e-01   1.666505e-15   3.753463e-05   8.012530e-17   504
  1.638323e-01   1.396231e-15   7.660593e-05   5.611120e-17   696
  1.641226e-01   1.606606e-15   4.183943e-05   8.106972e-17   384
  1.643487e-01   1.274652e-15   6.128984e-05   5.631237e-17   576
  1.646222e-01   1.408214e-15   3.782503e-05   8.808243e-17   360
  1.648426e-01   1.342571e-15   5.633064e-05   5.407867e-17   828
  1.650804e-01   1.333718e-15   5.017290e-05   6.577355e-17   372
  1.652983e-01   1.435154e-15   7.662364e-05   6.046751e-17   576
  1.655869e-01   1.427471e-15   3.208989e-05   5.506725e-17   636
  1.657926e-01   1.296930e-15   6.186102e-05   5.276547e-17   648
  1.660708e-01   1.350098e-15   5.028625e-05   5.563109e-17   576
  1.662705e-01   1.312310e-15   8.111703e-05   5.952825e-17   528
  1.665361e-01   1.228746e-15   3.468088e-05   6.886008e-17   360
  1.667559e-01   1.244448e-15   7.977902e-05   4.864077e-17   672
  1.670430e-01   1.314522e-15   4.086413e-05   5.003911e-17   804
  1.672819e-01   1.367770e-15   4.507802e-05   6.774361e-17   408
  1.675462e-01   1.270567e-15   2.786312e-05   6.218279e-17   384
  1.677241e-01   1.140543e-15   6.376152e-05   5.677636e-17   480
  1.679752e-01   1.277862e-15   4.119929e-05   6.099879e-17   432
  1.682159e-01   1.356215e-15   7.592150e-05   5.407501e-17   648
  1.685009e-01   1.235910e-15   4.710893e-05   5.256556e-17   624
  1.687093e-01   1.383552e-15   4.284955e-05   7.479331e-17   456
  1.689940e-01   1.124992e-15   5.853629e-05   5.609669e-17   588
  1.691847e-01   1.091948e-15   3.734591e-05   4.715336e-17   600
  1.694632e-01   1.174366e-15   5.825046e-05   4.374266e-17   708
  1.696832e-01   1.095900e-15   3.669667e-05   5.778944e-17   360
  1.699263e-01   1.206028e-15   4.218379e-05   5.686331e-17   552
  1.701593e-01   1.120897e-15   2.959293e-05   8.045051e-17   288
  1.703959e-01   1.068451e-15   5.564280e-05   4.743647e-17   528
  1.706182e-01   1.073673e-15   3.753920e-05   5.025376e-17   456
  1.708665e-01   1.201405e-15   6.656515e-05   5.055739e-17   608
  1.711163e-01   1.016645e-15   3.220496e-05   4.436447e-17   504
  1.713892e-01   9.238982e-16   6.914223e-05   4.567337e-17   540
  1.716032e-01   1.117049e-15   7.422222e-05   6.320055e-17   360
  1.718339e-01   1.190145e-15   3.361162e-05   5.431977e-17   540
  1.720380e-01   1.066453e-15   2.885957e-05   4.644392e-17   576
  1.723347e-01   1.056768e-15   6.691555e-05   4.310567e-17   588
  1.726168e-01   1.081104e-15   9.232326e-05   4.525700e-17   672
  1.728592e-01   1.120135e-15   7.056345e-05   4.978759e-17   552
  1.730545e-01   8.602604e-16   7.059913e-05   6.836933e-17   144
  1.733038e-01   1.075111e-15   5.998121e-05   4.449158e-17   600
  1.735402e-01   9.178363e-16   7.516955e-05   4.227991e-17   504
  1.738025e-01   9.944495e-16   7.721430e-05   6.050192e-17   336
  1.740784e-01   1.019768e-15   8.678922e-05   4.182553e-17   600
  1.743256e-01   9.816982e-16   5.601092e-05   4.356809e-17   636
  1.745923e-01   9.895904e-16   4.503329e-05   6.488695e-17   384
  1.747793e-01   9.919234e-16   6.281612e-05   5.343498e-17   504
  1.750488e-01   8.644565e-16   2.636304e-05   5.068333e-17   240
  1.752616e-01   9.749653e-16   6.193054e-05   3.415389e-17   744
  1.755168e-01   9.359523e-16   4.228914e-05   3.968773e-17   648
  1.757436e-01   1.220858e-15   2.807279e-05   9.808928e-17   120
  1.760095e-01   8.624215e-16   4.409871e-05   3.244644e-17   564
  1.762103e-01   1.021423e-15   6.925969e-05   5.191233e-17   432
  1.764784e-01   8.957938e-16   5.375921e-05   4.828070e-17   480
  1.766803e-01   7.235566e-16   3.956814e-05   3.619354e-17   456
  1.769186e-01   9.064578e-16   6.547942e-05   4.907407e-17   444
  1.771890e-01   8.963055e-16   1.001870e-04   4.039780e-17   528
  1.774266e-01   9.416207e-16   7.440679e-05   6.706017e-17   264
  1.776571e-01   8.663948e-16   7.625589e-05   4.261901e-17   444
  1.779672e-01   8.763756e-16   8.352712e-05   3.484949e-17   696
  1.782246e-01   8.478606e-16   4.467309e-05   4.704149e-17   384
  1.784129e-01   8.382755e-16   5.644820e-05   3.937982e-17   432
  1.787057e-01   1.003921e-15   3.900306e-05   5.196325e-17   488
  1.788958e-01   8.986275e-16   5.878247e-05   3.907222e-17   480
  1.791714e-01   7.675774e-16   6.555462e-05   3.846158e-17   480
  1.793849e-01   7.804073e-16   2.750471e-05   4.732923e-17   240
  1.796272e-01   8.456211e-16   6.424882e-05   3.742886e-17   600
  1.798559e-01   7.494643e-16   5.598627e-05   4.174666e-17   288
  1.800993e-01   8.600925e-16   5.385469e-05   4.433992e-17   480
  1.803458e-01   7.427132e-16   9.579788e-05   3.563870e-17   504
  1.805885e-01   9.195310e-16   4.110325e-05   5.868078e-17   216
  1.808981e-01   8.198395e-16   6.729256e-05   4.223498e-17   504
  1.811392e-01   7.062359e-16   5.412370e-05   3.352448e-17   456
  1.814031e-01   9.149645e-16   3.104087e-05   5.077719e-17   384
  1.815779e-01   9.043325e-16   6.300174e-05   4.767262e-17   480
  1.818262e-01   6.826968e-16   5.532259e-05   3.248805e-17   504
  1.820564e-01   7.969508e-16   3.509319e-05   4.259832e-17   312
  1.823043e-01   7.967600e-16   5.655148e-05   3.993386e-17   492
  1.825238e-01   8.433904e-16   5.300385e-05   4.759528e-17   312
  1.828064e-01   7.299972e-16   8.610055e-05   2.962673e-17   576
  1.830551e-01   8.058904e-16   7.947777e-05   5.388109e-17   336
  1.832617e-01   5.992219e-16   6.119421e-05   3.685331e-17   240
  1.835481e-01   7.536612e-16   8.112802e-05   3.663843e-17   468
  1.837954e-01   6.776831e-16   5.079787e-05   5.626604e-17   192
  1.840542e-01   6.355030e-16   5.094927e-05   3.923925e-17   324
  1.842439e-01   6.905421e-16   3.697814e-05   2.977073e-17   600
  1.845024e-01   6.229308e-16   5.999324e-05   2.952546e-17   456
  1.846943e-01   6.788316e-16   2.698496e-05   3.814745e-17   336
  1.850125e-01   6.976921e-16   8.080061e-05   3.091671e-17   612
  1.852440e-01   5.909049e-16   6.781139e-05   6.326693e-17   144
  1.854629e-01   7.109773e-16   7.915330e-05   3.366277e-17   552
  1.857606e-01   5.198155e-16   3.117154e-05   2.979540e-17   264
  1.859288e-01   6.069405e-16   7.217008e-05   3.768858e-17   336
  1.861941e-01   6.345367e-16   4.768752e-05   3.193309e-17   384
  1.864242e-01   5.442591e-16   2.684336e-05   3.935810e-17   216
  1.866789e-01   5.342263e-16   5.691346e-05   2.930914e-17   344
  1.869112e-01   5.307721e-16   8.491756e-05   2.825975e-17   408
  1.871942e-01   5.508917e-16   6.525361e-05   4.072625e-17   264
  1.874450e-01   5.350072e-16   9.096676e-05   2.375224e-17   612
  1.876956e-01   6.654215e-16   4.681845e-05   3.688117e-17   408
  1.879533e-01   5.440762e-16   4.688574e-05   3.189585e-17   444
  1.881426e-01   7.907783e-16   2.622284e-05   6.416894e-17   120
  1.883963e-01   6.537084e-16   7.244892e-05   4.324821e-17   336
  1.885846e-01   5.160156e-16   2.517571e-05   2.925059e-17   288
  1.888390e-01   5.651227e-16   7.834725e-05   2.464336e-17   552
  1.891889e-01   5.573271e-16   0.000000e+00   6.475209e-17   72
  1.893687e-01   5.681155e-16   7.781878e-05   2.698918e-17   504
  1.895788e-01   4.041524e-16   2.504133e-05   2.505686e-17   216
  1.898511e-01   5.139415e-16   4.470956e-05   3.101622e-17   312
  1.900954e-01   3.965445e-16   5.090887e-05   2.305132e-17   336
  1.903283e-01   4.753944e-16   7.056539e-05   3.406463e-17   204
  1.905603e-01   6.682034e-16   8.200772e-05   4.012918e-17   504
  1.908063e-01   6.191968e-16   7.809491e-05   3.334666e-17   396
  1.910429e-01   5.140142e-16   7.161711e-05   3.327252e-17   312
  1.913297e-01   6.588051e-16   4.376572e-05   5.230608e-17   216
  1.915318e-01   5.088661e-16   2.375249e-05   4.771308e-17   168
  1.917774e-01   5.291887e-16   5.997637e-05   2.480418e-17   588
  1.920576e-01   4.484745e-16   8.141090e-05   3.003109e-17   240
  1.922754e-01   4.108434e-16   7.189946e-05   2.839534e-17   264
  1.925307e-01   4.751966e-16   8.891848e-05   3.355344e-17   288
  1.927573e-01   5.373930e-16   4.440219e-05   3.545615e-17   288
  1.930444e-01   3.984123e-16   4.170072e-05   2.542823e-17   288
  1.932378e-01   4.934862e-16   4.830681e-05   3.587050e-17   192
  1.934810e-01   3.997859e-16   5.140329e-05   2.701910e-17   264
  1.937128e-01   6.014785e-16   8.455129e-05   3.539643e-17   372
  1.939621e-01   6.082682e-16   9.131904e-05   4.601589e-17   360
  1.942665e-01   5.863930e-16   3.864708e-05   6.591167e-17   144
  1.944239e-01   3.963947e-16   5.367910e-05   2.661070e-17   296
  1.946722e-01   4.137958e-16   5.783646e-05   3.223275e-17   288
  1.949565e-01   4.629588e-16   8.643513e-05   2.478817e-17   480
  1.952017e-01   3.936564e-16   7.181934e-05   4.593738e-17   192
  1.954402e-01   4.990795e-16   7.703604e-05   3.782886e-17   192
  1.956569e-01   4.015352e-16   4.909597e-05   2.611615e-17   288
  1.959584e-01   2.901519e-16   4.273737e-05   3.596346e-17   108
  1.961102e-01   3.820988e-16   4.108675e-05   2.845136e-17   240
  1.963784e-01   3.567089e-16   7.664829e-05   2.118318e-17   384
  1.966538e-01   4.205023e-16   9.350223e-05   3.781019e-17   108
  1.968974e-01   4.575188e-16   5.482209e-05   2.858923e-17   348
  1.971535e-01   3.515682e-16   5.721449e-05   2.995706e-17   312
  1.973823e-01   3.317031e-16   5.559587e-05   4.813611e-17   96
  1.975926e-01   4.020971e-16   7.401586e-05   2.397541e-17   384
  1.978282e-01   4.117007e-16   5.090793e-05   3.016808e-17   144
  1.980586e-01   4.204575e-16   7.822228e-05   2.455252e-17   408
  1.983451e-01   3.142956e-16   3.489266e-05   3.651257e-17   144
  1.986157e-01   3.658811e-16   6.708152e-05   2.887920e-17   192
  1.987762e-01   4.898938e-16   7.550148e-05   4.372751e-17   144
  1.990378e-01   3.242264e-16   6.138549e-05   2.992039e-17   144
  1.992846e-01   4.015011e-16   7.502301e-05   2.861143e-17   336
  1.995869e-01   2.856287e-16   5.550751e-05   1.998139e-17   240
  1.997786e-01   3.218033e-16   2.520547e-05   3.750712e-17   96
  2.000459e-01   4.101181e-16   7.391551e-05   2.740078e-17   372
  2.003163e-01   3.511490e-16   8.792091e-05   3.784213e-17   132
  2.005538e-01   2.834600e-16   5.440441e-05   1.922637e-17   264
  2.007663e-01   4.797502e-16   4.178011e-05   4.538741e-17   168
  2.009931e-01   3.924434e-16   6.679837e-05   2.746742e-17   216
  2.011935e-01   2.838419e-16   4.086808e-05   2.408515e-17   216
  2.014852e-01   2.198808e-16   7.497591e-05   2.406688e-17   96
  2.017500e-01   3.776368e-16   4.891494e-05   4.074288e-17   120
  2.019928e-01   2.965526e-16   6.218465e-05   2.517533e-17   216
  2.021928e-01   2.622899e-16   2.717490e-05   2.157596e-17   200
  2.024576e-01   3.339842e-16   7.034415e-05   2.974295e-17   288
  2.027972e-01   1.792772e-16   1.850891e-05   1.367137e-17   144
  2.029402e-01   3.354696e-16   5.759860e-05   4.654607e-17   168
  2.032323e-01   2.962991e-16   6.482186e-05   3.748917e-17   159
  2.034603e-01   2.589993e-16   6.801371e-05   1.664445e-17   174
  2.036809e-01   2.297722e-16   6.167246e-05   1.992415e-17   144
  2.039698e-01   3.268119e-16   3.561139e-05   2.428490e-17   222
  2.041630e-01   2.780396e-16   3.593504e-05   2.613236e-17   168
  2.044967e-01   3.795427e-16   7.881934e-05   8.043453e-17   30
  2.046346e-01   1.565764e-16   6.959169e-05   1.919255e-17   72
  2.048942e-01   2.602253e-16   6.210975e-05   1.893391e-17   258
  2.051797e-01   2.314087e-16   3.890094e-05   1.673256e-17   264
  2.053225e-01   2.720711e-16   4.195079e-09   3.539813e-17   72
  2.056199e-01   1.701839e-16   7.710330e-05   1.304905e-17   174
  2.058892e-01   2.665851e-16   8.210077e-05   2.601767e-17   168
  2.061058e-01   1.137630e-16   2.568951e-09   1.603136e-17   48
  2.063382e-01   1.935746e-16   4.636424e-05   1.673958e-17   150
  2.066077e-01   3.160903e-16   8.529035e-05   2.584497e-17   168
  2.068780e-01   1.871316e-16   5.195492e-05   1.816106e-17   144
  2.071265e-01   2.440699e-16   4.853772e-05   3.479063e-17   102
  2.073116e-01   1.351595e-16   7.184416e-05   1.077038e-17   96
  2.076053e-01   9.895976e-17   7.130050e-05   7.433625e-18   120
  2.078228e-01   1.042362e-16   7.647166e-05   7.629119e-18   168
  2.080580e-01   2.827667e-16   5.646827e-05   2.560374e-17   126
  2.082585e-01   1.852338e-16   4.258836e-05   2.021096e-17   168
  2.085346e-01   1.230918e-16   6.829049e-05   1.465127e-17   72
  2.087759e-01   1.371577e-16   8.551492e-05   1.097794e-17   168
  2.089873e-01   2.324137e-16   2.344384e-05   3.489052e-17   78
  2.092770e-01   1.435414e-16   3.849304e-05   1.854794e-17   60
  2.095103e-01   2.942752e-16   6.244194e-05   4.765294e-17   96
  2.097522e-01   1.508204e-16   7.576810e-05   1.172875e-17   168
  2.099796e-01   1.124697e-16   4.794311e-05   1.392308e-17   86
  2.102181e-01   1.248932e-16   4.284977e-05   1.569692e-17   120
  2.105600e-01   1.240411e-16   3.055758e-05   1.036641e-17   168
  2.107444e-01   9.369823e-17   0.000000e+00   1.025993e-17   48
  2.109928e-01   2.179494e-16   5.567259e-05   2.090898e-17   120
  2.111355e-01   1.546086e-16   4.061540e-05   1.660956e-17   126
  2.114838e-01   1.355121e-16   7.143116e-05   1.383335e-17   96
  2.117099e-01   1.471748e-16   2.059722e-05   1.394961e-17   96
  2.118882e-01   1.107365e-16   2.422030e-09   1.346261e-17   72
  2.122681e-01   1.247937e-16   2.568951e-09   2.370073e-17   24
  2.125052e-01   1.498421e-16   4.238860e-05   1.354240e-17   120
  2.126902e-01   1.210160e-16   6.183193e-05   1.299700e-17   126
  2.128959e-01   1.201602e-16   5.154529e-05   1.191243e-17   96
  2.131362e-01   7.977626e-17   8.908530e-05   8.903986e-18   72
  2.134038e-01   1.123599e-16   3.853239e-05   8.959154e-18   144
  2.136239e-01   1.051047e-16   2.222458e-05   1.251080e-17   72
  2.138438e-01   1.454568e-16   4.439042e-05   2.086210e-17   54
  2.140373e-01   1.430313e-16   3.911854e-05   1.456153e-17   108
  2.144395e-01   1.612362e-16   3.834628e-05   1.673117e-17   72
  2.145647e-01   1.048629e-16   2.212712e-05   1.025037e-17   72
  2.148618e-01   8.116574e-17   4.449553e-09   1.123090e-17   24
  2.151428e-01   6.364720e-17   4.681088e-05   8.953782e-18   48
  2.153135e-01   1.199063e-16   3.565781e-05   1.433368e-17   102
  2.155704e-01   9.057600e-17   8.064314e-05   6.271864e-18   168
  2.159060e-01   7.904841e-17   4.398088e-05   1.031181e-17   72
  2.160304e-01   9.077893e-17   0.000000e+00   1.392473e-17   48
  2.162913e-01   1.026103e-16   7.564979e-05   1.050605e-17   120
  2.166356e-01   1.050301e-16   4.648832e-05   8.648199e-18   96
  2.169608e-01   1.827169e-16   4.110321e-09   5.302227e-17   30
  2.173472e-01   1.071494e-16   2.184227e-05   1.349368e-17   72
  2.175171e-01   6.340110e-17   2.568951e-09   1.184885e-17   24
  2.177352e-01   5.381090e-17   3.237565e-05   8.228797e-18   56
  2.179796e-01   5.101159e-17   4.620169e-05   4.134065e-18   96
  2.182720e-01   8.040961e-17   5.101796e-05   6.567030e-18   144
  2.184974e-01   1.076565e-16   2.896600e-05   1.740207e-17   54
  2.188250e-01   8.965675e-17   4.339413e-05   9.159204e-18   108
  2.191546e-01   1.542620e-16   2.297699e-05   2.420477e-17   48
  2.194683e-01   8.294704e-17   8.651572e-05   8.374453e-18   72
  2.202213e-01   1.419808e-16   5.716121e-05   1.556028e-17   78
  2.204299e-01   5.302132e-17   4.307814e-05   5.210077e-18   72
  2.206734e-01   5.155708e-17   4.302466e-05   5.782047e-18   72
  2.209281e-01   8.082329e-17   1.038232e-04   6.377700e-18   96
  2.211293e-01   5.595170e-17   4.293597e-05   3.859905e-18   72
  2.213721e-01   7.207773e-17   0.000000e+00   1.074039e-17   24
  2.216146e-01   8.042778e-17   8.567808e-05   8.730311e-18   72
  2.221623e-01   7.828370e-17   5.440820e-05   1.398653e-17   30
  2.222801e-01   1.199592e-16   0.000000e+00   2.570178e-17   24
  2.229135e-01   5.957455e-17   4.517907e-05   8.465171e-18   48
  2.231122e-01   5.878815e-17   9.722532e-05   6.552104e-18   120
  2.233799e-01   4.608111e-17   4.250917e-05   6.282316e-18   72
  2.236502e-01   6.027219e-17   4.245777e-05   9.537033e-18   36
  2.238360e-01   6.155666e-17   8.391632e-05   6.382862e-18   78
  2.243546e-01   7.139562e-17   4.488887e-05   7.693257e-18   48
  2.250269e-01   8.509109e-17   3.633045e-09   1.026883e-17   24
  2.255059e-01   3.022715e-17   3.125970e-05   5.090957e-18   56
  2.257471e-01   4.102580e-17   4.810277e-05   4.970672e-18   102
  2.260539e-01   4.700850e-17   3.425268e-09   5.589884e-18   72
  2.262321e-01   6.000618e-17   2.568951e-09   8.159906e-18   24
  2.265435e-01   4.589386e-17   4.445516e-05   5.063068e-18   48
  2.271206e-01   5.055634e-17   0.000000e+00   1.121433e-17   24
  2.278290e-01   3.452102e-17   0.000000e+00   1.769921e-17   6
  2.280499e-01   2.926807e-17   0.000000e+00   5.971027e-18   24
  2.281971e-01   3.624804e-17   4.161169e-05   3.472182e-18   72
  2.284659e-01   3.189636e-17   7.763053e-05   3.423071e-18   84
  2.287554e-01   4.728060e-17   0.000000e+00   1.011694e-17   24
  2.288435e-01   3.677546e-17   3.633045e-09   4.609070e-18   24
  2.292831e-01   4.565741e-17   4.449553e-09   8.034232e-18   24
  2.298972e-01   4.158840e-17   0.000000e+00   1.102057e-17   6
  2.306844e-01   2.483894e-17   4.365716e-05   4.554673e-18   48
  2.308735e-01   3.179124e-17   8.224294e-05   3.389573e-18   72
  2.311206e-01   3.086804e-17   4.357477e-05   3.781881e-18   48
  2.315124e-01   5.872045e-17   0.000000e+00   9.627038e-18   24
  2.320338e-01   9.432109e-17   0.000000e+00   1.736607e-17   6
  2.332028e-01   2.658597e-17   0.000000e+00   4.590008e-18   8
  2.332891e-01   3.209673e-17   2.568951e-09   5.419259e-18   48
  2.334962e-01   2.652911e-17   4.225843e-05   2.644088e-18   60
  2.338066e-01   3.052420e-17   0.000000e+00   4.451859e-18   24
  2.342369e-01   1.832480e-17   0.000000e+00   7.822278e-18   6
  2.358224e-01   2.052254e-17   0.000000e+00   4.337886e-18   24
  2.359505e-01   3.436700e-17   4.268279e-05   3.804460e-18   48
  2.361638e-01   2.757068e-17   0.000000e+00   5.785805e-18   24
  2.365047e-01   1.527763e-17   0.000000e+00   1.672347e-18   6
  2.384414e-01   2.646342e-17   3.981898e-05   4.666501e-18   36
  2.385821e-01   3.310466e-17   0.000000e+00   4.462571e-18   24
  2.388353e-01   2.937041e-17   0.000000e+00   1.066737e-17   6
  2.410389e-01   1.816164e-17   3.618719e-05   2.239332e-18   32
  2.412268e-01   1.001481e-17   0.000000e+00   4.384917e-18   6
  2.435949e-01   1.397629e-17   0.000000e+00   2.772226e-18   12
  2.436776e-01   4.550384e-17   0.000000e+00   1.265839e-17   6
  2.461858e-01   2.621418e-17   0.000000e+00   7.472613e-18   6
