# power spectrum of zeta (dimensionless)
# redshift z=48.519783
# k              Pk             sigma(k)       sigma(Pk)      count
  4.487990e-03   8.765992e-19   0.000000e+00   2.042755e-19   6
  6.346976e-03   4.205756e-18   0.000000e+00   1.186836e-18   12
  7.773426e-03   1.200827e-17   8.514949e-11   4.495239e-18   8
  8.975979e-03   1.496156e-17   0.000000e+00   1.976426e-19   6
  1.003545e-02   1.415858e-17   1.605594e-10   1.768002e-18   24
  1.099328e-02   2.189685e-17   1.605594e-10   5.444945e-18   24
  1.269395e-02   4.724686e-17   0.000000e+00   1.367924e-17   12
  1.346397e-02   4.925883e-17   1.816523e-10   7.844784e-18   30
  1.419227e-02   3.749062e-17   0.000000e+00   4.506140e-18   24
  1.488498e-02   5.344565e-17   2.780971e-10   9.016279e-18   24
  1.554685e-02   1.038315e-16   1.702990e-10   1.851913e-17   8
  1.618168e-02   6.413710e-17   2.270653e-10   9.088844e-18   24
  1.679252e-02   6.454053e-17   0.000000e+00   7.857892e-18   48
  1.795196e-02   4.631130e-17   0.000000e+00   4.044490e-18   6
  1.850445e-02   7.942232e-17   2.270653e-10   1.076624e-17   48
  1.904093e-02   6.588497e-17   2.140792e-10   5.822413e-18   36
  1.956269e-02   9.381174e-17   2.270653e-10   2.045267e-17   24
  2.007090e-02   1.035217e-16   3.211188e-10   1.102077e-17   24
  2.056655e-02   1.076771e-16   0.000000e+00   1.586883e-17   48
  2.105054e-02   8.600647e-17   3.211188e-10   1.310798e-17   24
  2.198657e-02   1.363288e-16   3.211188e-10   2.326532e-17   24
  2.243995e-02   6.846596e-17   0.000000e+00   9.232360e-18   30
  2.288435e-02   1.198452e-16   0.000000e+00   1.449085e-17   72
  2.332028e-02   5.859787e-17   3.405980e-10   7.017733e-18   32
  2.416856e-02   8.860586e-17   0.000000e+00   8.712983e-18   72
  2.458173e-02   9.970212e-17   0.000000e+00   9.194890e-18   48
  2.538790e-02   1.691549e-16   0.000000e+00   4.900932e-17   12
  2.578154e-02   1.222885e-16   0.000000e+00   1.462257e-17   48
  2.616925e-02   1.325958e-16   0.000000e+00   2.188609e-17   48
  2.655130e-02   1.357833e-16   3.211188e-10   1.459591e-17   48
  2.692794e-02   8.328475e-17   3.633045e-10   9.115215e-18   30
  2.729937e-02   6.387290e-17   0.000000e+00   1.321798e-17   24
  2.766583e-02   1.154581e-16   6.769780e-10   1.508093e-17   72
  2.838454e-02   1.031335e-16   0.000000e+00   1.526304e-17   24
  2.873715e-02   1.093263e-16   0.000000e+00   9.012845e-18   96
  2.908550e-02   1.175455e-16   0.000000e+00   1.640317e-17   48
  2.942972e-02   1.663077e-16   5.561942e-10   2.488194e-17   24
  2.976995e-02   1.603395e-16   5.561942e-10   2.966992e-17   24
  3.010635e-02   1.148049e-16   0.000000e+00   1.455877e-17   72
  3.043903e-02   1.236479e-16   0.000000e+00   1.219378e-17   48
  3.109370e-02   1.365453e-16   3.405980e-10   4.692636e-17   8
  3.141593e-02   1.491590e-16   4.036717e-10   1.984663e-17   54
  3.173488e-02   1.449417e-16   0.000000e+00   1.449779e-17   84
  3.205066e-02   1.065043e-16   0.000000e+00   1.319079e-17   48
  3.236335e-02   1.416533e-16   4.541306e-10   2.741828e-17   24
  3.267306e-02   1.348143e-16   6.055075e-10   1.398789e-17   72
  3.297985e-02   1.098370e-16   0.000000e+00   1.126453e-17   96
  3.358504e-02   1.542242e-16   0.000000e+00   2.067176e-17   48
  3.388358e-02   1.321900e-16   0.000000e+00   1.284335e-17   48
  3.417951e-02   1.352471e-16   0.000000e+00   2.739685e-17   24
  3.447290e-02   1.188111e-16   0.000000e+00   1.179762e-17   72
  3.505232e-02   1.149869e-16   0.000000e+00   1.637722e-17   72
  3.533846e-02   1.329088e-16   0.000000e+00   1.211769e-17   96
  3.590392e-02   2.870009e-16   0.000000e+00   6.306638e-17   6
  3.618333e-02   1.351376e-16   0.000000e+00   1.268909e-17   96
  3.646060e-02   1.295577e-16   4.541306e-10   1.242341e-17   96
  3.673578e-02   1.725939e-16   0.000000e+00   3.368483e-17   24
  3.700891e-02   1.607959e-16   4.541306e-10   2.084499e-17   48
  3.728004e-02   1.611834e-16   0.000000e+00   1.653045e-17   96
  3.754921e-02   1.435581e-16   0.000000e+00   1.692271e-17   48
  3.808185e-02   1.696156e-16   4.281585e-10   2.049496e-17   36
  3.834540e-02   1.263850e-16   7.865773e-10   1.788996e-17   48
  3.860715e-02   1.440887e-16   8.899106e-10   1.381351e-17   120
  3.886713e-02   1.362924e-16   0.000000e+00   2.165338e-17   56
  3.912539e-02   1.182354e-16   4.541306e-10   2.300930e-17   24
  3.938195e-02   1.896730e-16   0.000000e+00   1.942141e-17   96
  3.963685e-02   1.536989e-16   0.000000e+00   1.805963e-17   48
  4.014180e-02   1.436832e-16   6.422377e-10   2.797908e-17   24
  4.039191e-02   1.409212e-16   0.000000e+00   1.188602e-17   102
  4.064047e-02   1.572382e-16   4.541306e-10   2.184125e-17   48
  4.088753e-02   1.746139e-16   0.000000e+00   2.383414e-17   72
  4.113310e-02   1.895856e-16   0.000000e+00   2.535428e-17   48
  4.137722e-02   1.530621e-16   0.000000e+00   2.054395e-17   48
  4.161990e-02   1.988934e-16   1.027580e-09   1.787521e-17   120
  4.210107e-02   2.408576e-16   6.422377e-10   4.056656e-17   24
  4.233961e-02   2.178819e-16   6.055075e-10   1.609493e-17   144
  4.257681e-02   1.563131e-16   7.266090e-10   1.695258e-17   120
  4.281269e-02   1.280109e-16   6.422377e-10   1.269938e-17   48
  4.328060e-02   1.229631e-16   6.422377e-10   1.388208e-17   48
  4.351267e-02   1.923489e-16   6.422377e-10   1.823742e-17   96
  4.412543e-02   1.531496e-16   1.076845e-04   1.583109e-17   72
  4.442883e-02   1.831957e-16   5.708779e-10   1.574507e-17   108
  4.465493e-02   1.896038e-16   0.000000e+00   2.241897e-17   72
  4.487990e-02   1.048259e-16   0.000000e+00   1.642782e-17   30
  4.510374e-02   1.623717e-16   0.000000e+00   1.324715e-17   168
  4.532647e-02   2.235233e-16   0.000000e+00   2.620737e-17   48
  4.576869e-02   2.027638e-16   0.000000e+00   2.501041e-17   72
  4.598821e-02   1.931221e-16   0.000000e+00   2.180507e-17   96
  4.620668e-02   1.859837e-16   1.211015e-09   2.126196e-17   72
  4.642412e-02   1.814731e-16   0.000000e+00   1.562935e-17   72
  4.678970e-02   2.194254e-16   9.942967e-05   1.814160e-17   104
  4.707043e-02   1.544512e-16   8.563169e-10   1.204134e-17   144
  4.770798e-02   1.479889e-16   1.436087e-09   1.283598e-17   96
  4.791862e-02   1.817601e-16   0.000000e+00   1.497042e-17   96
  4.825361e-02   2.228031e-16   1.022910e-04   1.797948e-17   120
  4.854503e-02   1.920780e-16   0.000000e+00   1.808450e-17   120
  4.875204e-02   1.753064e-16   0.000000e+00   1.958475e-17   72
  4.916346e-02   1.405922e-16   0.000000e+00   1.364182e-17   48
  4.936788e-02   1.643600e-16   1.117860e-09   1.931343e-17   78
  4.962939e-02   2.011892e-16   9.159181e-05   1.596831e-17   168
  5.017725e-02   1.827497e-16   1.048770e-09   1.459583e-17   144
  5.037756e-02   1.813527e-16   8.563169e-10   1.288443e-17   144
  5.095853e-02   2.206691e-16   5.274950e-05   1.804337e-17   156
  5.117095e-02   1.600575e-16   1.112388e-09   2.992776e-17   48
  5.136739e-02   1.437354e-16   7.266090e-10   1.228856e-17   120
  5.156307e-02   2.251142e-16   0.000000e+00   4.746729e-17   48
  5.190908e-02   1.704239e-16   8.074274e-05   1.016023e-17   216
  5.233850e-02   1.515358e-16   0.000000e+00   2.016018e-17   48
  5.253057e-02   2.015336e-16   6.422377e-10   2.173647e-17   96
  5.280366e-02   1.830475e-16   9.436050e-05   1.306610e-17   168
  5.310261e-02   2.139283e-16   6.422377e-10   2.960665e-17   48
  5.329192e-02   1.549990e-16   0.000000e+00   1.612089e-17   96
  5.348057e-02   1.952194e-16   0.000000e+00   2.254369e-17   48
  5.385587e-02   1.390906e-16   7.266090e-10   1.647063e-17   30
  5.404255e-02   2.000228e-16   0.000000e+00   2.304018e-17   96
  5.426566e-02   1.827015e-16   7.415896e-05   1.037518e-17   240
  5.455256e-02   1.327405e-16   8.000683e-05   2.545917e-17   32
  5.478289e-02   1.662287e-16   0.000000e+00   1.332379e-17   168
  5.496642e-02   1.826283e-16   0.000000e+00   1.716706e-17   120
  5.533165e-02   1.899500e-16   1.353956e-09   2.185413e-17   72
  5.551336e-02   2.008821e-16   6.055075e-10   1.488388e-17   144
  5.569449e-02   1.548646e-16   0.000000e+00   1.303092e-17   96
  5.587502e-02   1.753553e-16   0.000000e+00   1.644446e-17   96
  5.623435e-02   1.615388e-16   0.000000e+00   1.430479e-17   72
  5.641315e-02   1.802170e-16   9.082613e-10   1.874595e-17   96
  5.676908e-02   2.075933e-16   0.000000e+00   2.744689e-17   24
  5.694620e-02   1.813809e-16   0.000000e+00   1.221028e-17   192
  5.715479e-02   1.778239e-16   6.789523e-05   1.638227e-17   132
  5.747431e-02   2.194639e-16   0.000000e+00   2.979085e-17   96
  5.764927e-02   2.101370e-16   0.000000e+00   1.623315e-17   96
  5.782370e-02   2.013110e-16   7.266090e-10   1.922864e-17   120
  5.817099e-02   2.306680e-16   0.000000e+00   2.817864e-17   48
  5.845566e-02   1.998886e-16   8.228355e-05   1.282880e-17   222
  5.868808e-02   2.189688e-16   0.000000e+00   1.507206e-17   120
  5.885943e-02   1.542781e-16   1.112388e-09   4.161183e-17   24
  5.910891e-02   2.050375e-16   8.492858e-05   1.156172e-17   312
  5.965251e-02   2.026286e-16   7.962394e-05   2.396261e-17   72
  5.987725e-02   1.997608e-16   1.112388e-09   2.398729e-17   96
  6.010802e-02   1.914417e-16   8.108596e-05   1.497860e-17   192
  6.037972e-02   1.746042e-16   1.027580e-09   1.881492e-17   120
  6.054629e-02   1.733622e-16   0.000000e+00   1.418565e-17   144
  6.087805e-02   1.963484e-16   0.000000e+00   2.738786e-17   48
  6.111387e-02   1.653570e-16   8.153477e-05   9.783452e-18   336
  6.137233e-02   2.043913e-16   0.000000e+00   2.835707e-17   48
  6.169965e-02   2.144743e-16   0.000000e+00   1.419057e-17   192
  6.186267e-02   1.493147e-16   0.000000e+00   2.129025e-17   48
  6.232604e-02   1.686580e-16   5.659583e-05   2.056827e-17   56
  6.255643e-02   2.068809e-16   7.268827e-05   1.076306e-17   336
  6.283185e-02   1.937832e-16   8.073433e-10   3.284540e-17   54
  6.307177e-02   1.802472e-16   7.983781e-05   1.152512e-17   240
  6.356985e-02   1.835951e-16   7.644534e-05   1.197846e-17   228
  6.378632e-02   1.959342e-16   8.563169e-10   2.067102e-17   72
  6.399644e-02   1.790199e-16   7.415385e-05   1.592611e-17   144
  6.425823e-02   1.984095e-16   0.000000e+00   2.466530e-17   96
  6.441477e-02   1.654412e-16   1.027580e-09   9.809103e-18   240
  6.472671e-02   2.700482e-16   9.082613e-10   4.620583e-17   24
  6.492641e-02   2.095899e-16   7.003773e-05   1.098659e-17   336
  6.519181e-02   2.287344e-16   0.000000e+00   2.414776e-17   72
  6.543408e-02   2.193973e-16   7.617900e-05   1.413993e-17   168
  6.565363e-02   1.903012e-16   0.000000e+00   1.776061e-17   72
  6.595971e-02   1.836833e-16   0.000000e+00   1.216626e-17   96
  6.619675e-02   2.297022e-16   7.560752e-05   1.579087e-17   216
  6.641618e-02   1.594398e-16   0.000000e+00   1.439439e-17   96
  6.671876e-02   1.452516e-16   9.082613e-10   1.168088e-17   192
  6.686954e-02   1.729750e-16   8.563169e-10   1.307752e-17   144
  6.717008e-02   1.953603e-16   0.000000e+00   2.171065e-17   48
  6.737816e-02   1.675836e-16   7.289453e-05   1.103318e-17   246
  6.766089e-02   1.999845e-16   6.720992e-05   1.672902e-17   168
  6.791561e-02   1.980980e-16   1.779821e-09   1.610938e-17   120
  6.806373e-02   1.687470e-16   0.000000e+00   1.007781e-17   240
  6.835902e-02   1.366667e-16   0.000000e+00   1.874371e-17   24
  6.859430e-02   1.959611e-16   7.194229e-05   9.494278e-18   360
  6.888731e-02   1.688446e-16   7.163615e-05   1.662385e-17   120
  6.909172e-02   1.443746e-16   0.000000e+00   1.082338e-17   144
  6.923733e-02   1.792411e-16   0.000000e+00   1.731639e-17   96
  6.967233e-02   1.680450e-16   0.000000e+00   1.310628e-17   144
  6.981673e-02   1.563482e-16   0.000000e+00   1.497564e-17   132
  7.001966e-02   1.746461e-16   7.070381e-05   1.319320e-17   176
  7.031425e-02   1.854391e-16   7.139661e-05   1.022482e-17   312
  7.067693e-02   1.748604e-16   0.000000e+00   1.956554e-17   96
  7.081928e-02   1.685683e-16   0.000000e+00   1.277316e-17   144
  7.103769e-02   1.958844e-16   7.068048e-05   9.908099e-18   312
  7.138584e-02   1.884583e-16   0.000000e+00   2.289606e-17   48
  7.152678e-02   2.156211e-16   9.082613e-10   1.517997e-17   192
  7.180783e-02   2.321500e-16   0.000000e+00   2.297372e-17   6
  7.199456e-02   1.835134e-16   6.592151e-05   1.137943e-17   288
  7.229701e-02   1.906603e-16   6.965036e-05   1.489544e-17   192
  7.250569e-02   1.636630e-16   2.136030e-09   1.036704e-17   216
  7.264446e-02   1.658025e-16   0.000000e+00   1.815011e-17   72
  7.299019e-02   2.051698e-16   6.898890e-05   1.312328e-17   192
  7.321980e-02   1.794552e-16   5.122797e-05   9.767169e-18   288
  7.347155e-02   2.082323e-16   0.000000e+00   2.919564e-17   24
  7.366606e-02   1.737324e-16   6.748859e-05   7.623699e-18   456
  7.401782e-02   1.443398e-16   0.000000e+00   1.983549e-17   48
  7.423517e-02   1.707065e-16   6.647357e-05   1.099253e-17   240
  7.448497e-02   1.584265e-16   6.717903e-05   1.127734e-17   216
  7.469503e-02   1.319553e-16   0.000000e+00   1.690573e-17   72
  7.482974e-02   1.919665e-16   2.321067e-09   1.302968e-17   168
  7.521008e-02   1.898384e-16   4.993319e-05   1.097682e-17   288
  7.542338e-02   1.948295e-16   6.607016e-05   1.466956e-17   168
  7.576598e-02   1.878589e-16   0.000000e+00   1.285247e-17   192
  7.589879e-02   1.392889e-16   8.563169e-10   1.100669e-17   144
  7.616371e-02   1.810601e-16   8.563169e-10   2.295413e-17   36
  7.638837e-02   1.978251e-16   6.033611e-05   1.034420e-17   342
  7.660318e-02   1.588975e-16   6.195787e-05   1.480924e-17   144
  7.687931e-02   1.845494e-16   6.497828e-05   9.809131e-18   384
  7.721429e-02   1.825509e-16   1.779821e-09   1.616192e-17   120
  7.738009e-02   1.708132e-16   5.794173e-05   1.073513e-17   264
  7.760459e-02   1.903447e-16   2.872174e-09   1.808583e-17   192
  7.781602e-02   1.787185e-16   6.244329e-05   1.438812e-17   152
  7.799294e-02   2.030869e-16   1.712634e-09   1.419527e-17   144
  7.836508e-02   1.815764e-16   4.041391e-05   1.264368e-17   216
  7.853733e-02   1.814369e-16   5.400376e-05   1.162952e-17   312
  7.884055e-02   1.723111e-16   6.258929e-05   1.153721e-17   240
  7.901921e-02   1.515544e-16   9.082613e-10   1.876561e-17   96
  7.935833e-02   1.662531e-16   5.983988e-05   1.397053e-17   144
  7.956734e-02   1.539866e-16   5.881734e-05   6.459524e-18   456
  7.990638e-02   1.822712e-16   0.000000e+00   1.455825e-17   120
  8.003232e-02   2.006540e-16   0.000000e+00   1.859497e-17   144
  8.028360e-02   1.381712e-16   1.284475e-09   2.518724e-17   24
  8.044470e-02   1.877612e-16   5.653709e-05   9.534413e-18   336
  8.072332e-02   1.824926e-16   6.235271e-05   1.321723e-17   198
  8.098439e-02   1.541092e-16   6.063443e-05   7.172618e-18   432
  8.128095e-02   1.177639e-16   1.816523e-09   1.244903e-17   48
  8.143566e-02   1.537141e-16   5.352971e-05   6.699937e-18   384
  8.171344e-02   1.847474e-16   6.162404e-05   1.330612e-17   144
  8.196515e-02   1.242685e-16   6.118458e-05   7.498744e-18   264
  8.226621e-02   1.428269e-16   0.000000e+00   1.837007e-17   48
  8.246820e-02   1.467560e-16   5.817654e-05   8.808716e-18   276
  8.266310e-02   1.682523e-16   5.273546e-05   1.096431e-17   192
  8.292356e-02   1.481370e-16   5.926306e-05   6.848118e-18   552
  8.323980e-02   1.161643e-16   1.453218e-09   8.637416e-18   120
  8.342777e-02   1.404961e-16   5.998883e-05   9.473434e-18   216
  8.360198e-02   1.695245e-16   1.453218e-09   1.398288e-17   120
  8.391317e-02   1.760449e-16   5.907428e-05   9.441748e-18   408
  8.420215e-02   2.680893e-16   1.284475e-09   3.722453e-17   24
  8.438134e-02   1.501586e-16   5.967566e-05   8.280327e-18   384
  8.463161e-02   1.294963e-16   5.830526e-05   7.371190e-18   240
  8.484893e-02   1.561610e-16   5.873223e-05   1.145915e-17   168
  8.515361e-02   1.359336e-16   0.000000e+00   1.272867e-17   120
  8.535003e-02   1.575427e-16   6.122527e-05   8.896919e-18   350
  8.566942e-02   1.953532e-16   1.007886e-04   9.891874e-18   384
  8.586029e-02   1.348762e-16   0.000000e+00   1.017684e-17   144
  8.621146e-02   1.456107e-16   1.211015e-09   8.157277e-18   288
  8.639482e-02   1.482883e-16   5.769264e-05   7.746990e-18   336
  8.664426e-02   1.738555e-16   5.252436e-05   1.306985e-17   168
  8.679359e-02   1.604599e-16   3.442699e-09   8.028124e-18   336
  8.710244e-02   1.510948e-16   5.451716e-05   7.890766e-18   288
  8.728795e-02   1.609997e-16   5.136910e-05   1.138464e-17   264
  8.760206e-02   1.471974e-16   0.000000e+00   9.265643e-18   240
  8.771695e-02   1.741557e-16   0.000000e+00   1.602549e-17   96
  8.812928e-02   1.750869e-16   6.985852e-05   1.013500e-17   360
  8.832172e-02   1.800408e-16   5.149772e-05   1.374067e-17   168
  8.856486e-02   1.556696e-16   5.613787e-05   7.587277e-18   456
  8.885766e-02   1.250722e-16   1.614687e-09   1.254536e-17   108
  8.902234e-02   1.336521e-16   5.632711e-05   9.387437e-18   264
  8.922780e-02   1.406705e-16   5.025296e-05   7.584754e-18   264
  8.950914e-02   1.396412e-16   4.742099e-05   6.970058e-18   312
  8.985946e-02   1.401238e-16   3.523897e-05   9.313546e-18   270
  9.000628e-02   1.634824e-16   4.474031e-05   1.045979e-17   240
  9.027023e-02   1.354739e-16   5.534940e-05   6.556691e-18   384
  9.043048e-02   1.500822e-16   1.816523e-09   1.072113e-17   192
  9.074177e-02   1.549820e-16   4.441052e-05   1.064442e-17   240
  9.092233e-02   1.453179e-16   5.480976e-05   7.489580e-18   336
  9.126190e-02   1.588753e-16   5.517650e-05   7.215049e-18   480
  9.153738e-02   1.252373e-16   1.211015e-09   1.400953e-17   72
  9.169127e-02   1.580179e-16   5.380211e-05   9.627602e-18   240
  9.190057e-02   1.607270e-16   5.056661e-05   9.683449e-18   312
  9.214050e-02   1.598499e-16   5.465037e-05   1.254382e-17   240
  9.250305e-02   1.478280e-16   4.152014e-05   7.094952e-18   408
  9.264658e-02   1.232878e-16   3.802244e-05   6.462397e-18   336
  9.292709e-02   1.362843e-16   4.827913e-05   8.198783e-18   264
  9.306493e-02   1.300424e-16   0.000000e+00   9.917823e-18   144
  9.344847e-02   1.406982e-16   6.691774e-05   5.934705e-18   464
  9.365053e-02   1.503323e-16   5.321333e-05   1.189004e-17   168
  9.385003e-02   1.386017e-16   4.846574e-05   8.237726e-18   336
  9.421059e-02   1.529344e-16   5.092274e-05   7.232422e-18   414
  9.441384e-02   1.520344e-16   5.300755e-05   9.858641e-18   216
  9.467424e-02   1.432396e-16   1.284475e-09   1.207499e-17   96
  9.478056e-02   1.601908e-16   3.146309e-09   7.229447e-18   384
  9.515300e-02   1.442597e-16   5.290514e-05   6.585231e-18   492
  9.535260e-02   1.375398e-16   5.173669e-05   9.445835e-18   240
  9.557820e-02   1.395246e-16   5.253086e-05   8.324007e-18   312
  9.588974e-02   1.481465e-16   5.251357e-05   1.209388e-17   192
  9.608709e-02   1.466426e-16   5.089201e-05   6.186684e-18   504
  9.634892e-02   1.490514e-16   3.369138e-05   8.201757e-18   408
  9.655507e-02   1.401514e-16   1.032177e-04   9.623898e-18   168
  9.681304e-02   1.303506e-16   4.902931e-05   6.990981e-18   288
  9.702952e-02   1.318450e-16   5.116628e-05   7.051676e-18   288
  9.725127e-02   1.459008e-16   5.146081e-05   7.746637e-18   432
  9.757291e-02   1.444274e-16   4.866478e-05   9.631508e-18   216
  9.774479e-02   1.348969e-16   4.856211e-05   7.835615e-18   360
  9.805077e-02   1.549151e-16   4.739615e-05   9.364923e-18   312
  9.832692e-02   8.461416e-17   0.000000e+00   8.980015e-18   48
  9.848611e-02   1.300003e-16   5.081550e-05   5.917511e-18   432
  9.877120e-02   1.366902e-16   8.476078e-05   6.261235e-18   414
  9.893956e-02   1.292754e-16   1.936190e-09   7.260134e-18   312
  9.925365e-02   1.352394e-16   7.437288e-05   5.856140e-18   528
  9.946561e-02   1.315667e-16   3.903945e-05   8.527611e-18   264
  9.972025e-02   1.463311e-16   4.629008e-05   6.935438e-18   480
  1.000530e-01   1.423207e-16   0.000000e+00   8.741542e-18   288
  1.001967e-01   1.026892e-16   4.973726e-05   7.260265e-18   168
  1.004595e-01   1.396413e-16   7.873394e-05   6.367169e-18   504
  1.007551e-01   1.503185e-16   1.211015e-09   1.150746e-17   144
  1.009411e-01   1.213027e-16   5.056606e-05   5.934090e-18   464
  1.012205e-01   1.337321e-16   7.420855e-05   7.358808e-18   432
  1.013531e-01   1.333539e-16   1.284475e-09   8.864161e-18   192
  1.016957e-01   1.146545e-16   5.501332e-05   6.225127e-18   396
  1.018981e-01   1.376853e-16   4.941713e-05   7.288695e-18   288
  1.021026e-01   1.184541e-16   4.881567e-05   6.363847e-18   336
  1.024293e-01   1.262621e-16   3.091107e-05   6.044763e-18   432
  1.026367e-01   1.322662e-16   8.011717e-05   8.024878e-18   360
  1.028695e-01   1.272663e-16   4.739049e-05   6.093651e-18   384
  1.032001e-01   1.298573e-16   4.183121e-05   9.649124e-18   198
  1.033594e-01   1.229084e-16   4.754848e-05   4.977144e-18   552
  1.036565e-01   1.223412e-16   6.656461e-05   5.897494e-18   432
  1.039045e-01   1.307355e-16   2.542602e-09   9.685017e-18   168
  1.041126e-01   1.146998e-16   8.251578e-05   5.497707e-18   480
  1.043880e-01   1.713998e-16   0.000000e+00   1.724568e-17   120
  1.045119e-01   1.332793e-16   6.739531e-05   7.948214e-18   336
  1.048143e-01   1.314496e-16   4.754634e-05   5.057514e-18   672
  1.051134e-01   1.088989e-16   6.916265e-05   5.505849e-18   528
  1.052527e-01   1.355550e-16   2.076026e-09   1.081538e-17   168
  1.055745e-01   1.230035e-16   7.715047e-05   5.826662e-18   456
  1.057708e-01   1.025756e-16   4.711644e-05   8.568653e-18   168
  1.059747e-01   1.189708e-16   4.703185e-05   5.309941e-18   504
  1.063135e-01   1.228369e-16   6.052278e-05   6.115075e-18   336
  1.065184e-01   1.228754e-16   4.362976e-05   6.908321e-18   312
  1.067457e-01   1.232989e-16   4.262923e-05   5.076379e-18   504
  1.070448e-01   1.221620e-16   2.957734e-05   6.319728e-18   432
  1.071854e-01   1.181319e-16   4.570679e-05   7.127559e-18   312
  1.074777e-01   1.126774e-16   4.685168e-05   5.704436e-18   384
  1.077830e-01   1.277230e-16   3.980594e-05   1.274648e-17   126
  1.079714e-01   1.091409e-16   6.988975e-05   5.607877e-18   492
  1.082121e-01   1.200697e-16   4.476446e-05   5.222367e-18   528
  1.085129e-01   1.222473e-16   4.547108e-05   5.682522e-18   480
  1.086993e-01   1.099070e-16   6.281804e-05   5.110490e-18   432
  1.089692e-01   1.042847e-16   4.939807e-05   6.089032e-18   440
  1.092826e-01   1.258939e-16   2.456546e-05   7.375022e-18   312
  1.094002e-01   1.172839e-16   3.681340e-05   5.471477e-18   480
  1.096414e-01   1.034982e-16   7.207992e-05   5.563059e-18   408
  1.099939e-01   1.113976e-16   4.316772e-05   5.348843e-18   360
  1.101428e-01   1.235123e-16   4.165528e-05   6.151679e-18   408
  1.104187e-01   1.042465e-16   4.238952e-05   5.021378e-18   456
  1.107295e-01   1.290468e-16   4.051394e-05   6.763645e-18   264
  1.109019e-01   9.156132e-17   4.396779e-05   5.492988e-18   384
  1.111530e-01   1.137040e-16   7.402287e-05   4.483491e-18   672
  1.114432e-01   1.069592e-16   4.427524e-05   6.372522e-18   240
  1.116107e-01   1.054282e-16   4.492830e-05   5.924431e-18   264
  1.118470e-01   1.209708e-16   5.541164e-05   4.470055e-18   624
  1.121997e-01   1.000659e-16   0.000000e+00   7.538490e-18   150
  1.123253e-01   1.090611e-16   6.209312e-05   4.698244e-18   600
  1.125901e-01   1.107236e-16   4.285507e-05   4.143618e-18   672
  1.128900e-01   1.241607e-16   4.030821e-05   6.165159e-18   336
  1.130571e-01   9.583185e-17   4.384359e-05   4.818336e-18   408
  1.133240e-01   1.152786e-16   4.374031e-05   5.307574e-18   408
  1.136209e-01   1.016637e-16   2.211745e-05   5.134812e-18   360
  1.138039e-01   1.063790e-16   8.120816e-05   4.992563e-18   456
  1.140250e-01   1.218724e-16   4.416149e-05   6.887034e-18   384
  1.143063e-01   9.390263e-17   4.076666e-05   5.401108e-18   348
  1.144584e-01   1.035087e-16   5.025723e-05   4.319460e-18   576
  1.147440e-01   1.055500e-16   4.138022e-05   4.874415e-18   504
  1.150362e-01   1.133506e-16   5.836440e-05   5.279432e-18   432
  1.152912e-01   9.870905e-17   7.940448e-05   4.311074e-18   576
  1.154731e-01   1.002569e-16   0.000000e+00   6.161851e-18   264
  1.157616e-01   9.279376e-17   6.318613e-05   3.696986e-18   768
  1.160125e-01   1.023623e-16   8.506861e-05   8.061850e-18   240
  1.162120e-01   1.039683e-16   7.502246e-05   6.702121e-18   192
  1.165026e-01   1.029211e-16   5.522570e-05   4.498787e-18   504
  1.167181e-01   8.914770e-17   7.441870e-05   4.023175e-18   590
  1.169248e-01   1.024921e-16   8.338208e-05   5.164537e-18   384
  1.171839e-01   9.208106e-17   6.968286e-05   4.055052e-18   504
  1.174968e-01   8.652856e-17   6.705897e-05   3.283860e-18   648
  1.178003e-01   9.075502e-17   1.821233e-05   3.808171e-18   504
  1.179227e-01   8.154597e-17   4.154576e-05   4.890977e-18   312
  1.181387e-01   9.253457e-17   5.985722e-05   3.704829e-18   576
  1.184353e-01   1.027489e-16   4.165498e-05   6.609581e-18   240
  1.186082e-01   9.666248e-17   4.209035e-05   3.644834e-18   552
  1.188529e-01   9.676619e-17   3.952187e-05   3.750875e-18   600
  1.192015e-01   9.262097e-17   4.827284e-05   3.925713e-18   600
  1.194111e-01   1.020044e-16   7.730513e-05   6.123602e-18   312
  1.196198e-01   9.766493e-17   6.732512e-05   4.559983e-18   480
  1.198806e-01   9.866225e-17   4.200441e-05   4.047597e-18   576
  1.201101e-01   8.528187e-17   6.763622e-05   3.968863e-18   408
  1.203138e-01   9.827867e-17   7.890077e-05   7.866758e-18   216
  1.205770e-01   7.999697e-17   6.042911e-05   3.336654e-18   516
  1.208589e-01   9.117886e-17   5.765552e-05   3.709741e-18   744
  1.211498e-01   7.354870e-17   3.850879e-05   3.651334e-18   462
  1.213141e-01   8.923530e-17   3.913862e-05   4.339169e-18   432
  1.215691e-01   8.823117e-17   3.630965e-05   3.154394e-18   648
  1.218688e-01   8.339404e-17   5.312777e-05   3.697605e-18   528
  1.221096e-01   9.319318e-17   6.397910e-05   4.172235e-18   600
  1.223502e-01   7.569848e-17   8.066092e-05   5.142207e-18   240
  1.225832e-01   8.604758e-17   6.178548e-05   3.309917e-18   720
  1.228540e-01   7.921256e-17   4.888350e-05   3.210116e-18   720
  1.231542e-01   7.749856e-17   0.000000e+00   6.383809e-18   144
  1.233122e-01   7.700697e-17   6.302546e-05   2.618125e-18   720
  1.235369e-01   9.676032e-17   3.779131e-05   5.357376e-18   384
  1.238183e-01   8.647977e-17   4.189367e-05   3.439353e-18   672
  1.240853e-01   7.622912e-17   7.335120e-05   4.189640e-18   336
  1.242128e-01   8.607733e-17   0.000000e+00   5.218997e-18   288
  1.245250e-01   8.984034e-17   5.805257e-05   3.370507e-18   776
  1.248140e-01   9.089807e-17   4.967278e-05   3.294937e-18   720
  1.250567e-01   7.794960e-17   4.001507e-05   3.609404e-18   432
  1.252509e-01   8.939436e-17   5.704653e-05   3.750137e-18   504
  1.254668e-01   1.051107e-16   3.996919e-05   4.935801e-18   528
  1.257690e-01   9.121828e-17   5.445569e-05   4.672097e-18   438
  1.260177e-01   8.027888e-17   6.338144e-05   3.696473e-18   624
  1.262050e-01   9.352758e-17   7.763371e-05   5.658518e-18   312
  1.264626e-01   8.342007e-17   4.182709e-05   3.172771e-18   696
  1.267289e-01   7.256184e-17   3.784594e-05   3.318335e-18   552
  1.270059e-01   7.694157e-17   2.928013e-05   3.223407e-18   516
  1.271773e-01   7.135601e-17   5.848486e-05   2.906912e-18   528
  1.273859e-01   8.489425e-17   3.803430e-05   3.591329e-18   528
  1.276822e-01   7.063083e-17   5.015953e-05   2.281050e-18   864
  1.278834e-01   6.919546e-17   6.870823e-05   4.251469e-18   408
  1.280847e-01   6.046855e-17   6.807282e-05   4.517784e-18   192
  1.283701e-01   7.654530e-17   5.633353e-05   3.346941e-18   720
  1.286110e-01   8.161935e-17   5.194228e-05   3.125365e-18   696
  1.288973e-01   7.556905e-17   5.609815e-05   3.026323e-18   720
  1.291592e-01   8.112267e-17   7.603431e-05   4.118314e-18   432
  1.293119e-01   8.201657e-17   4.475677e-05   4.723658e-18   264
  1.295867e-01   7.718365e-17   6.180712e-05   3.197996e-18   672
  1.298325e-01   6.624405e-17   6.328100e-05   2.884271e-18   600
  1.301242e-01   7.682551e-17   3.705096e-05   5.191982e-18   270
  1.302712e-01   7.776678e-17   5.577202e-05   3.695221e-18   528
  1.305049e-01   6.765273e-17   3.819070e-05   2.344235e-18   840
  1.308254e-01   6.674192e-17   7.302747e-05   2.194007e-18   888
  1.311216e-01   7.397697e-17   5.441084e-05   2.705707e-18   744
  1.313718e-01   5.449078e-17   2.795923e-05   2.472758e-18   456
  1.314963e-01   6.212354e-17   3.820801e-05   3.065944e-18   360
  1.317093e-01   8.084521e-17   3.310510e-05   4.222323e-18   384
  1.320361e-01   7.547782e-17   5.310026e-05   2.823766e-18   816
  1.322813e-01   7.515236e-17   7.704106e-05   2.676623e-18   824
  1.325794e-01   8.315078e-17   3.581235e-05   4.076937e-18   360
  1.327390e-01   6.467805e-17   5.284558e-05   2.718704e-18   624
  1.329587e-01   7.469128e-17   3.571018e-05   4.111743e-18   360
  1.332513e-01   7.606868e-17   4.857633e-05   2.573773e-18   876
  1.335156e-01   6.704937e-17   5.769416e-05   2.784930e-18   696
  1.337821e-01   6.041725e-17   3.725510e-05   3.414876e-18   336
  1.339218e-01   5.525878e-17   3.721324e-05   2.450241e-18   504
  1.341526e-01   7.417467e-17   3.753571e-05   2.940121e-18   672
  1.344950e-01   6.840796e-17   7.472486e-05   2.724392e-18   720
  1.347324e-01   6.254295e-17   5.644666e-05   2.365411e-18   774
  1.349945e-01   6.442495e-17   3.230860e-05   4.056994e-18   384
  1.351318e-01   6.268298e-17   6.217562e-05   2.690068e-18   528
  1.353448e-01   5.968332e-17   5.925683e-05   2.171350e-18   744
  1.356875e-01   6.167200e-17   4.887432e-05   2.383167e-18   768
  1.359150e-01   6.855119e-17   5.486510e-05   2.716083e-18   552
  1.361989e-01   6.428088e-17   5.979675e-05   2.308303e-18   696
  1.364100e-01   6.857505e-17   7.266345e-05   4.176438e-18   408
  1.365777e-01   6.105432e-17   3.139119e-05   2.995984e-18   504
  1.368434e-01   5.924038e-17   5.639309e-05   2.271066e-18   888
  1.371049e-01   6.594549e-17   5.860872e-05   2.690168e-18   648
  1.373767e-01   6.471816e-17   5.810635e-05   3.107096e-18   648
  1.376324e-01   5.968691e-17   6.265289e-05   2.092762e-18   792
  1.379033e-01   6.202592e-17   9.166547e-05   2.455434e-18   600
  1.381028e-01   5.879136e-17   6.212242e-05   2.609743e-18   456
  1.383129e-01   6.834737e-17   3.027582e-05   2.510347e-18   648
  1.385828e-01   6.593830e-17   5.904226e-05   2.023900e-18   936
  1.388741e-01   5.235474e-17   3.625955e-05   2.510814e-18   384
  1.391277e-01   5.974676e-17   0.000000e+00   4.536882e-18   198
  1.393234e-01   6.146333e-17   9.199360e-05   1.967393e-18   1224
  1.395345e-01   5.745994e-17   6.699966e-05   2.754681e-18   420
  1.397842e-01   5.836341e-17   6.484166e-05   1.972629e-18   792
  1.400283e-01   6.085647e-17   5.361851e-05   2.379684e-18   680
  1.403069e-01   6.087208e-17   4.923504e-05   2.374258e-18   600
  1.405311e-01   6.002699e-17   7.140431e-05   2.107580e-18   840
  1.408304e-01   5.410134e-17   3.371380e-05   2.680329e-18   432
  1.409448e-01   6.042198e-17   3.159427e-05   2.060786e-18   720
  1.411934e-01   5.969326e-17   6.327780e-05   1.887477e-18   960
  1.415027e-01   6.131203e-17   5.640753e-05   2.742862e-18   528
  1.417288e-01   6.024292e-17   5.765925e-05   2.261436e-18   624
  1.419978e-01   5.437327e-17   4.531978e-05   1.948220e-18   816
  1.422648e-01   5.506605e-17   7.452934e-05   2.187817e-18   696
  1.425599e-01   5.835838e-17   4.110321e-09   4.424535e-18   240
  1.426709e-01   6.071891e-17   4.395173e-05   2.300923e-18   672
  1.429185e-01   5.218593e-17   7.854802e-05   1.860006e-18   864
  1.431964e-01   5.221505e-17   6.027286e-05   2.058346e-18   816
  1.434467e-01   5.254948e-17   3.449810e-05   2.092800e-18   648
  1.437164e-01   5.104355e-17   3.526335e-05   1.740397e-18   843
  1.439454e-01   5.765264e-17   6.344743e-05   2.456394e-18   780
  1.442182e-01   5.993352e-17   3.404471e-05   3.714774e-18   216
  1.443865e-01   5.318086e-17   8.209510e-05   1.638716e-18   1056
  1.446454e-01   5.233218e-17   6.716301e-05   3.413912e-18   228
  1.448850e-01   5.623090e-17   8.361962e-05   1.784443e-18   924
  1.451311e-01   5.537716e-17   3.101819e-05   1.950588e-18   696
  1.453916e-01   5.311809e-17   5.520350e-05   1.767093e-18   996
  1.456581e-01   5.280701e-17   3.259105e-05   2.070316e-18   576
  1.459354e-01   5.893143e-17   5.030212e-05   2.495506e-18   552
  1.461376e-01   4.999961e-17   6.005898e-05   2.453384e-18   516
  1.463427e-01   5.021847e-17   8.733821e-05   1.846268e-18   744
  1.465771e-01   5.597142e-17   4.284460e-05   2.474193e-18   576
  1.467810e-01   5.130094e-17   4.409794e-05   1.776891e-18   792
  1.470708e-01   4.917021e-17   5.041212e-05   1.759943e-18   792
  1.472831e-01   4.828029e-17   5.436894e-05   1.843277e-18   720
  1.475703e-01   4.590656e-17   6.196809e-05   1.669888e-18   656
  1.478394e-01   4.993973e-17   6.766594e-05   1.867618e-18   816
  1.481153e-01   4.941450e-17   3.648433e-05   2.319885e-18   492
  1.482721e-01   5.315653e-17   5.248529e-05   2.175859e-18   552
  1.485663e-01   5.185405e-17   9.126553e-05   2.088026e-18   780
  1.487575e-01   5.220715e-17   5.606333e-05   2.242410e-18   528
  1.489634e-01   5.159382e-17   6.544296e-05   2.236518e-18   600
  1.492669e-01   5.071973e-17   5.438828e-05   1.594265e-18   900
  1.494760e-01   4.817423e-17   3.011028e-05   1.781198e-18   696
  1.497638e-01   4.866375e-17   7.613501e-05   1.702719e-18   696
  1.500423e-01   4.900253e-17   3.088725e-05   2.056931e-18   552
  1.502764e-01   4.375742e-17   3.591902e-05   1.713068e-18   708
  1.505217e-01   5.213995e-17   5.930435e-05   1.827972e-18   876
  1.507769e-01   4.393765e-17   3.148943e-05   3.087772e-18   216
  1.509481e-01   4.595032e-17   8.612787e-05   1.372795e-18   1032
  1.512046e-01   4.987471e-17   9.589387e-05   2.294891e-18   600
  1.514708e-01   4.975518e-17   4.575699e-05   1.926305e-18   600
  1.516739e-01   4.872721e-17   8.080257e-05   2.173266e-18   528
  1.519139e-01   4.744572e-17   4.435707e-05   1.698270e-18   732
  1.521668e-01   4.578864e-17   3.275367e-05   2.338216e-18   336
  1.524578e-01   4.623421e-17   4.668048e-05   1.594619e-18   912
  1.526754e-01   4.129975e-17   4.685305e-05   1.554497e-18   624
  1.529130e-01   4.551545e-17   3.948208e-05   1.760025e-18   768
  1.531905e-01   4.674881e-17   7.123345e-05   1.664634e-18   792
  1.534628e-01   4.275784e-17   3.531461e-05   1.864577e-18   660
  1.536565e-01   4.246528e-17   5.204174e-05   1.911062e-18   504
  1.538569e-01   4.209962e-17   8.502625e-05   2.048891e-18   480
  1.541572e-01   3.951634e-17   7.863820e-05   1.454672e-18   912
  1.543923e-01   4.783737e-17   8.757583e-05   2.233845e-18   432
  1.546144e-01   4.242675e-17   5.200047e-05   1.873094e-18   564
  1.548116e-01   4.466322e-17   4.977161e-05   1.815240e-18   600
  1.550891e-01   4.223101e-17   6.937691e-05   1.369152e-18   876
  1.552976e-01   4.956956e-17   3.119395e-05   3.465217e-18   264
  1.555851e-01   4.083233e-17   6.052853e-05   1.986323e-18   560
  1.558161e-01   4.092180e-17   4.113044e-05   1.386216e-18   840
  1.560965e-01   4.135668e-17   6.341128e-05   1.371077e-18   1008
  1.563558e-01   4.878619e-17   2.836595e-05   2.180392e-18   456
  1.565927e-01   4.313037e-17   3.674408e-05   1.639501e-18   576
  1.568116e-01   4.143618e-17   5.646120e-05   1.643830e-18   612
  1.571003e-01   4.177136e-17   5.042901e-05   1.683233e-18   780
  1.573359e-01   3.996916e-17   5.778934e-05   1.657093e-18   648
  1.575770e-01   4.806124e-17   2.693058e-05   2.653960e-18   312
  1.577311e-01   4.053801e-17   6.842617e-05   1.875819e-18   528
  1.579980e-01   3.622346e-17   8.936117e-05   1.390622e-18   720
  1.582533e-01   4.175185e-17   8.964102e-05   1.695022e-18   576
  1.585628e-01   4.270577e-17   7.732694e-05   1.915475e-18   444
  1.587554e-01   4.068650e-17   7.583279e-05   1.260404e-18   996
  1.589914e-01   3.558417e-17   6.334320e-05   1.717893e-18   432
  1.592145e-01   3.494472e-17   6.934834e-05   1.671039e-18   504
  1.594071e-01   4.180769e-17   3.126589e-05   1.766527e-18   504
  1.596815e-01   3.916259e-17   6.153164e-05   1.345028e-18   876
  1.599297e-01   3.771916e-17   7.081706e-05   1.790081e-18   504
  1.601882e-01   3.887953e-17   4.516342e-05   1.343875e-18   696
  1.604019e-01   4.261613e-17   3.860998e-05   1.851554e-18   492
  1.606926e-01   3.462840e-17   5.527206e-05   1.605905e-18   432
  1.609079e-01   3.858517e-17   5.175622e-05   1.412021e-18   768
  1.611631e-01   3.741780e-17   6.446933e-05   1.468948e-18   648
  1.614068e-01   3.827416e-17   4.205932e-05   1.762795e-18   456
  1.616868e-01   3.909969e-17   5.783839e-05   1.670686e-18   552
  1.618813e-01   3.618592e-17   3.964248e-05   1.454404e-18   648
  1.621489e-01   3.363138e-17   6.461501e-05   1.169178e-18   840
  1.624104e-01   3.803250e-17   3.081354e-05   1.855814e-18   432
  1.626721e-01   3.683580e-17   3.774132e-05   1.532601e-18   600
  1.628542e-01   3.123756e-17   4.021090e-05   1.510031e-18   432
  1.631600e-01   3.221436e-17   4.003387e-05   1.368502e-18   560
  1.633670e-01   3.954380e-17   6.336941e-05   1.458018e-18   840
  1.636263e-01   3.958227e-17   3.753463e-05   1.693880e-18   504
  1.638323e-01   3.407123e-17   7.660593e-05   1.269455e-18   696
  1.641226e-01   3.755699e-17   4.183943e-05   1.840050e-18   384
  1.643487e-01   3.276722e-17   6.128984e-05   1.426352e-18   576
  1.646222e-01   3.471903e-17   3.782503e-05   1.944139e-18   360
  1.648426e-01   3.229710e-17   5.633064e-05   1.182485e-18   828
  1.650804e-01   3.184514e-17   5.017290e-05   1.580280e-18   372
  1.652983e-01   3.541383e-17   7.662364e-05   1.444131e-18   576
  1.655869e-01   3.426414e-17   3.208989e-05   1.233656e-18   636
  1.657926e-01   3.105136e-17   6.186102e-05   1.228775e-18   648
  1.660708e-01   3.339588e-17   5.028625e-05   1.337785e-18   576
  1.662705e-01   3.227034e-17   8.111703e-05   1.418123e-18   528
  1.665361e-01   2.940467e-17   3.468088e-05   1.478855e-18   360
  1.667559e-01   3.248684e-17   7.977902e-05   1.251850e-18   672
  1.670430e-01   3.169413e-17   4.086413e-05   1.102605e-18   804
  1.672819e-01   3.230355e-17   4.507802e-05   1.607302e-18   408
  1.675462e-01   3.193796e-17   2.786312e-05   1.642157e-18   384
  1.677241e-01   3.175948e-17   6.376152e-05   1.482083e-18   480
  1.679752e-01   3.460220e-17   4.119929e-05   1.559918e-18   432
  1.682159e-01   3.045568e-17   7.592150e-05   1.107993e-18   648
  1.685009e-01   2.985877e-17   4.710893e-05   1.151260e-18   624
  1.687093e-01   3.743798e-17   4.284955e-05   1.919334e-18   456
  1.689940e-01   2.846794e-17   5.853629e-05   1.196772e-18   588
  1.691847e-01   2.806194e-17   3.734591e-05   1.163472e-18   600
  1.694632e-01   3.122741e-17   5.825046e-05   1.170285e-18   708
  1.696832e-01   2.862810e-17   3.669667e-05   1.539686e-18   360
  1.699263e-01   2.911066e-17   4.218379e-05   1.259193e-18   552
  1.701593e-01   2.889606e-17   2.959293e-05   1.824231e-18   288
  1.703959e-01   2.899224e-17   5.564280e-05   1.228659e-18   528
  1.706182e-01   2.655404e-17   3.753920e-05   1.212493e-18   456
  1.708665e-01   3.139567e-17   6.656515e-05   1.234975e-18   608
  1.711163e-01   2.849864e-17   3.220496e-05   1.356540e-18   504
  1.713892e-01   2.770989e-17   6.914223e-05   1.407420e-18   540
  1.716032e-01   2.492451e-17   7.422222e-05   1.301247e-18   360
  1.718339e-01   2.897198e-17   3.361162e-05   1.346178e-18   540
  1.720380e-01   2.733580e-17   2.885957e-05   1.147329e-18   576
  1.723347e-01   2.759160e-17   6.691555e-05   1.113695e-18   588
  1.726168e-01   2.841325e-17   9.232326e-05   1.130782e-18   672
  1.728592e-01   2.667991e-17   7.056345e-05   1.165220e-18   552
  1.730545e-01   2.484864e-17   7.059913e-05   2.184329e-18   144
  1.733038e-01   2.701672e-17   5.998121e-05   1.047633e-18   600
  1.735402e-01   2.529343e-17   7.516955e-05   1.102164e-18   504
  1.738025e-01   2.739896e-17   7.721430e-05   1.431062e-18   336
  1.740784e-01   2.713951e-17   8.678922e-05   1.056939e-18   600
  1.743256e-01   2.802023e-17   5.601092e-05   1.142819e-18   636
  1.745923e-01   2.455988e-17   4.503329e-05   1.308087e-18   384
  1.747793e-01   2.506530e-17   6.281612e-05   1.176902e-18   504
  1.750488e-01   2.377278e-17   2.636304e-05   1.569913e-18   240
  1.752616e-01   2.641155e-17   6.193054e-05   8.980389e-19   744
  1.755168e-01   2.675348e-17   4.228914e-05   1.053979e-18   648
  1.757436e-01   2.390972e-17   2.807279e-05   1.606699e-18   120
  1.760095e-01   2.499944e-17   4.409871e-05   9.704611e-19   564
  1.762103e-01   2.522286e-17   6.925969e-05   1.207942e-18   432
  1.764784e-01   2.626991e-17   5.375921e-05   1.249950e-18   480
  1.766803e-01   2.262559e-17   3.956814e-05   1.141823e-18   456
  1.769186e-01   2.546912e-17   6.547942e-05   1.306023e-18   444
  1.771890e-01   2.694043e-17   1.001870e-04   1.105376e-18   528
  1.774266e-01   2.501029e-17   7.440679e-05   1.559316e-18   264
  1.776571e-01   2.527809e-17   7.625589e-05   1.184771e-18   444
  1.779672e-01   2.436459e-17   8.352712e-05   9.640123e-19   696
  1.782246e-01   2.164416e-17   4.467309e-05   1.035928e-18   384
  1.784129e-01   2.431922e-17   5.644820e-05   1.138516e-18   432
  1.787057e-01   2.635376e-17   3.900306e-05   1.281576e-18   488
  1.788958e-01   2.347479e-17   5.878247e-05   1.050285e-18   480
  1.791714e-01   2.117501e-17   6.555462e-05   8.742348e-19   480
  1.793849e-01   2.308932e-17   2.750471e-05   1.417319e-18   240
  1.796272e-01   2.370483e-17   6.424882e-05   9.868794e-19   600
  1.798559e-01   2.327219e-17   5.598627e-05   1.203087e-18   288
  1.800993e-01   2.483814e-17   5.385469e-05   1.179343e-18   480
  1.803458e-01   2.343423e-17   9.579788e-05   9.955089e-19   504
  1.805885e-01   2.592898e-17   4.110325e-05   1.532819e-18   216
  1.808981e-01   2.357298e-17   6.729256e-05   1.131104e-18   504
  1.811392e-01   2.139418e-17   5.412370e-05   9.846121e-19   456
  1.814031e-01   2.222394e-17   3.104087e-05   1.146348e-18   384
  1.815779e-01   2.272510e-17   6.300174e-05   1.109919e-18   480
  1.818262e-01   2.136872e-17   5.532259e-05   8.834841e-19   504
  1.820564e-01   2.326929e-17   3.509319e-05   1.193206e-18   312
  1.823043e-01   2.348358e-17   5.655148e-05   1.025691e-18   492
  1.825238e-01   2.299844e-17   5.300385e-05   1.258589e-18   312
  1.828064e-01   2.234223e-17   8.610055e-05   8.658346e-19   576
  1.830551e-01   2.116080e-17   7.947777e-05   1.147148e-18   336
  1.832617e-01   2.108614e-17   6.119421e-05   1.234207e-18   240
  1.835481e-01   2.227955e-17   8.112802e-05   9.896242e-19   468
  1.837954e-01   1.947821e-17   5.079787e-05   1.627601e-18   192
  1.840542e-01   2.094143e-17   5.094927e-05   1.248628e-18   324
  1.842439e-01   2.108968e-17   3.697814e-05   8.438335e-19   600
  1.845024e-01   1.689487e-17   5.999324e-05   7.538403e-19   456
  1.846943e-01   1.877528e-17   2.698496e-05   8.602469e-19   336
  1.850125e-01   1.908888e-17   8.080061e-05   7.033458e-19   612
  1.852440e-01   2.114731e-17   6.781139e-05   1.731749e-18   144
  1.854629e-01   1.939277e-17   7.915330e-05   8.196995e-19   552
  1.857606e-01   1.927715e-17   3.117154e-05   1.152168e-18   264
  1.859288e-01   1.823902e-17   7.217008e-05   1.028415e-18   336
  1.861941e-01   2.169918e-17   4.768752e-05   1.044313e-18   384
  1.864242e-01   1.560327e-17   2.684336e-05   9.990150e-19   216
  1.866789e-01   1.853717e-17   5.691346e-05   9.287751e-19   344
  1.869112e-01   1.835770e-17   8.491756e-05   8.906117e-19   408
  1.871942e-01   1.609938e-17   6.525361e-05   9.671751e-19   264
  1.874450e-01   1.591998e-17   9.096676e-05   6.892705e-19   612
  1.876956e-01   1.757326e-17   4.681845e-05   8.742364e-19   408
  1.879533e-01   1.668782e-17   4.688574e-05   9.014195e-19   444
  1.881426e-01   1.695070e-17   2.622284e-05   1.391948e-18   120
  1.883963e-01   2.073884e-17   7.244892e-05   1.410556e-18   336
  1.885846e-01   1.646974e-17   2.517571e-05   8.420810e-19   288
  1.888390e-01   1.749551e-17   7.834725e-05   6.654029e-19   552
  1.891889e-01   1.356368e-17   0.000000e+00   1.239811e-18   72
  1.893687e-01   1.843888e-17   7.781878e-05   7.898582e-19   504
  1.895788e-01   1.693464e-17   2.504133e-05   9.717863e-19   216
  1.898511e-01   1.883190e-17   4.470956e-05   1.020115e-18   312
  1.900954e-01   1.409492e-17   5.090887e-05   7.956221e-19   336
  1.903283e-01   1.832410e-17   7.056539e-05   1.197425e-18   204
  1.905603e-01   1.784196e-17   8.200772e-05   8.732019e-19   504
  1.908063e-01   1.793019e-17   7.809491e-05   9.852488e-19   396
  1.910429e-01   1.729900e-17   7.161711e-05   1.037369e-18   312
  1.913297e-01   1.691289e-17   4.376572e-05   1.144831e-18   216
  1.915318e-01   1.590691e-17   2.375249e-05   1.318020e-18   168
  1.917774e-01   1.781804e-17   5.997637e-05   7.570531e-19   588
  1.920576e-01   1.805016e-17   8.141090e-05   1.062304e-18   240
  1.922754e-01   1.560707e-17   7.189946e-05   9.249884e-19   264
  1.925307e-01   1.700750e-17   8.891848e-05   1.213428e-18   288
  1.927573e-01   1.922548e-17   4.440219e-05   1.047467e-18   288
  1.930444e-01   1.470406e-17   4.170072e-05   8.565593e-19   288
  1.932378e-01   1.856928e-17   4.830681e-05   1.216130e-18   192
  1.934810e-01   1.745626e-17   5.140329e-05   1.015836e-18   264
  1.937128e-01   1.615584e-17   8.455129e-05   8.570960e-19   372
  1.939621e-01   1.511339e-17   9.131904e-05   8.410337e-19   360
  1.942665e-01   1.684776e-17   3.864708e-05   1.768693e-18   144
  1.944239e-01   1.475559e-17   5.367910e-05   8.311183e-19   296
  1.946722e-01   1.397436e-17   5.783646e-05   9.185290e-19   288
  1.949565e-01   1.610192e-17   8.643513e-05   7.687530e-19   480
  1.952017e-01   1.369318e-17   7.181934e-05   1.082214e-18   192
  1.954402e-01   1.563811e-17   7.703604e-05   1.033122e-18   192
  1.956569e-01   1.536623e-17   4.909597e-05   8.311357e-19   288
  1.959584e-01   1.391254e-17   4.273737e-05   1.661332e-18   108
  1.961102e-01   1.296269e-17   4.108675e-05   8.121661e-19   240
  1.963784e-01   1.492339e-17   7.664829e-05   6.960696e-19   384
  1.966538e-01   1.381791e-17   9.350223e-05   1.160409e-18   108
  1.968974e-01   1.324537e-17   5.482209e-05   8.221486e-19   348
  1.971535e-01   1.312279e-17   5.721449e-05   7.683681e-19   312
  1.973823e-01   1.233378e-17   5.559587e-05   1.231102e-18   96
  1.975926e-01   1.537541e-17   7.401586e-05   8.413876e-19   384
  1.978282e-01   1.472529e-17   5.090793e-05   1.010786e-18   144
  1.980586e-01   1.548456e-17   7.822228e-05   7.262166e-19   408
  1.983451e-01   1.619697e-17   3.489266e-05   1.616519e-18   144
  1.986157e-01   1.361544e-17   6.708152e-05   9.161000e-19   192
  1.987762e-01   1.818412e-17   7.550148e-05   1.677609e-18   144
  1.990378e-01   1.475037e-17   6.138549e-05   1.235356e-18   144
  1.992846e-01   1.486773e-17   7.502301e-05   8.027842e-19   336
  1.995869e-01   1.427328e-17   5.550751e-05   1.022502e-18   240
  1.997786e-01   1.412158e-17   2.520547e-05   1.535881e-18   96
  2.000459e-01   1.434733e-17   7.391551e-05   6.937927e-19   372
  2.003163e-01   1.515260e-17   8.792091e-05   1.295282e-18   132
  2.005538e-01   1.284404e-17   5.440441e-05   8.570766e-19   264
  2.007663e-01   1.591417e-17   4.178011e-05   1.243408e-18   168
  2.009931e-01   1.498301e-17   6.679837e-05   9.794289e-19   216
  2.011935e-01   1.184441e-17   4.086808e-05   8.982658e-19   216
  2.014852e-01   1.278885e-17   7.497591e-05   1.486694e-18   96
  2.017500e-01   1.184156e-17   4.891494e-05   1.001712e-18   120
  2.019928e-01   1.268738e-17   6.218465e-05   9.213142e-19   216
  2.021928e-01   1.232055e-17   2.717490e-05   8.680606e-19   200
  2.024576e-01   1.415727e-17   7.034415e-05   8.248417e-19   288
  2.027972e-01   1.084752e-17   1.850891e-05   8.455203e-19   144
  2.029402e-01   1.319193e-17   5.759860e-05   1.326016e-18   168
  2.032323e-01   1.144586e-17   6.482186e-05   9.665347e-19   159
  2.034603e-01   1.319470e-17   6.801371e-05   8.008341e-19   174
  2.036809e-01   1.090802e-17   6.167246e-05   9.063730e-19   144
  2.039698e-01   1.321396e-17   3.561139e-05   8.716279e-19   222
  2.041630e-01   1.409540e-17   3.593504e-05   1.168244e-18   168
  2.044967e-01   1.642054e-17   7.881934e-05   3.485320e-18   30
  2.046346e-01   1.039575e-17   6.959169e-05   1.163829e-18   72
  2.048942e-01   1.366554e-17   6.210975e-05   8.270628e-19   258
  2.051797e-01   1.209105e-17   3.890094e-05   7.678441e-19   264
  2.053225e-01   1.316605e-17   4.195079e-09   1.379636e-18   72
  2.056199e-01   1.018413e-17   7.710330e-05   6.974687e-19   174
  2.058892e-01   1.329829e-17   8.210077e-05   1.052529e-18   168
  2.061058e-01   8.110726e-18   2.568951e-09   1.149685e-18   48
  2.063382e-01   1.121756e-17   4.636424e-05   9.333205e-19   150
  2.066077e-01   1.458917e-17   8.529035e-05   1.105731e-18   168
  2.068780e-01   1.038701e-17   5.195492e-05   9.402898e-19   144
  2.071265e-01   9.810030e-18   4.853772e-05   9.847520e-19   102
  2.073116e-01   9.933873e-18   7.184416e-05   7.862441e-19   96
  2.076053e-01   7.070432e-18   7.130050e-05   5.232094e-19   120
  2.078228e-01   7.550508e-18   7.647166e-05   5.109906e-19   168
  2.080580e-01   1.271324e-17   5.646827e-05   1.145414e-18   126
  2.082585e-01   9.831517e-18   4.258836e-05   7.934235e-19   168
  2.085346e-01   6.959430e-18   6.829049e-05   7.286848e-19   72
  2.087759e-01   9.015438e-18   8.551492e-05   7.095929e-19   168
  2.089873e-01   1.058882e-17   2.344384e-05   1.230325e-18   78
  2.092770e-01   9.698992e-18   3.849304e-05   1.200837e-18   60
  2.095103e-01   1.392755e-17   6.244194e-05   2.002218e-18   96
  2.097522e-01   8.989322e-18   7.576810e-05   6.920397e-19   168
  2.099796e-01   6.687157e-18   4.794311e-05   7.313534e-19   86
  2.102181e-01   9.308438e-18   4.284977e-05   1.155817e-18   120
  2.105600e-01   8.982922e-18   3.055758e-05   6.993693e-19   168
  2.107444e-01   8.256952e-18   0.000000e+00   9.183417e-19   48
  2.109928e-01   1.254424e-17   5.567259e-05   1.176592e-18   120
  2.111355e-01   9.692252e-18   4.061540e-05   8.354507e-19   126
  2.114838e-01   8.942331e-18   7.143116e-05   7.690811e-19   96
  2.117099e-01   9.837939e-18   2.059722e-05   9.775003e-19   96
  2.118882e-01   7.983985e-18   2.422030e-09   1.049610e-18   72
  2.122681e-01   9.281237e-18   2.568951e-09   1.656506e-18   24
  2.125052e-01   9.995317e-18   4.238860e-05   9.062239e-19   120
  2.126902e-01   7.690080e-18   6.183193e-05   6.945493e-19   126
  2.128959e-01   9.544733e-18   5.154529e-05   8.471071e-19   96
  2.131362e-01   6.881917e-18   8.908530e-05   8.157617e-19   72
  2.134038e-01   8.837187e-18   3.853239e-05   6.948066e-19   144
  2.136239e-01   8.680904e-18   2.222458e-05   9.849013e-19   72
  2.138438e-01   1.108566e-17   4.439042e-05   1.458326e-18   54
  2.140373e-01   9.298994e-18   3.911854e-05   9.608829e-19   108
  2.144395e-01   1.089256e-17   3.834628e-05   1.136754e-18   72
  2.145647e-01   7.553312e-18   2.212712e-05   7.662870e-19   72
  2.148618e-01   6.744574e-18   4.449553e-09   8.757680e-19   24
  2.151428e-01   6.406984e-18   4.681088e-05   8.486654e-19   48
  2.153135e-01   8.373337e-18   3.565781e-05   9.370373e-19   102
  2.155704e-01   7.418761e-18   8.064314e-05   4.823207e-19   168
  2.159060e-01   7.004769e-18   4.398088e-05   9.009698e-19   72
  2.160304e-01   7.773884e-18   0.000000e+00   1.276351e-18   48
  2.162913e-01   8.030699e-18   7.564979e-05   7.746833e-19   120
  2.166356e-01   9.258250e-18   4.648832e-05   7.316012e-19   96
  2.169608e-01   1.065070e-17   4.110321e-09   2.587303e-18   30
  2.173472e-01   7.593673e-18   2.184227e-05   8.771561e-19   72
  2.175171e-01   4.884710e-18   2.568951e-09   1.036363e-18   24
  2.177352e-01   5.063827e-18   3.237565e-05   6.980094e-19   56
  2.179796e-01   4.883361e-18   4.620169e-05   3.447804e-19   96
  2.182720e-01   6.837307e-18   5.101796e-05   4.902578e-19   144
  2.184974e-01   8.149504e-18   2.896600e-05   1.126686e-18   54
  2.188250e-01   8.259668e-18   4.339413e-05   8.137074e-19   108
  2.191546e-01   1.113513e-17   2.297699e-05   1.484292e-18   48
  2.194683e-01   7.456250e-18   8.651572e-05   6.969120e-19   72
  2.202213e-01   1.168620e-17   5.716121e-05   1.260763e-18   78
  2.204299e-01   5.287253e-18   4.307814e-05   5.037311e-19   72
  2.206734e-01   5.149463e-18   4.302466e-05   6.010676e-19   72
  2.209281e-01   7.257409e-18   1.038232e-04   6.174603e-19   96
  2.211293e-01   5.145035e-18   4.293597e-05   3.898794e-19   72
  2.213721e-01   5.998433e-18   0.000000e+00   9.098849e-19   24
  2.216146e-01   7.549736e-18   8.567808e-05   8.533115e-19   72
  2.221623e-01   6.647620e-18   5.440820e-05   1.236505e-18   30
  2.222801e-01   9.921743e-18   0.000000e+00   2.136536e-18   24
  2.229135e-01   6.971300e-18   4.517907e-05   9.897542e-19   48
  2.231122e-01   6.166127e-18   9.722532e-05   6.568544e-19   120
  2.233799e-01   4.698290e-18   4.250917e-05   6.035396e-19   72
  2.236502e-01   5.967969e-18   4.245777e-05   9.317883e-19   36
  2.238360e-01   6.193125e-18   8.391632e-05   6.367541e-19   78
  2.243546e-01   6.925828e-18   4.488887e-05   8.247800e-19   48
  2.250269e-01   7.129478e-18   3.633045e-09   9.073519e-19   24
  2.255059e-01   3.661183e-18   3.125970e-05   6.057675e-19   56
  2.257471e-01   4.975484e-18   4.810277e-05   6.350712e-19   102
  2.260539e-01   5.064734e-18   3.425268e-09   6.483910e-19   72
  2.262321e-01   6.497992e-18   2.568951e-09   8.844538e-19   24
  2.265435e-01   4.908491e-18   4.445516e-05   4.788457e-19   48
  2.271206e-01   4.451636e-18   0.000000e+00   1.047858e-18   24
  2.278290e-01   3.782594e-18   0.000000e+00   1.627938e-18   6
  2.280499e-01   3.922310e-18   0.000000e+00   8.172249e-19   24
  2.281971e-01   4.694201e-18   4.161169e-05   4.704471e-19   72
  2.284659e-01   3.636971e-18   7.763053e-05   3.844668e-19   84
  2.287554e-01   6.515280e-18   0.000000e+00   1.402432e-18   24
  2.288435e-01   3.850344e-18   3.633045e-09   4.794714e-19   24
  2.292831e-01   5.223581e-18   4.449553e-09   8.876361e-19   24
  2.298972e-01   4.323857e-18   0.000000e+00   1.224319e-18   6
  2.306844e-01   3.377847e-18   4.365716e-05   6.366031e-19   48
  2.308735e-01   4.260406e-18   8.224294e-05   4.691483e-19   72
  2.311206e-01   3.651186e-18   4.357477e-05   4.225088e-19   48
  2.315124e-01   7.196504e-18   0.000000e+00   1.231423e-18   24
  2.320338e-01   1.118372e-17   0.000000e+00   2.586580e-18   6
  2.332028e-01   3.983878e-18   0.000000e+00   5.880154e-19   8
  2.332891e-01   4.732333e-18   2.568951e-09   6.206493e-19   48
  2.334962e-01   3.617031e-18   4.225843e-05   3.349510e-19   60
  2.338066e-01   3.654570e-18   0.000000e+00   5.024707e-19   24
  2.342369e-01   2.809883e-18   0.000000e+00   1.350239e-18   6
  2.358224e-01   3.866947e-18   0.000000e+00   6.961050e-19   24
  2.359505e-01   5.238800e-18   4.268279e-05   6.872226e-19   48
  2.361638e-01   4.158097e-18   0.000000e+00   7.453956e-19   24
  2.365047e-01   2.144809e-18   0.000000e+00   3.459562e-19   6
  2.384414e-01   4.638865e-18   3.981898e-05   7.498677e-19   36
  2.385821e-01   5.712674e-18   0.000000e+00   8.213004e-19   24
  2.388353e-01   4.739275e-18   0.000000e+00   9.653717e-19   6
  2.410389e-01   2.897161e-18   3.618719e-05   4.811994e-19   32
  2.412268e-01   1.781397e-18   0.000000e+00   7.446247e-19   6
  2.435949e-01   2.343310e-18   0.000000e+00   3.574962e-19   12
  2.436776e-01   7.146253e-18   0.000000e+00   2.164277e-18   6
  2.461858e-01   4.853723e-18   0.000000e+00   1.409680e-18   6
