# power spectrum of phi
# redshift z=0.996041
# k              Pk             sigma(k)       sigma(Pk)      count
  5.011399e-03   2.856610e-10   7.667927e-04   6.291172e-11   18
  1.037418e-02   4.182824e-10   1.725047e-03   4.269833e-11   128
  1.616528e-02   3.417651e-10   1.646572e-03   1.817373e-11   314
  2.269071e-02   2.130687e-10   1.954354e-03   7.789012e-12   728
  2.897169e-02   1.572290e-10   1.717946e-03   5.399262e-12   1016
  3.518826e-02   1.008059e-10   1.880676e-03   2.520839e-12   1682
  4.169479e-02   7.537574e-11   1.831736e-03   1.542142e-12   2300
  4.790974e-02   5.524240e-11   1.770731e-03   1.036542e-12   2906
  5.429022e-02   4.463714e-11   1.892687e-03   7.279903e-13   4040
  6.068098e-02   3.728565e-11   1.775551e-03   5.579079e-13   4712
  6.698900e-02   3.172237e-11   1.857705e-03   4.139065e-13   6002
  7.346135e-02   2.597642e-11   1.857594e-03   3.135252e-13   7256
  7.977379e-02   2.218415e-11   1.772571e-03   2.520376e-13   8120
  8.609019e-02   1.787683e-11   1.864951e-03   1.803694e-13   9950
  9.253636e-02   1.482347e-11   1.853578e-03   1.371056e-13   11384
  9.885187e-02   1.217138e-11   1.809244e-03   1.109775e-13   12666
  1.052712e-01   1.051707e-11   1.889168e-03   8.459238e-14   15104
  1.117654e-01   9.088298e-12   1.850532e-03   7.115521e-14   16616
  1.180754e-01   8.286903e-12   1.799489e-03   6.198541e-14   18026
  1.244216e-01   7.345519e-12   1.853405e-03   5.050985e-14   20696
  1.308065e-01   6.534306e-12   1.827918e-03   4.405675e-14   22436
  1.371558e-01   5.902988e-12   1.845873e-03   3.736643e-14   24962
  1.435394e-01   5.231401e-12   1.831283e-03   3.157032e-14   27176
  1.499133e-01   4.554830e-12   1.847268e-03   2.648856e-14   29810
  1.562775e-01   4.066517e-12   1.828450e-03   2.288203e-14   32120
  1.626776e-01   3.650873e-12   1.865216e-03   1.955432e-14   35432
  1.690383e-01   3.336517e-12   1.814577e-03   1.715571e-14   37238
  1.754019e-01   3.048212e-12   1.856016e-03   1.508465e-14   41072
  1.817869e-01   2.791810e-12   1.834293e-03   1.346300e-14   43472
  1.881565e-01   2.586186e-12   1.848176e-03   1.206592e-14   47042
  1.945298e-01   2.412546e-12   1.829223e-03   1.092448e-14   49712
  2.008693e-01   2.232039e-12   1.840592e-03   9.682115e-15   53226
  2.072637e-01   2.000494e-12   1.853753e-03   8.355386e-15   57320
  2.136558e-01   1.858259e-12   1.831629e-03   7.604287e-15   60092
  2.200056e-01   1.719177e-12   1.839426e-03   6.806900e-15   63914
  2.263950e-01   1.577768e-12   1.849752e-03   6.050272e-15   68192
  2.327751e-01   1.472865e-12   1.833934e-03   5.489291e-15   71336
  2.391397e-01   1.377588e-12   1.845607e-03   5.012806e-15   75818
  2.455297e-01   1.294845e-12   1.844019e-03   4.582429e-15   79880
  2.518964e-01   1.212035e-12   1.834462e-03   4.183483e-15   83642
  2.582661e-01   1.153019e-12   1.840779e-03   3.892682e-15   88316
  2.646730e-01   1.075082e-12   1.859422e-03   3.531068e-15   93488
  2.710484e-01   1.007660e-12   1.827184e-03   3.272626e-15   96458
  2.773871e-01   9.494497e-13   1.829038e-03   2.994618e-15   101264
  2.837816e-01   8.915690e-13   1.862873e-03   2.729676e-15   107696
  2.901819e-01   8.416304e-13   1.837217e-03   2.535090e-15   111170
  2.965233e-01   7.986048e-13   1.822285e-03   2.367743e-15   115232
  3.028941e-01   7.549365e-13   1.855375e-03   2.157848e-15   122310
  3.093019e-01   7.093507e-13   1.843350e-03   1.993491e-15   126944
  3.156739e-01   6.808392e-13   1.828600e-03   1.879855e-15   131192
  3.220432e-01   6.409080e-13   1.844535e-03   1.744859e-15   137618
  3.284234e-01   6.128616e-13   1.836674e-03   1.626314e-15   142448
  3.347979e-01   5.858011e-13   1.844704e-03   1.503887e-15   148520
  3.411627e-01   5.559417e-13   1.831436e-03   1.416026e-15   153254
  3.475446e-01   5.297072e-13   1.852010e-03   1.326136e-15   160760
  3.539284e-01   5.034237e-13   1.835751e-03   1.237282e-15   165290
  3.603019e-01   4.846016e-13   1.840148e-03   1.166694e-15   171992
  3.666828e-01   4.610832e-13   1.840217e-03   1.094572e-15   177800
  3.730569e-01   4.409230e-13   1.843032e-03   1.027000e-15   184322
  3.794439e-01   4.262781e-13   1.841595e-03   9.761422e-16   190832
  3.858239e-01   4.057320e-13   1.839260e-03   9.162566e-16   196772
  3.921872e-01   3.918846e-13   1.836453e-03   8.716099e-16   202970
  3.985536e-01   3.760599e-13   1.839266e-03   8.207831e-16   210056
  4.049173e-01   3.583683e-13   1.832832e-03   7.718833e-16   216210
  4.112896e-01   3.458039e-13   1.841640e-03   7.315594e-16   224168
  4.176700e-01   3.329887e-13   1.840761e-03   6.914036e-16   230792
  4.240565e-01   3.211699e-13   1.846256e-03   6.568574e-16   238778
  4.304312e-01   3.090548e-13   1.831772e-03   6.240621e-16   243956
  4.367939e-01   2.971431e-13   1.845141e-03   5.907278e-16   252680
  4.431746e-01   2.859525e-13   1.842020e-03   5.629453e-16   260066
  4.495713e-01   2.771812e-13   1.849294e-03   5.347477e-16   268712
  4.559494e-01   2.675555e-13   1.834336e-03   5.104555e-16   274034
  4.623270e-01   2.582865e-13   1.847366e-03   4.841557e-16   283904
  4.687088e-01   2.504737e-13   1.837425e-03   4.640122e-16   290048
  4.750707e-01   2.415046e-13   1.836659e-03   4.418418e-16   297950
  4.814434e-01   2.336128e-13   1.842026e-03   4.220344e-16   306968
  4.878269e-01   2.272156e-13   1.843240e-03   4.062277e-16   315320
  4.942006e-01   2.182465e-13   1.835899e-03   3.838482e-16   322346
  5.005701e-01   2.118323e-13   1.842589e-03   3.668120e-16   331664
  5.069538e-01   2.057976e-13   1.844896e-03   3.527462e-16   340818
  5.133346e-01   2.002635e-13   1.837322e-03   3.394579e-16   348164
  5.197083e-01   1.934477e-13   1.843548e-03   3.235477e-16   357584
  5.260929e-01   1.879077e-13   1.846059e-03   3.087012e-16   367106
  5.324635e-01   1.826591e-13   1.832285e-03   2.997044e-16   373376
  5.388350e-01   1.777256e-13   1.848023e-03   2.860302e-16   385376
  5.452233e-01   1.721342e-13   1.842356e-03   2.750600e-16   393650
  5.516038e-01   1.670869e-13   1.840588e-03   2.635517e-16   402704
  5.579656e-01   1.631471e-13   1.830970e-03   2.555002e-16   409910
  5.643320e-01   1.579938e-13   1.843407e-03   2.429668e-16   422024
  5.707212e-01   1.534145e-13   1.846526e-03   2.335486e-16   432176
  5.771022e-01   1.494344e-13   1.837404e-03   2.260487e-16   440066
  5.834769e-01   1.452551e-13   1.841263e-03   2.167345e-16   450680
  5.898365e-01   1.422881e-13   1.831084e-03   2.098829e-16   457856
  5.962115e-01   1.383830e-13   1.848347e-03   2.011316e-16   472538
  6.026013e-01   1.349350e-13   1.839689e-03   1.947213e-16   480140
  6.089752e-01   1.314478e-13   1.841279e-03   1.883228e-16   490842
  6.153517e-01   1.280838e-13   1.838382e-03   1.813733e-16   500744
  6.217295e-01   1.247104e-13   1.842392e-03   1.739871e-16   511856
  6.281145e-01   1.217878e-13   1.844734e-03   1.689329e-16   523202
  6.344991e-01   1.191743e-13   1.840396e-03   1.634543e-16   532688
  6.408638e-01   1.162420e-13   1.834541e-03   1.577912e-16   541520
  6.472341e-01   1.135006e-13   1.842653e-03   1.523515e-16   555110
  6.536136e-01   1.110025e-13   1.839126e-03   1.476463e-16   564944
  6.599884e-01   1.082995e-13   1.839832e-03   1.424613e-16   576434
  6.663740e-01   1.054061e-13   1.844405e-03   1.373291e-16   588848
  6.727501e-01   1.031711e-13   1.838623e-03   1.335313e-16   597704
  6.791236e-01   1.011309e-13   1.842386e-03   1.292369e-16   610946
  6.855006e-01   9.900240e-14   1.837794e-03   1.252057e-16   620852
  6.918722e-01   9.694336e-14   1.841901e-03   1.220882e-16   633530
  6.982524e-01   9.449179e-14   1.841844e-03   1.177645e-16   645704
  7.046316e-01   9.253866e-14   1.840565e-03   1.142412e-16   656744
  7.110074e-01   9.027708e-14   1.841941e-03   1.107459e-16   669162
  7.173906e-01   8.852076e-14   1.843286e-03   1.072196e-16   681992
  7.237681e-01   8.655993e-14   1.838959e-03   1.045801e-16   692360
  7.301485e-01   8.474720e-14   1.844364e-03   1.010308e-16   707006
  7.365206e-01   8.275459e-14   1.834135e-03   9.816545e-17   714944
  7.428835e-01   8.172467e-14   1.841775e-03   9.540842e-17   730346
  7.492606e-01   7.966346e-14   1.838962e-03   9.218805e-17   742616
  7.556415e-01   7.832449e-14   1.843530e-03   9.022642e-17   756536
  7.620128e-01   7.687514e-14   1.836595e-03   8.804093e-17   766418
  7.683917e-01   7.524275e-14   1.845753e-03   8.497674e-17   783392
  7.747614e-01   7.383642e-14   1.833632e-03   8.303867e-17   790412
  7.811334e-01   7.245710e-14   1.848120e-03   8.050706e-17   810314
  7.875277e-01   7.111519e-14   1.843702e-03   7.858906e-17   821960
  7.938987e-01   6.950287e-14   1.834976e-03   7.639737e-17   831266
  8.002712e-01   6.831540e-14   1.843706e-03   7.421192e-17   848960
  8.066557e-01   6.682993e-14   1.842629e-03   7.213149e-17   861488
  8.130204e-01   6.568013e-14   1.833334e-03   7.046918e-17   871194
  8.193985e-01   6.451244e-14   1.847247e-03   6.818226e-17   891788
  8.257796e-01   6.334874e-14   1.838008e-03   6.685651e-17   900416
  8.321422e-01   6.235235e-14   1.836250e-03   6.518417e-17   914306
  8.385264e-01   6.122087e-14   1.847988e-03   6.350866e-17   933992
  8.449011e-01   5.993498e-14   1.834294e-03   6.203989e-17   940826
  8.512701e-01   5.913643e-14   1.842364e-03   6.036575e-17   960224
  8.576621e-01   5.793937e-14   1.846556e-03   5.871241e-17   976316
  8.640381e-01   5.690677e-14   1.835724e-03   5.750460e-17   985010
  8.704114e-01   5.592645e-14   1.843336e-03   5.594722e-17   1004024
  8.767898e-01   5.493203e-14   1.839706e-03   5.447898e-17   1016288
  8.831639e-01   5.417964e-14   1.840690e-03   5.343289e-17   1032290
  8.895470e-01   5.322358e-14   1.843156e-03   5.207497e-17   1048640
  8.959130e-01   5.233317e-14   1.831919e-03   5.099317e-17   1057250
  9.022937e-01   5.144275e-14   1.849588e-03   4.947190e-17   1083140
  9.086870e-01   5.055866e-14   1.840763e-03   4.848072e-17   1092248
  9.150555e-01   4.970728e-14   1.837510e-03   4.725988e-17   1105914
  9.214310e-01   4.886623e-14   1.841822e-03   4.625834e-17   1124744
  9.278120e-01   4.811582e-14   1.841202e-03   4.509433e-17   1139120
  9.341841e-01   4.735917e-14   1.838536e-03   4.412525e-17   1153490
  9.405650e-01   4.655389e-14   1.844187e-03   4.298359e-17   1172936
  9.469357e-01   4.583050e-14   1.834491e-03   4.224300e-17   1182158
  9.533110e-01   4.500442e-14   1.846126e-03   4.107082e-17   1206392
  9.596894e-01   4.449529e-14   1.835525e-03   4.032926e-17   1215224
  9.660641e-01   4.370218e-14   1.844936e-03   3.936412e-17   1237874
  9.724505e-01   4.295542e-14   1.841050e-03   3.852799e-17   1251800
  9.788233e-01   4.235525e-14   1.838619e-03   3.765038e-17   1265792
  9.851993e-01   4.177475e-14   1.843109e-03   3.692811e-17   1286306
  9.915793e-01   4.110747e-14   1.838809e-03   3.612781e-17   1299764
  9.979438e-01   4.042485e-14   1.836769e-03   3.530778e-17   1314554
  1.004319e+00   3.983848e-14   1.843595e-03   3.457983e-17   1337288
  1.010703e+00   3.920692e-14   1.840912e-03   3.378286e-17   1351304
  1.017077e+00   3.870148e-14   1.841769e-03   3.307535e-17   1369026
  1.023461e+00   3.807905e-14   1.843478e-03   3.232006e-17   1388456
  1.029842e+00   3.760436e-14   1.840406e-03   3.182253e-17   1402700
  1.036211e+00   3.688198e-14   1.837802e-03   3.108140e-17   1418282
  1.042587e+00   3.645419e-14   1.843596e-03   3.048076e-17   1440272
  1.048964e+00   3.586732e-14   1.838705e-03   2.974687e-17   1454114
  1.055341e+00   3.536266e-14   1.842603e-03   2.921211e-17   1475480
  1.061720e+00   3.487298e-14   1.840520e-03   2.862165e-17   1490936
  1.068091e+00   3.437001e-14   1.838519e-03   2.808059e-17   1507826
  1.074472e+00   3.387375e-14   1.844275e-03   2.741234e-17   1530764
  1.080850e+00   3.341359e-14   1.839052e-03   2.697670e-17   1543424
  1.087222e+00   3.293759e-14   1.841688e-03   2.638107e-17   1564946
  1.093594e+00   3.246267e-14   1.835875e-03   2.588759e-17   1578536
  1.099970e+00   3.197444e-14   1.845670e-03   2.524492e-17   1604882
  1.106358e+00   3.158309e-14   1.842454e-03   2.484807e-17   1621304
  1.112736e+00   3.110012e-14   1.839545e-03   2.435629e-17   1637024
  1.119103e+00   3.073678e-14   1.837794e-03   2.395665e-17   1654134
  1.125480e+00   3.034977e-14   1.844256e-03   2.346680e-17   1679168
  1.131864e+00   2.994860e-14   1.841903e-03   2.304957e-17   1695944
  1.138235e+00   2.949511e-14   1.836568e-03   2.261507e-17   1710602
  1.144612e+00   2.911189e-14   1.844777e-03   2.215318e-17   1737056
  1.150994e+00   2.865045e-14   1.840390e-03   2.169410e-17   1752602
  1.157370e+00   2.832070e-14   1.839227e-03   2.130944e-17   1772024
  1.163752e+00   2.793237e-14   1.844090e-03   2.087577e-17   1795364
  1.170126e+00   2.755467e-14   1.836467e-03   2.052928e-17   1807634
  1.176490e+00   2.724819e-14   1.836183e-03   2.019388e-17   1827608
  1.182859e+00   2.687978e-14   1.840789e-03   1.977027e-17   1850984
  1.189240e+00   2.654736e-14   1.844107e-03   1.945126e-17   1874618
  1.195619e+00   2.615725e-14   1.838445e-03   1.905992e-17   1889504
  1.202001e+00   2.580444e-14   1.845373e-03   1.865044e-17   1916870
  1.208383e+00   2.548346e-14   1.838254e-03   1.838864e-17   1929728
  1.214760e+00   2.515608e-14   1.843674e-03   1.803305e-17   1955408
  1.221131e+00   2.484984e-14   1.834427e-03   1.777888e-17   1966842
  1.227503e+00   2.451887e-14   1.843005e-03   1.740743e-17   1996640
  1.233886e+00   2.421117e-14   1.842690e-03   1.708136e-17   2016392
  1.240265e+00   2.395689e-14   1.839730e-03   1.682884e-17   2034722
  1.246641e+00   2.370247e-14   1.840813e-03   1.657383e-17   2056460
  1.253014e+00   2.329150e-14   1.838931e-03   1.620038e-17   2075186
  1.259388e+00   2.301067e-14   1.840566e-03   1.589509e-17   2099096
  1.265761e+00   2.273385e-14   1.837910e-03   1.568039e-17   2116832
  1.272138e+00   2.245296e-14   1.844119e-03   1.536401e-17   2145146
  1.278526e+00   2.221564e-14   1.844128e-03   1.514463e-17   2166776
  1.284904e+00   2.192713e-14   1.838822e-03   1.486732e-17   2181848
  1.291273e+00   2.165195e-14   1.838785e-03   1.464858e-17   2203766
  1.297646e+00   2.135156e-14   1.840619e-03   1.433782e-17   2227664
  1.304025e+00   2.115172e-14   1.842381e-03   1.412675e-17   2252138
  1.310403e+00   2.087462e-14   1.839825e-03   1.391193e-17   2271152
  1.316777e+00   2.064429e-14   1.840536e-03   1.367123e-17   2293256
  1.323154e+00   2.038188e-14   1.842085e-03   1.344149e-17   2318130
  1.329536e+00   2.009557e-14   1.841956e-03   1.318482e-17   2340824
  1.335910e+00   1.991602e-14   1.838342e-03   1.299638e-17   2357990
  1.342292e+00   1.964125e-14   1.846396e-03   1.272826e-17   2391176
  1.348671e+00   1.938189e-14   1.837209e-03   1.255732e-17   2401808
  1.355040e+00   1.917059e-14   1.840258e-03   1.233217e-17   2428442
  1.361418e+00   1.896166e-14   1.842645e-03   1.216393e-17   2454752
  1.367798e+00   1.873526e-14   1.841270e-03   1.194857e-17   2475872
  1.374172e+00   1.851660e-14   1.838763e-03   1.176883e-17   2495822
  1.380543e+00   1.832118e-14   1.839940e-03   1.157664e-17   2520248
  1.386922e+00   1.811015e-14   1.844043e-03   1.137740e-17   2549186
  1.393299e+00   1.787477e-14   1.837661e-03   1.118940e-17   2564768
  1.399672e+00   1.767006e-14   1.841284e-03   1.102611e-17   2592968
  1.406054e+00   1.748557e-14   1.843378e-03   1.083730e-17   2619818
  1.412431e+00   1.728136e-14   1.838027e-03   1.067818e-17   2636384
  1.418803e+00   1.708142e-14   1.840293e-03   1.051122e-17   2662220
  1.425180e+00   1.690537e-14   1.842524e-03   1.032722e-17   2689770
  1.431560e+00   1.670974e-14   1.840994e-03   1.018251e-17   2712296
  1.437933e+00   1.652994e-14   1.838431e-03   1.002997e-17   2732618
  1.444312e+00   1.630584e-14   1.843932e-03   9.832247e-18   2765264
  1.450695e+00   1.613677e-14   1.840894e-03   9.709431e-18   2784824
  1.457066e+00   1.595769e-14   1.837138e-03   9.557020e-18   2804162
  1.463445e+00   1.579024e-14   1.844971e-03   9.392410e-18   2840612
  1.469825e+00   1.559158e-14   1.839130e-03   9.267361e-18   2855576
  1.476198e+00   1.541723e-14   1.840533e-03   9.110254e-18   2883458
  1.482571e+00   1.525374e-14   1.838217e-03   8.988912e-18   2904128
  1.488946e+00   1.507473e-14   1.843378e-03   8.833531e-18   2937026
  1.495325e+00   1.493055e-14   1.839218e-03   8.722648e-18   2956976
  1.501703e+00   1.476184e-14   1.841967e-03   8.587679e-18   2986472
  1.508082e+00   1.460010e-14   1.840166e-03   8.461468e-18   3008918
  1.514460e+00   1.442059e-14   1.841773e-03   8.317544e-18   3036752
  1.520836e+00   1.426658e-14   1.839884e-03   8.184130e-18   3058376
  1.527209e+00   1.411180e-14   1.839616e-03   8.078802e-18   3084210
  1.533583e+00   1.395564e-14   1.840948e-03   7.937272e-18   3111848
  1.539960e+00   1.381459e-14   1.841348e-03   7.838078e-18   3138890
  1.546339e+00   1.366055e-14   1.840626e-03   7.715032e-18   3164516
  1.552719e+00   1.352510e-14   1.842638e-03   7.600636e-18   3192656
  1.559097e+00   1.336163e-14   1.840555e-03   7.498143e-18   3215618
  1.565473e+00   1.321832e-14   1.840732e-03   7.380368e-18   3242888
  1.571846e+00   1.307278e-14   1.839114e-03   7.269164e-18   3265448
  1.578224e+00   1.293738e-14   1.843575e-03   7.169282e-18   3300842
  1.584604e+00   1.280220e-14   1.839884e-03   7.063892e-18   3321008
  1.590977e+00   1.265076e-14   1.839336e-03   6.954288e-18   3346406
  1.597352e+00   1.252658e-14   1.841596e-03   6.845845e-18   3377984
  1.603728e+00   1.239170e-14   1.839551e-03   6.759688e-18   3400352
  1.610103e+00   1.225460e-14   1.841321e-03   6.649474e-18   3431450
  1.616483e+00   1.213591e-14   1.841519e-03   6.564549e-18   3458768
  1.622859e+00   1.201960e-14   1.841183e-03   6.478508e-18   3484088
  1.629231e+00   1.189016e-14   1.838425e-03   6.381743e-18   3508218
  1.635610e+00   1.176920e-14   1.843946e-03   6.286534e-18   3545924
  1.641992e+00   1.164802e-14   1.841053e-03   6.197578e-18   3567530
  1.648369e+00   1.151870e-14   1.840183e-03   6.111469e-18   3595040
  1.654744e+00   1.139745e-14   1.840167e-03   6.032302e-18   3621176
  1.661115e+00   1.127713e-14   1.839521e-03   5.944795e-18   3647738
  1.667490e+00   1.116010e-14   1.841438e-03   5.864141e-18   3680480
  1.673870e+00   1.104990e-14   1.842082e-03   5.771639e-18   3709712
  1.680248e+00   1.093143e-14   1.840008e-03   5.696059e-18   3734702
  1.686623e+00   1.080377e-14   1.840362e-03   5.603383e-18   3762776
  1.692996e+00   1.069342e-14   1.839854e-03   5.525425e-18   3790514
  1.699371e+00   1.058587e-14   1.839908e-03   5.449077e-18   3820352
  1.705752e+00   1.048543e-14   1.844068e-03   5.378574e-18   3856016
  1.712131e+00   1.036432e-14   1.839690e-03   5.305957e-18   3876818
  1.718506e+00   1.026126e-14   1.839874e-03   5.220515e-18   3906332
  1.724882e+00   1.016601e-14   1.841963e-03   5.154657e-18   3938216
  1.731260e+00   1.005132e-14   1.840685e-03   5.080613e-18   3966354
  1.737636e+00   9.964900e-15   1.839695e-03   5.022349e-18   3993536
  1.744011e+00   9.842303e-15   1.840344e-03   4.941386e-18   4024034
  1.750392e+00   9.757375e-15   1.843071e-03   4.877540e-18   4060208
  1.756773e+00   9.651540e-15   1.840812e-03   4.808132e-18   4083632
  1.763145e+00   9.560426e-15   1.837811e-03   4.752657e-18   4107062
  1.769521e+00   9.470092e-15   1.842771e-03   4.682407e-18   4148072
  1.775893e+00   9.367408e-15   1.836707e-03   4.624017e-18   4163456
  1.782267e+00   9.273029e-15   1.842476e-03   4.551718e-18   4207994
  1.788652e+00   9.183322e-15   1.843367e-03   4.491889e-18   4239152
  1.795029e+00   9.076379e-15   1.839132e-03   4.433370e-18   4259426
  1.801407e+00   9.001411e-15   1.842524e-03   4.373738e-18   4299488
  1.807788e+00   8.908325e-15   1.840660e-03   4.319745e-18   4323692
  1.814162e+00   8.815342e-15   1.840093e-03   4.258647e-18   4353242
  1.820541e+00   8.726646e-15   1.841694e-03   4.200542e-18   4388792
  1.826915e+00   8.648265e-15   1.838387e-03   4.153434e-18   4409912
  1.833288e+00   8.555413e-15   1.841592e-03   4.086673e-18   4449282
  1.839667e+00   8.467845e-15   1.840784e-03   4.031582e-18   4478504
  1.846041e+00   8.377634e-15   1.839106e-03   3.978697e-18   4505882
  1.852417e+00   8.300005e-15   1.841020e-03   3.930166e-18   4542044
  1.858793e+00   8.223017e-15   1.840344e-03   3.881464e-18   4569608
  1.865169e+00   8.140717e-15   1.841195e-03   3.823307e-18   4604426
  1.871550e+00   8.057363e-15   1.842311e-03   3.774478e-18   4638896
  1.877925e+00   7.976678e-15   1.838827e-03   3.729237e-18   4660088
  1.884299e+00   7.904028e-15   1.841797e-03   3.676517e-18   4701290
  1.890678e+00   7.828339e-15   1.840619e-03   3.630925e-18   4729292
  1.897054e+00   7.758995e-15   1.841565e-03   3.586803e-18   4762706
  1.903435e+00   7.669464e-15   1.842610e-03   3.530993e-18   4799336
  1.909810e+00   7.599214e-15   1.837970e-03   3.493747e-18   4818680
  1.916185e+00   7.518056e-15   1.842882e-03   3.442091e-18   4863962
  1.922563e+00   7.444921e-15   1.839027e-03   3.401501e-18   4886216
  1.928938e+00   7.379551e-15   1.841692e-03   3.355844e-18   4925360
  1.935312e+00   7.308385e-15   1.838487e-03   3.314578e-18   4950198
  1.941682e+00   7.227176e-15   1.839228e-03   3.270890e-18   4983776
  1.948062e+00   7.161949e-15   1.844717e-03   3.223123e-18   5032058
  1.954444e+00   7.089688e-15   1.839748e-03   3.185519e-18   5052296
  1.960816e+00   7.020992e-15   1.839118e-03   3.143154e-18   5081048
  1.967192e+00   6.963800e-15   1.843475e-03   3.104162e-18   5127146
  1.973574e+00   6.890124e-15   1.841069e-03   3.064358e-18   5155376
  1.979948e+00   6.823856e-15   1.838766e-03   3.030299e-18   5181068
  1.986324e+00   6.759404e-15   1.842536e-03   2.990885e-18   5225906
  1.992703e+00   6.685289e-15   1.840301e-03   2.945302e-18   5253224
  1.999075e+00   6.629053e-15   1.838471e-03   2.914712e-18   5281154
  2.005453e+00   6.566469e-15   1.843666e-03   2.875849e-18   5330336
  2.011834e+00   6.498380e-15   1.840278e-03   2.839561e-18   5354120
  2.018204e+00   6.439454e-15   1.837177e-03   2.804211e-18   5380154
  2.024582e+00   6.379866e-15   1.844004e-03   2.765868e-18   5433740
  2.030964e+00   6.312986e-15   1.841066e-03   2.734019e-18   5458202
  2.037337e+00   6.256963e-15   1.838473e-03   2.700772e-18   5486424
  2.043713e+00   6.203124e-15   1.842073e-03   2.666266e-18   5530640
  2.050092e+00   6.138332e-15   1.840865e-03   2.631163e-18   5561162
  2.056472e+00   6.081803e-15   1.842354e-03   2.599204e-18   5601512
  2.062848e+00   6.018633e-15   1.838550e-03   2.570274e-18   5623244
  2.069220e+00   5.970729e-15   1.840849e-03   2.537617e-18   5665346
  2.075598e+00   5.908567e-15   1.841113e-03   2.503187e-18   5702384
  2.081975e+00   5.857448e-15   1.840298e-03   2.478482e-18   5734706
  2.088353e+00   5.793644e-15   1.841301e-03   2.440045e-18   5773184
  2.094733e+00   5.742982e-15   1.841946e-03   2.411845e-18   5809568
  2.101105e+00   5.689937e-15   1.837552e-03   2.386817e-18   5831090
  2.107479e+00   5.637924e-15   1.842206e-03   2.353168e-18   5881964
  2.113859e+00   5.581887e-15   1.841213e-03   2.324492e-18   5913416
  2.120238e+00   5.525815e-15   1.841923e-03   2.293908e-18   5952290
  2.126616e+00   5.475591e-15   1.839865e-03   2.271437e-18   5981144
  2.132988e+00   5.427537e-15   1.839742e-03   2.244119e-18   6015290
  2.139364e+00   5.376726e-15   1.841927e-03   2.212799e-18   6059664
  2.145743e+00   5.323039e-15   1.840799e-03   2.186348e-18   6092336
  2.152122e+00   5.275800e-15   1.842086e-03   2.160390e-18   6132806
  2.158501e+00   5.227051e-15   1.841321e-03   2.134115e-18   6166832
  2.164873e+00   5.174883e-15   1.837443e-03   2.108900e-18   6189272
  2.171243e+00   5.128711e-15   1.841004e-03   2.084261e-18   6238154
  2.177621e+00   5.080242e-15   1.841080e-03   2.058279e-18   6275288
  2.184000e+00   5.034726e-15   1.842241e-03   2.034395e-18   6316322
  2.190379e+00   4.983179e-15   1.840641e-03   2.008002e-18   6348488
  2.196756e+00   4.938307e-15   1.841212e-03   1.985984e-18   6385868
  2.203134e+00   4.893390e-15   1.841850e-03   1.959954e-18   6425378
  2.209510e+00   4.850375e-15   1.839408e-03   1.937976e-18   6455360
  2.215886e+00   4.799479e-15   1.841392e-03   1.911847e-18   6498176
  2.222261e+00   4.760402e-15   1.840198e-03   1.890441e-18   6531674
  2.228637e+00   4.717935e-15   1.841209e-03   1.869347e-18   6573368
  2.235015e+00   4.672546e-15   1.841417e-03   1.845555e-18   6611246
  2.241392e+00   4.631818e-15   1.840803e-03   1.826771e-18   6647424
  2.247770e+00   4.581873e-15   1.841365e-03   1.800767e-18   6687488
  2.254147e+00   4.547663e-15   1.839919e-03   1.786023e-18   6721250
  2.260520e+00   4.501295e-15   1.839077e-03   1.760198e-18   6755816
  2.266897e+00   4.463637e-15   1.842933e-03   1.742114e-18   6806504
  2.273276e+00   4.425668e-15   1.840584e-03   1.719530e-18   6837506
  2.279651e+00   4.383285e-15   1.839474e-03   1.701490e-18   6871556
  2.286030e+00   4.345934e-15   1.843489e-03   1.680280e-18   6924938
  2.292407e+00   4.302889e-15   1.838210e-03   1.663263e-18   6945320
  2.298778e+00   4.261609e-15   1.839118e-03   1.641948e-18   6986072
  2.305158e+00   4.224524e-15   1.844888e-03   1.619652e-18   7046642
  2.311538e+00   4.183891e-15   1.838415e-03   1.602870e-18   7061168
  2.317910e+00   4.143041e-15   1.840538e-03   1.582982e-18   7108064
  2.324288e+00   4.112939e-15   1.841488e-03   1.564219e-18   7151822
  2.330666e+00   4.074196e-15   1.840837e-03   1.547144e-18   7187600
  2.337045e+00   4.032703e-15   1.841819e-03   1.528233e-18   7231418
  2.343420e+00   4.001962e-15   1.838266e-03   1.513940e-18   7257912
  2.349793e+00   3.959606e-15   1.841246e-03   1.493772e-18   7307840
  2.356171e+00   3.927121e-15   1.840707e-03   1.478334e-18   7346618
  2.362545e+00   3.893446e-15   1.838315e-03   1.461619e-18   7376552
  2.368920e+00   3.853911e-15   1.842635e-03   1.442283e-18   7431740
  2.375299e+00   3.824725e-15   1.840580e-03   1.428928e-18   7464458
  2.381675e+00   3.790289e-15   1.840724e-03   1.411940e-18   7505672
  2.388054e+00   3.750801e-15   1.841875e-03   1.395555e-18   7550906
  2.394430e+00   3.719990e-15   1.839274e-03   1.378231e-18   7580720
  2.400808e+00   3.684597e-15   1.843124e-03   1.361315e-18   7635944
  2.407183e+00   3.653450e-15   1.837385e-03   1.349411e-18   7653254
  2.413557e+00   3.619928e-15   1.842500e-03   1.331759e-18   7714712
  2.419937e+00   3.586890e-15   1.841714e-03   1.316631e-18   7751840
  2.426315e+00   3.554866e-15   1.840093e-03   1.300846e-18   7788170
  2.432690e+00   3.523219e-15   1.840288e-03   1.286555e-18   7828544
  2.439067e+00   3.488438e-15   1.841589e-03   1.270811e-18   7874474
  2.445442e+00   3.457685e-15   1.838917e-03   1.258550e-18   7906032
  2.451817e+00   3.427780e-15   1.841643e-03   1.243356e-18   7957580
  2.458195e+00   3.398118e-15   1.840967e-03   1.229894e-18   7995962
  2.464573e+00   3.366407e-15   1.841319e-03   1.215144e-18   8038976
  2.470951e+00   3.338370e-15   1.841937e-03   1.203768e-18   8082320
  2.477329e+00   3.307326e-15   1.840784e-03   1.189364e-18   8120450
  2.483701e+00   3.281032e-15   1.838200e-03   1.177760e-18   8150312
  2.490075e+00   3.251636e-15   1.842025e-03   1.162618e-18   8210450
  2.496455e+00   3.221979e-15   1.840554e-03   1.149793e-18   8246732
  2.502832e+00   3.192260e-15   1.841458e-03   1.136184e-18   8290256
  2.509210e+00   3.162715e-15   1.841232e-03   1.123610e-18   8333306
  2.515587e+00   3.136272e-15   1.840510e-03   1.111241e-18   8372312
  2.521962e+00   3.107271e-15   1.840644e-03   1.098385e-18   8413472
  2.528337e+00   3.081537e-15   1.840038e-03   1.088631e-18   8455634
  2.534714e+00   3.055318e-15   1.841410e-03   1.075263e-18   8503736
  2.541090e+00   3.027697e-15   1.840703e-03   1.063919e-18   8542814
  2.547468e+00   3.000590e-15   1.841283e-03   1.051154e-18   8589960
  2.553847e+00   2.971235e-15   1.841675e-03   1.039018e-18   8633912
  2.560223e+00   2.948128e-15   1.839336e-03   1.029417e-18   8666690
  2.566599e+00   2.923615e-15   1.842209e-03   1.017137e-18   8722544
  2.572977e+00   2.898030e-15   1.840585e-03   1.007168e-18   8758112
  2.579352e+00   2.874397e-15   1.839548e-03   9.971193e-19   8798750
  2.585728e+00   2.844837e-15   1.841277e-03   9.841423e-19   8848808
  2.592104e+00   2.821331e-15   1.840251e-03   9.739543e-19   8889170
  2.598481e+00   2.797193e-15   1.840227e-03   9.636729e-19   8934608
  2.604856e+00   2.773543e-15   1.839643e-03   9.537729e-19   8971640
  2.611232e+00   2.748507e-15   1.842388e-03   9.433348e-19   9029954
  2.617612e+00   2.722441e-15   1.840920e-03   9.324555e-19   9067856
  2.623987e+00   2.700224e-15   1.839672e-03   9.231823e-19   9104444
  2.630367e+00   2.677747e-15   1.843923e-03   9.124223e-19   9171242
  2.636745e+00   2.654128e-15   1.838017e-03   9.038232e-19   9185528
  2.643114e+00   2.631802e-15   1.839022e-03   8.937953e-19   9235394
  2.649494e+00   2.610787e-15   1.844050e-03   8.841044e-19   9305688
  2.655872e+00   2.586276e-15   1.838662e-03   8.750858e-19   9321824
  2.662249e+00   2.564043e-15   1.843226e-03   8.646400e-19   9392090
  2.668628e+00   2.540392e-15   1.839001e-03   8.562913e-19   9414332
  2.675000e+00   2.520480e-15   1.840415e-03   8.470260e-19   9465410
  2.681380e+00   2.499997e-15   1.842364e-03   8.388467e-19   9523760
  2.687758e+00   2.474934e-15   1.839771e-03   8.289500e-19   9553832
  2.694133e+00   2.453661e-15   1.840855e-03   8.189976e-19   9604298
  2.700510e+00   2.435311e-15   1.840893e-03   8.119201e-19   9651176
  2.706885e+00   2.413100e-15   1.839603e-03   8.032807e-19   9687704
  2.713262e+00   2.393906e-15   1.842393e-03   7.947237e-19   9748574
  2.719643e+00   2.374106e-15   1.842290e-03   7.862411e-19   9794624
  2.726015e+00   2.353234e-15   1.836766e-03   7.785876e-19   9811370
  2.732389e+00   2.332207e-15   1.842921e-03   7.697172e-19   9891320
  2.738770e+00   2.314334e-15   1.841218e-03   7.634346e-19   9926024
  2.745146e+00   2.292658e-15   1.840208e-03   7.542261e-19   9967586
  2.751522e+00   2.271912e-15   1.840755e-03   7.461123e-19   10018116
  2.757897e+00   2.255072e-15   1.840456e-03   7.392052e-19   10060280
  2.764274e+00   2.235633e-15   1.841667e-03   7.310689e-19   10115450
  2.770654e+00   2.215799e-15   1.841837e-03   7.224710e-19   10164368
  2.777028e+00   2.198308e-15   1.838094e-03   7.169186e-19   10188314
  2.783404e+00   2.179582e-15   1.843290e-03   7.081141e-19   10265168
  2.789784e+00   2.161707e-15   1.840160e-03   7.019701e-19   10294448
  2.796159e+00   2.143491e-15   1.840640e-03   6.949703e-19   10343918
  2.802537e+00   2.125300e-15   1.841730e-03   6.872528e-19   10397600
  2.808913e+00   2.106893e-15   1.840311e-03   6.795742e-19   10435328
  2.815285e+00   2.089774e-15   1.838957e-03   6.741575e-19   10476698
  2.821661e+00   2.072119e-15   1.842237e-03   6.661381e-19   10543184
  2.828039e+00   2.055894e-15   1.839935e-03   6.597547e-19   10577834
  2.834417e+00   2.037359e-15   1.842252e-03   6.528858e-19   10641560
  2.840795e+00   2.020667e-15   1.839115e-03   6.471783e-19   10668452
  2.847169e+00   2.005385e-15   1.841467e-03   6.409563e-19   10729634
  2.853544e+00   1.986207e-15   1.839115e-03   6.335116e-19   10766520
  2.859920e+00   1.971196e-15   1.841423e-03   6.273325e-19   10825856
  2.866300e+00   1.954694e-15   1.842253e-03   6.211912e-19   10880090
  2.872679e+00   1.938060e-15   1.840348e-03   6.145610e-19   10918088
  2.879054e+00   1.921279e-15   1.840274e-03   6.084789e-19   10964474
  2.885431e+00   1.906826e-15   1.841464e-03   6.029590e-19   11021180
  2.891809e+00   1.892026e-15   1.840637e-03   5.971466e-19   11064248
  2.898185e+00   1.876907e-15   1.840651e-03   5.914611e-19   11114234
  2.904565e+00   1.858356e-15   1.842174e-03   5.840607e-19   11172872
  2.910943e+00   1.844673e-15   1.840078e-03   5.789453e-19   11206880
  2.917314e+00   1.830653e-15   1.838484e-03   5.750555e-19   11248130
  2.923689e+00   1.816134e-15   1.841523e-03   5.685321e-19   11316140
  2.930066e+00   1.800112e-15   1.840085e-03   5.630051e-19   11355554
  2.936443e+00   1.785402e-15   1.841835e-03   5.578543e-19   11417840
  2.942822e+00   1.770375e-15   1.840319e-03   5.520548e-19   11456528
  2.949199e+00   1.756989e-15   1.841526e-03   5.467590e-19   11512874
  2.955576e+00   1.742381e-15   1.840486e-03   5.410140e-19   11557272
  2.961950e+00   1.729778e-15   1.839582e-03   5.367542e-19   11600360
  2.968326e+00   1.714925e-15   1.841593e-03   5.314456e-19   11663678
  2.974703e+00   1.702077e-15   1.840371e-03   5.265043e-19   11705552
  2.981079e+00   1.687356e-15   1.840912e-03   5.215972e-19   11758658
  2.987457e+00   1.674566e-15   1.841605e-03   5.160814e-19   11815208
  2.993836e+00   1.661360e-15   1.841556e-03   5.118610e-19   11864000
  3.000212e+00   1.647435e-15   1.839938e-03   5.066230e-19   11904962
  3.006589e+00   1.636422e-15   1.840973e-03   5.028989e-19   11963696
  3.012966e+00   1.620788e-15   1.840866e-03   4.970223e-19   12011132
  3.019341e+00   1.608585e-15   1.840389e-03   4.923550e-19   12059450
  3.025718e+00   1.597672e-15   1.841438e-03   4.884313e-19   12118280
  3.032095e+00   1.582851e-15   1.840188e-03   4.829432e-19   12160562
  3.038470e+00   1.571724e-15   1.840247e-03   4.794912e-19   12212768
  3.044846e+00   1.558370e-15   1.841220e-03   4.745792e-19   12269504
  3.051223e+00   1.547050e-15   1.840948e-03   4.708551e-19   12319370
  3.057600e+00   1.534468e-15   1.840852e-03   4.664064e-19   12370140
  3.063975e+00   1.521681e-15   1.840437e-03   4.617556e-19   12417752
  3.070352e+00   1.512493e-15   1.841133e-03   4.585331e-19   12476882
  3.076731e+00   1.499191e-15   1.841502e-03   4.538363e-19   12530816
  3.083108e+00   1.487256e-15   1.840958e-03   4.493337e-19   12577658
  3.089485e+00   1.476613e-15   1.840591e-03   4.457276e-19   12629288
  3.095862e+00   1.465682e-15   1.841067e-03   4.417436e-19   12683828
  3.102237e+00   1.454244e-15   1.839537e-03   4.378542e-19   12725354
  3.108612e+00   1.443287e-15   1.841269e-03   4.338787e-19   12790616
  3.114989e+00   1.431059e-15   1.840010e-03   4.296705e-19   12833768
  3.121365e+00   1.421892e-15   1.841117e-03   4.267536e-19   12894194
  3.127743e+00   1.410806e-15   1.841676e-03   4.229525e-19   12950240
  3.134122e+00   1.400345e-15   1.840849e-03   4.195033e-19   12998714
  3.140498e+00   1.389622e-15   1.840244e-03   4.163835e-19   13048100
  3.146876e+00   1.378008e-15   1.841732e-03   4.117630e-19   13109120
  3.153254e+00   1.368789e-15   1.841032e-03   4.087020e-19   13158506
  3.159627e+00   1.359131e-15   1.838302e-03   4.060288e-19   13193040
  3.166002e+00   1.348689e-15   1.841969e-03   4.018810e-19   13271072
  3.172380e+00   1.339242e-15   1.840294e-03   3.991721e-19   13314242
  3.178754e+00   1.329506e-15   1.839703e-03   3.956883e-19   13363808
  3.185133e+00   1.319777e-15   1.842485e-03   3.921444e-19   13436822
  3.191512e+00   1.308982e-15   1.840487e-03   3.889090e-19   13476080
  3.197887e+00   1.300161e-15   1.840204e-03   3.860176e-19   13527296
  3.204264e+00   1.289774e-15   1.841161e-03   3.824650e-19   13589498
  3.210638e+00   1.281417e-15   1.838626e-03   3.800058e-19   13623704
  3.217016e+00   1.270745e-15   1.844054e-03   3.755752e-19   13717280
  3.223396e+00   1.263714e-15   1.839294e-03   3.736866e-19   13737914
  3.229770e+00   1.253450e-15   1.840743e-03   3.704254e-19   13801772
  3.236147e+00   1.244556e-15   1.841678e-03   3.669866e-19   13864298
  3.242524e+00   1.236428e-15   1.839451e-03   3.650159e-19   13904216
  3.248899e+00   1.227299e-15   1.840700e-03   3.620527e-19   13966064
  3.255276e+00   1.218896e-15   1.841492e-03   3.592410e-19   14027042
  3.261651e+00   1.209983e-15   1.838676e-03   3.565080e-19   14061048
  3.268027e+00   1.201249e-15   1.842396e-03   3.534629e-19   14143820
  3.274405e+00   1.193568e-15   1.840137e-03   3.513749e-19   14182442
  3.280782e+00   1.185005e-15   1.841285e-03   3.484577e-19   14245568
  3.287160e+00   1.177225e-15   1.841226e-03   3.459671e-19   14301338
  3.293537e+00   1.169035e-15   1.840394e-03   3.436082e-19   14350064
  3.299913e+00   1.160145e-15   1.841485e-03   3.405205e-19   14412488
  3.306292e+00   1.152646e-15   1.841397e-03   3.379680e-19   14470250
  3.312668e+00   1.145419e-15   1.839514e-03   3.361603e-19   14509484
  3.319039e+00   1.136870e-15   1.839618e-03   3.333312e-19   14564474
  3.325416e+00   1.129976e-15   1.842538e-03   3.309330e-19   14646632
  3.331795e+00   1.122653e-15   1.839978e-03   3.291085e-19   14681792
  3.338171e+00   1.115688e-15   1.841401e-03   3.267691e-19   14749946
  3.344548e+00   1.107876e-15   1.840482e-03   3.239637e-19   14799968
  3.350923e+00   1.100564e-15   1.839748e-03   3.223809e-19   14848808
  3.357300e+00   1.093200e-15   1.842276e-03   3.196449e-19   14925638
  3.363678e+00   1.086032e-15   1.840046e-03   3.177037e-19   14963016
  3.370053e+00   1.078935e-15   1.841263e-03   3.155135e-19   15031106
  3.376432e+00   1.073215e-15   1.841574e-03   3.136543e-19   15092384
  3.382808e+00   1.065019e-15   1.839899e-03   3.112695e-19   15132248
  3.389183e+00   1.059505e-15   1.841248e-03   3.098262e-19   15202322
  3.395560e+00   1.052561e-15   1.839985e-03   3.080893e-19   15250832
  3.401936e+00   1.045523e-15   1.841279e-03   3.056989e-19   15315692
  3.408315e+00   1.038821e-15   1.842099e-03   3.034494e-19   15382346
  3.414692e+00   1.032106e-15   1.839166e-03   3.017659e-19   15416024
  3.421065e+00   1.026825e-15   1.840590e-03   3.004220e-19   15483602
  3.427446e+00   1.020695e-15   1.843566e-03   2.980856e-19   15568424
  3.433825e+00   1.014456e-15   1.839187e-03   2.971318e-19   15589280
  3.440198e+00   1.008378e-15   1.839744e-03   2.949875e-19   15652502
  3.446575e+00   1.002066e-15   1.841959e-03   2.929698e-19   15728960
  3.452954e+00   9.958132e-16   1.840551e-03   2.912175e-19   15773168
  3.459328e+00   9.901868e-16   1.839940e-03   2.898522e-19   15828290
  3.465704e+00   9.845509e-16   1.840910e-03   2.880786e-19   15893184
  3.472081e+00   9.788170e-16   1.841157e-03   2.866697e-19   15954194
  3.478457e+00   9.737310e-16   1.839872e-03   2.855720e-19   16006016
  3.484831e+00   9.676191e-16   1.839639e-03   2.836389e-19   16058684
  3.491208e+00   9.621808e-16   1.842456e-03   2.821508e-19   16141898
  3.497590e+00   9.569203e-16   1.841864e-03   2.804215e-19   16197872
  3.503966e+00   9.521339e-16   1.839313e-03   2.797340e-19   16231640
  3.510341e+00   9.463896e-16   1.841313e-03   2.778267e-19   16310090
  3.516721e+00   9.418568e-16   1.841945e-03   2.764566e-19   16375136
  3.523097e+00   9.362596e-16   1.839457e-03   2.752286e-19   16412522
  3.529473e+00   9.317254e-16   1.841163e-03   2.743393e-19   16488308
  3.535850e+00   9.264377e-16   1.840616e-03   2.728486e-19   16539968
  3.542225e+00   9.215545e-16   1.839938e-03   2.715167e-19   16595714
  3.548602e+00   9.177395e-16   1.841625e-03   2.708521e-19   16671224
  3.554979e+00   9.123392e-16   1.840210e-03   2.695635e-19   16714064
  3.561354e+00   9.085856e-16   1.840955e-03   2.689493e-19   16783202
  3.567731e+00   9.037145e-16   1.840815e-03   2.670255e-19   16842504
  3.574108e+00   8.977617e-16   1.841084e-03   2.655870e-19   16904894
  3.580486e+00   8.949490e-16   1.841127e-03   2.652394e-19   16968656
  3.586865e+00   8.901078e-16   1.841521e-03   2.638641e-19   17030288
  3.593238e+00   8.858645e-16   1.838444e-03   2.630829e-19   17061482
  3.599615e+00   8.821932e-16   1.842988e-03   2.623230e-19   17164976
  3.605993e+00   8.777263e-16   1.840068e-03   2.611925e-19   17197184
  3.612368e+00   8.740169e-16   1.840756e-03   2.603696e-19   17267102
  3.618746e+00   8.699591e-16   1.841072e-03   2.596101e-19   17329928
  3.625121e+00   8.661819e-16   1.839901e-03   2.589634e-19   17378906
  3.631497e+00   8.626265e-16   1.841182e-03   2.579147e-19   17454776
  3.637873e+00   8.580557e-16   1.839972e-03   2.570801e-19   17501720
  3.644249e+00   8.547875e-16   1.842109e-03   2.562976e-19   17584826
  3.650631e+00   8.518241e-16   1.841819e-03   2.559515e-19   17646008
  3.657008e+00   8.477122e-16   1.840059e-03   2.550048e-19   17686412
  3.663381e+00   8.452892e-16   1.840228e-03   2.545702e-19   17751266
  3.669756e+00   8.411201e-16   1.840035e-03   2.538531e-19   17812848
  3.676130e+00   8.375676e-16   1.840074e-03   2.533970e-19   17874866
  3.682507e+00   8.352223e-16   1.841337e-03   2.528899e-19   17951720
  3.688886e+00   8.316031e-16   1.841134e-03   2.523757e-19   18009344
  3.695262e+00   8.288936e-16   1.840349e-03   2.521657e-19   18064730
  3.701640e+00   8.252820e-16   1.841339e-03   2.511569e-19   18137372
  3.708017e+00   8.225088e-16   1.840603e-03   2.510648e-19   18189632
  3.714392e+00   8.204640e-16   1.840457e-03   2.507729e-19   18254330
  3.720770e+00   8.166721e-16   1.841473e-03   2.501176e-19   18325808
  3.727148e+00   8.142304e-16   1.840737e-03   2.501564e-19   18379610
  3.733524e+00   8.121583e-16   1.840702e-03   2.501228e-19   18445760
  3.739901e+00   8.085433e-16   1.840479e-03   2.489290e-19   18504440
  3.746277e+00   8.057363e-16   1.840875e-03   2.486793e-19   18572198
  3.752657e+00   8.046086e-16   1.841895e-03   2.490443e-19   18647480
  3.759032e+00   8.016037e-16   1.838946e-03   2.490879e-19   18678152
  3.765406e+00   7.998926e-16   1.841061e-03   2.489911e-19   18764186
  3.771782e+00   7.940522e-16   1.840849e-03   2.468841e-19   18794103
  3.778158e+00   7.832764e-16   1.840297e-03   2.427418e-19   18760748
  3.784533e+00   7.720231e-16   1.840231e-03   2.384345e-19   18727940
  3.790912e+00   7.609179e-16   1.842073e-03   2.342822e-19   18712436
  3.797287e+00   7.502384e-16   1.838840e-03   2.301896e-19   18646616
  3.803663e+00   7.393166e-16   1.842455e-03   2.256591e-19   18651296
  3.810042e+00   7.294927e-16   1.840334e-03   2.221275e-19   18596096
  3.816418e+00   7.187983e-16   1.841121e-03   2.182914e-19   18571364
  3.822794e+00   7.091491e-16   1.839859e-03   2.146452e-19   18527096
  3.829170e+00   6.990899e-16   1.840846e-03   2.109014e-19   18501368
  3.835548e+00   6.903772e-16   1.841771e-03   2.077725e-19   18475040
  3.841927e+00   6.801359e-16   1.841481e-03   2.039696e-19   18439436
  3.848301e+00   6.714307e-16   1.838521e-03   2.010332e-19   18375752
  3.854674e+00   6.628451e-16   1.840584e-03   1.978012e-19   18361484
  3.861052e+00   6.538801e-16   1.842393e-03   1.944847e-19   18344504
  3.867430e+00   6.453454e-16   1.839817e-03   1.918679e-19   18284708
  3.873806e+00   6.368911e-16   1.841259e-03   1.884607e-19   18264048
  3.880183e+00   6.280524e-16   1.840629e-03   1.854600e-19   18220964
  3.886557e+00   6.202468e-16   1.839363e-03   1.827408e-19   18173528
  3.892935e+00   6.124373e-16   1.843046e-03   1.799673e-19   18173780
  3.899316e+00   6.043681e-16   1.841138e-03   1.774103e-19   18116660
  3.905693e+00   5.967555e-16   1.840842e-03   1.747865e-19   18078740
  3.912066e+00   5.892360e-16   1.838693e-03   1.722063e-19   18023108
  3.918439e+00   5.817139e-16   1.840734e-03   1.696831e-19   18005600
  3.924818e+00   5.744135e-16   1.842344e-03   1.670319e-19   17984552
  3.931198e+00   5.673851e-16   1.841062e-03   1.649196e-19   17934860
  3.937574e+00   5.600233e-16   1.840562e-03   1.625108e-19   17891468
  3.943950e+00   5.536192e-16   1.840945e-03   1.603719e-19   17857712
  3.950326e+00   5.465354e-16   1.840137e-03   1.580118e-19   17813108
  3.956702e+00   5.397424e-16   1.841074e-03   1.558476e-19   17784788
  3.963079e+00   5.334620e-16   1.840240e-03   1.538152e-19   17737268
  3.969455e+00   5.267614e-16   1.841773e-03   1.514957e-19   17713268
  3.975833e+00   5.209129e-16   1.840239e-03   1.497917e-19   17661912
  3.982208e+00   5.143990e-16   1.840290e-03   1.475471e-19   17622668
  3.988586e+00   5.081428e-16   1.842133e-03   1.454917e-19   17600552
  3.994964e+00   5.021781e-16   1.839951e-03   1.439341e-19   17542580
  4.001340e+00   4.963465e-16   1.840772e-03   1.417263e-19   17509112
  4.007717e+00   4.905210e-16   1.841501e-03   1.399213e-19   17475116
  4.014093e+00   4.847854e-16   1.839606e-03   1.381718e-19   17419964
  4.020469e+00   4.790358e-16   1.841433e-03   1.363616e-19   17397056
  4.026846e+00   4.738675e-16   1.840314e-03   1.349308e-19   17345336
  4.033223e+00   4.680011e-16   1.840964e-03   1.329978e-19   17310476
  4.039596e+00   4.625105e-16   1.838459e-03   1.314027e-19   17246360
  4.045972e+00   4.577098e-16   1.842582e-03   1.297018e-19   17244284
  4.052354e+00   4.520886e-16   1.842150e-03   1.279661e-19   17198240
  4.058731e+00   4.469074e-16   1.839271e-03   1.266371e-19   17130932
  4.065106e+00   4.419776e-16   1.841562e-03   1.249894e-19   17110040
  4.071484e+00   4.367072e-16   1.840722e-03   1.234580e-19   17058488
  4.077857e+00   4.323418e-16   1.839135e-03   1.222405e-19   17003664
  4.084233e+00   4.269863e-16   1.841446e-03   1.204547e-19   16983908
  4.090612e+00   4.225248e-16   1.841420e-03   1.191882e-19   16939220
  4.096989e+00   4.178480e-16   1.840515e-03   1.178822e-19   16888904
  4.103367e+00   4.134635e-16   1.841500e-03   1.165865e-19   16854920
  4.109743e+00   4.086807e-16   1.839861e-03   1.150533e-19   16795136
  4.116117e+00   4.044379e-16   1.840184e-03   1.138994e-19   16755860
  4.122495e+00   3.998786e-16   1.841913e-03   1.125174e-19   16729064
  4.128872e+00   3.953616e-16   1.840126e-03   1.111661e-19   16668260
  4.135248e+00   3.912024e-16   1.841092e-03   1.100043e-19   16631456
  4.141626e+00   3.873406e-16   1.841230e-03   1.089817e-19   16588208
  4.148001e+00   3.829616e-16   1.839635e-03   1.076473e-19   16531052
  4.154379e+00   3.790575e-16   1.842867e-03   1.064697e-19   16514456
  4.160755e+00   3.748754e-16   1.838861e-03   1.054577e-19   16432880
  4.167131e+00   3.709717e-16   1.842344e-03   1.042027e-19   16421120
  4.173510e+00   3.668669e-16   1.840051e-03   1.031092e-19   16354148
  4.179885e+00   3.629226e-16   1.841003e-03   1.020044e-19   16316184
  4.186264e+00   3.590195e-16   1.842179e-03   1.007822e-19   16283360
  4.192641e+00   3.553571e-16   1.839085e-03   9.989951e-20   16208756
  4.199016e+00   3.517307e-16   1.841765e-03   9.875909e-20   16184372
  4.205394e+00   3.482532e-16   1.840922e-03   9.789309e-20   16131116
  4.211767e+00   3.445902e-16   1.839273e-03   9.691561e-20   16070864
  4.218143e+00   3.410562e-16   1.841935e-03   9.587900e-20   16047596
  4.224522e+00   3.377466e-16   1.841132e-03   9.499534e-20   15993464
  4.230898e+00   3.340512e-16   1.839789e-03   9.400132e-20   15936116
  4.237274e+00   3.307240e-16   1.841227e-03   9.300134e-20   15899564
  4.243650e+00   3.273805e-16   1.840412e-03   9.216313e-20   15843188
  4.250027e+00   3.241820e-16   1.841430e-03   9.131281e-20   15806012
  4.256404e+00   3.209245e-16   1.840029e-03   9.041422e-20   15746972
  4.262780e+00   3.174272e-16   1.841029e-03   8.944563e-20   15706280
  4.269158e+00   3.144942e-16   1.841316e-03   8.858543e-20   15660560
  4.275534e+00   3.112545e-16   1.839976e-03   8.770107e-20   15601664
  4.281910e+00   3.082906e-16   1.840520e-03   8.697698e-20   15555936
  4.288286e+00   3.051829e-16   1.841154e-03   8.617664e-20   15511664
  4.294665e+00   3.021266e-16   1.841118e-03   8.527248e-20   15463688
  4.301042e+00   2.994059e-16   1.840371e-03   8.468315e-20   15406784
  4.307419e+00   2.963447e-16   1.841443e-03   8.373588e-20   15364076
  4.313795e+00   2.934858e-16   1.839853e-03   8.306078e-20   15302144
  4.320171e+00   2.906150e-16   1.841222e-03   8.233318e-20   15264716
  4.326549e+00   2.878690e-16   1.841061e-03   8.160853e-20   15212204
  4.332926e+00   2.850300e-16   1.840328e-03   8.089064e-20   15154664
  4.339301e+00   2.822051e-16   1.840391e-03   8.013838e-20   15104684
  4.345675e+00   2.795647e-16   1.839587e-03   7.945434e-20   15046256
  4.352051e+00   2.770483e-16   1.841370e-03   7.874743e-20   15009272
  4.358428e+00   2.743248e-16   1.840387e-03   7.812234e-20   14951624
  4.364807e+00   2.718141e-16   1.842302e-03   7.743355e-20   14915300
  4.371187e+00   2.692707e-16   1.840481e-03   7.683040e-20   14847140
  4.377560e+00   2.666482e-16   1.839457e-03   7.614147e-20   14786624
  4.383935e+00   2.642264e-16   1.840794e-03   7.554129e-20   14745252
  4.390313e+00   2.618299e-16   1.841504e-03   7.489455e-20   14697932
  4.396692e+00   2.590866e-16   1.841471e-03   7.419125e-20   14644448
  4.403070e+00   2.569660e-16   1.840856e-03   7.365190e-20   14586896
  4.409445e+00   2.544762e-16   1.839917e-03   7.309403e-20   14525000
  4.415820e+00   2.520810e-16   1.841355e-03   7.241338e-20   14482088
  4.422197e+00   2.500671e-16   1.840486e-03   7.195657e-20   14423696
  4.428574e+00   2.475823e-16   1.840927e-03   7.138684e-20   14373848
  4.434951e+00   2.455584e-16   1.841026e-03   7.086996e-20   14319188
  4.441328e+00   2.431218e-16   1.840720e-03   7.020446e-20   14262248
  4.447704e+00   2.412398e-16   1.840293e-03   6.980263e-20   14204780
  4.454079e+00   2.387226e-16   1.840780e-03   6.911839e-20   14153240
  4.460456e+00   2.367155e-16   1.840870e-03   6.864966e-20   14099048
  4.466833e+00   2.346738e-16   1.841305e-03   6.813823e-20   14048288
  4.473210e+00   2.324313e-16   1.840220e-03   6.761015e-20   13983860
  4.479586e+00   2.304062e-16   1.841413e-03   6.712121e-20   13935800
  4.485962e+00   2.285079e-16   1.839813e-03   6.670756e-20   13868784
  4.492338e+00   2.263679e-16   1.841245e-03   6.615341e-20   13824536
  4.498718e+00   2.245396e-16   1.842226e-03   6.567136e-20   13774364
  4.505095e+00   2.227366e-16   1.840286e-03   6.532557e-20   13702856
  4.511470e+00   2.207022e-16   1.840225e-03   6.485082e-20   13646648
  4.517844e+00   2.187839e-16   1.840082e-03   6.438882e-20   13588364
  4.524220e+00   2.169337e-16   1.841200e-03   6.390577e-20   13539920
  4.530597e+00   2.151195e-16   1.840383e-03   6.355672e-20   13478432
  4.536974e+00   2.132339e-16   1.840898e-03   6.304065e-20   13424264
  4.543353e+00   2.114713e-16   1.841656e-03   6.268599e-20   13370000
  4.549730e+00   2.097150e-16   1.840597e-03   6.232844e-20   13304432
  4.556105e+00   2.079465e-16   1.839697e-03   6.191095e-20   13241228
  4.562479e+00   2.062114e-16   1.840265e-03   6.153919e-20   13186508
  4.568858e+00   2.045483e-16   1.842616e-03   6.111000e-20   13144544
  4.575236e+00   2.028733e-16   1.839577e-03   6.072780e-20   13065032
  4.581610e+00   2.009475e-16   1.840140e-03   6.034508e-20   13008512
  4.587987e+00   1.994416e-16   1.841456e-03   5.998457e-20   12957360
  4.594365e+00   1.978010e-16   1.841180e-03   5.958378e-20   12897728
  4.600740e+00   1.962606e-16   1.838906e-03   5.927997e-20   12822884
  4.607118e+00   1.947747e-16   1.843186e-03   5.890934e-20   12790772
  4.613497e+00   1.930316e-16   1.839965e-03   5.855587e-20   12707960
  4.619871e+00   1.914272e-16   1.840055e-03   5.825009e-20   12650024
  4.626249e+00   1.899987e-16   1.841592e-03   5.792213e-20   12599360
  4.632627e+00   1.884247e-16   1.841060e-03   5.758848e-20   12533984
  4.639003e+00   1.868212e-16   1.840024e-03   5.723398e-20   12467036
  4.645379e+00   1.855754e-16   1.841105e-03   5.701917e-20   12412124
  4.651756e+00   1.840176e-16   1.840677e-03   5.668836e-20   12345776
  4.658131e+00   1.825719e-16   1.840856e-03   5.634712e-20   12286760
  4.664508e+00   1.810246e-16   1.840642e-03   5.602170e-20   12225452
  4.670885e+00   1.797697e-16   1.840694e-03   5.581693e-20   12162584
  4.677263e+00   1.783040e-16   1.841648e-03   5.543838e-20   12105824
  4.683640e+00   1.770323e-16   1.840444e-03   5.524578e-20   12036248
  4.690015e+00   1.755550e-16   1.840000e-03   5.493065e-20   11969736
  4.696391e+00   1.742019e-16   1.841517e-03   5.467647e-20   11916224
  4.702769e+00   1.730141e-16   1.840685e-03   5.443657e-20   11849312
  4.709145e+00   1.715817e-16   1.840274e-03   5.415081e-20   11783300
  4.715522e+00   1.703705e-16   1.841310e-03   5.394249e-20   11724800
  4.721898e+00   1.691243e-16   1.840639e-03   5.368682e-20   11657372
  4.728275e+00   1.678599e-16   1.840697e-03   5.345273e-20   11595320
  4.734652e+00   1.666802e-16   1.840360e-03   5.321642e-20   11527928
  4.741029e+00   1.654563e-16   1.841428e-03   5.303550e-20   11469008
  4.747404e+00   1.640339e-16   1.839492e-03   5.274797e-20   11392904
  4.753780e+00   1.630411e-16   1.841657e-03   5.258832e-20   11340476
  4.760155e+00   1.616723e-16   1.839780e-03   5.232884e-20   11263520
  4.766534e+00   1.605965e-16   1.842729e-03   5.213579e-20   11218472
  4.772911e+00   1.592662e-16   1.838731e-03   5.189308e-20   11129336
  4.779288e+00   1.581801e-16   1.842467e-03   5.171229e-20   11083964
  4.785665e+00   1.572173e-16   1.839931e-03   5.163654e-20   11001992
  4.792039e+00   1.559709e-16   1.840072e-03   5.137682e-20   10938228
  4.798414e+00   1.548603e-16   1.840560e-03   5.112650e-20   10874336
  4.804792e+00   1.537139e-16   1.841863e-03   5.097134e-20   10814828
  4.811169e+00   1.526838e-16   1.839739e-03   5.078337e-20   10736984
  4.817544e+00   1.516526e-16   1.840541e-03   5.060845e-20   10673948
  4.823923e+00   1.506905e-16   1.842721e-03   5.047253e-20   10617704
  4.830301e+00   1.494390e-16   1.840081e-03   5.034516e-20   10536416
  4.836675e+00   1.486480e-16   1.839468e-03   5.028487e-20   10466324
  4.843052e+00   1.474157e-16   1.842362e-03   4.991829e-20   10412984
  4.849431e+00   1.464537e-16   1.840724e-03   4.988853e-20   10334840
  4.855806e+00   1.453635e-16   1.840268e-03   4.970782e-20   10265528
  4.862183e+00   1.444252e-16   1.840956e-03   4.957332e-20   10200692
  4.868561e+00   1.433071e-16   1.841614e-03   4.935555e-20   10135292
  4.874938e+00   1.424693e-16   1.839941e-03   4.937639e-20   10058816
  4.881314e+00   1.415082e-16   1.840525e-03   4.919600e-20   9991772
  4.887691e+00   1.406003e-16   1.841575e-03   4.910844e-20   9925880
  4.894065e+00   1.395681e-16   1.838924e-03   4.898308e-20   9843288
  4.900441e+00   1.388208e-16   1.842306e-03   4.893512e-20   9792968
  4.906821e+00   1.376850e-16   1.840795e-03   4.869636e-20   9713612
  4.913196e+00   1.368333e-16   1.840365e-03   4.866563e-20   9640628
  4.919573e+00   1.358435e-16   1.840900e-03   4.850298e-20   9574256
  4.925949e+00   1.349099e-16   1.840276e-03   4.839421e-20   9499064
  4.932325e+00   1.341055e-16   1.841227e-03   4.834999e-20   9432296
  4.938702e+00   1.331094e-16   1.841040e-03   4.824818e-20   9362204
  4.945079e+00   1.324160e-16   1.840104e-03   4.822300e-20   9286052
  4.951457e+00   1.315748e-16   1.842090e-03   4.810138e-20   9222320
  4.957835e+00   1.307562e-16   1.841090e-03   4.810975e-20   9145976
  4.964211e+00   1.298287e-16   1.839895e-03   4.800710e-20   9070268
  4.970586e+00   1.288477e-16   1.840297e-03   4.787625e-20   8999720
  4.976964e+00   1.281669e-16   1.841617e-03   4.786320e-20   8932664
  4.983339e+00   1.271597e-16   1.838848e-03   4.773785e-20   8847344
  4.989712e+00   1.264271e-16   1.840809e-03   4.774321e-20   8782688
  4.996090e+00   1.256541e-16   1.841883e-03   4.765156e-20   8713440
  5.002468e+00   1.247075e-16   1.841131e-03   4.758972e-20   8638616
  5.008845e+00   1.239452e-16   1.839945e-03   4.753288e-20   8560856
  5.015220e+00   1.231163e-16   1.840402e-03   4.746265e-20   8487620
  5.021598e+00   1.224537e-16   1.842484e-03   4.747499e-20   8422796
  5.027976e+00   1.215180e-16   1.839559e-03   4.742750e-20   8336348
  5.034350e+00   1.208132e-16   1.840420e-03   4.742214e-20   8265176
  5.040727e+00   1.200580e-16   1.841761e-03   4.743821e-20   8196176
  5.047104e+00   1.192374e-16   1.839932e-03   4.740864e-20   8114636
  5.053478e+00   1.183884e-16   1.839889e-03   4.735939e-20   8038724
  5.059856e+00   1.176861e-16   1.842986e-03   4.732139e-20   7975460
  5.066235e+00   1.168930e-16   1.840210e-03   4.730455e-20   7889792
  5.072611e+00   1.160499e-16   1.840188e-03   4.726505e-20   7815728
  5.078987e+00   1.153837e-16   1.840544e-03   4.726259e-20   7739288
  5.085364e+00   1.145559e-16   1.841840e-03   4.720646e-20   7667432
  5.091741e+00   1.138323e-16   1.839798e-03   4.730053e-20   7583684
  5.098113e+00   1.130181e-16   1.839459e-03   4.726853e-20   7505172
  5.104490e+00   1.123086e-16   1.842916e-03   4.726880e-20   7442636
  5.110871e+00   1.115055e-16   1.841224e-03   4.725807e-20   7360676
  5.117246e+00   1.107538e-16   1.838532e-03   4.726907e-20   7272728
  5.123622e+00   1.100251e-16   1.842521e-03   4.727799e-20   7209140
  5.130001e+00   1.091221e-16   1.840984e-03   4.716459e-20   7125632
  5.136377e+00   1.083428e-16   1.840289e-03   4.713399e-20   7046924
  5.142753e+00   1.077006e-16   1.840046e-03   4.724773e-20   6966968
  5.149129e+00   1.068590e-16   1.841514e-03   4.722738e-20   6893408
  5.155505e+00   1.060958e-16   1.840118e-03   4.729646e-20   6811004
  5.161881e+00   1.053328e-16   1.840529e-03   4.723398e-20   6732944
  5.168258e+00   1.045584e-16   1.841885e-03   4.718797e-20   6658628
  5.174637e+00   1.038409e-16   1.841220e-03   4.732236e-20   6578804
  5.181014e+00   1.028100e-16   1.839505e-03   4.712637e-20   6493628
  5.187389e+00   1.022198e-16   1.841020e-03   4.728806e-20   6417476
  5.193767e+00   1.012888e-16   1.842303e-03   4.706508e-20   6341156
  5.200142e+00   1.004023e-16   1.838905e-03   4.722741e-20   6251676
  5.206515e+00   9.968151e-17   1.840100e-03   4.719777e-20   6176072
  5.212894e+00   9.887328e-17   1.842591e-03   4.711053e-20   6103028
  5.219273e+00   9.795122e-17   1.840028e-03   4.707987e-20   6015356
  5.225646e+00   9.687881e-17   1.838527e-03   4.690823e-20   5928908
  5.232022e+00   9.643341e-17   1.843529e-03   4.715420e-20   5861504
  5.238402e+00   9.525190e-17   1.840564e-03   4.688667e-20   5772440
  5.244776e+00   9.420667e-17   1.839302e-03   4.665928e-20   5688596
  5.251152e+00   9.357395e-17   1.841421e-03   4.687298e-20   5611412
  5.257531e+00   9.245377e-17   1.842425e-03   4.655870e-20   5532224
  5.263907e+00   9.134747e-17   1.838741e-03   4.637278e-20   5440748
  5.270281e+00   9.060463e-17   1.841068e-03   4.637917e-20   5364572
  5.276660e+00   8.960386e-17   1.842167e-03   4.615630e-20   5285204
  5.283039e+00   8.830871e-17   1.840147e-03   4.583163e-20   5197796
  5.289414e+00   8.726341e-17   1.840074e-03   4.554466e-20   5113244
  5.295789e+00   8.622158e-17   1.841509e-03   4.541287e-20   5032664
  5.302162e+00   8.505823e-17   1.838866e-03   4.506110e-20   4943484
  5.308538e+00   8.382404e-17   1.842083e-03   4.460441e-20   4869920
  5.314919e+00   8.264716e-17   1.840875e-03   4.414981e-20   4782608
  5.321298e+00   8.133537e-17   1.842000e-03   4.363739e-20   4700756
  5.327675e+00   8.011541e-17   1.839332e-03   4.307959e-20   4608920
  5.334047e+00   7.877579e-17   1.840509e-03   4.243923e-20   4528829
  5.340423e+00   7.766223e-17   1.840790e-03   4.200742e-20   4453172
  5.346801e+00   7.648999e-17   1.841398e-03   4.156142e-20   4381652
  5.353179e+00   7.550165e-17   1.840856e-03   4.114933e-20   4309628
  5.359558e+00   7.465575e-17   1.841542e-03   4.083023e-20   4242188
  5.365934e+00   7.377651e-17   1.840185e-03   4.060819e-20   4171796
  5.372309e+00   7.288141e-17   1.840332e-03   4.019399e-20   4107506
  5.378687e+00   7.198749e-17   1.841030e-03   3.995650e-20   4045694
  5.385067e+00   7.130654e-17   1.841878e-03   3.983221e-20   3984530
  5.391443e+00   7.041225e-17   1.839184e-03   3.950235e-20   3916622
  5.397815e+00   6.961340e-17   1.840413e-03   3.926319e-20   3858626
  5.404188e+00   6.886612e-17   1.839752e-03   3.901122e-20   3798918
  5.410566e+00   6.814794e-17   1.842453e-03   3.881308e-20   3747464
  5.416947e+00   6.752744e-17   1.840720e-03   3.872808e-20   3687278
  5.423327e+00   6.686017e-17   1.841755e-03   3.844179e-20   3632618
  5.429702e+00   6.628359e-17   1.839341e-03   3.841665e-20   3571766
  5.436076e+00   6.549948e-17   1.841405e-03   3.811867e-20   3521264
  5.442452e+00   6.472489e-17   1.840602e-03   3.789992e-20   3466964
  5.448828e+00   6.416890e-17   1.840149e-03   3.781332e-20   3414320
  5.455204e+00   6.362204e-17   1.840343e-03   3.767165e-20   3362948
  5.461581e+00   6.296265e-17   1.841385e-03   3.743031e-20   3313130
  5.467960e+00   6.228559e-17   1.841559e-03   3.724996e-20   3262766
  5.474335e+00   6.183998e-17   1.839552e-03   3.724718e-20   3210122
  5.480711e+00   6.116356e-17   1.841068e-03   3.705080e-20   3164282
  5.487089e+00   6.061441e-17   1.840871e-03   3.696588e-20   3115358
  5.493467e+00   6.008324e-17   1.841892e-03   3.680126e-20   3068642
  5.499842e+00   5.951445e-17   1.839367e-03   3.663160e-20   3017270
  5.506214e+00   5.908222e-17   1.840421e-03   3.662231e-20   2973396
  5.512592e+00   5.848039e-17   1.841795e-03   3.642545e-20   2930882
  5.518975e+00   5.802391e-17   1.842009e-03   3.639207e-20   2886296
  5.525354e+00   5.748309e-17   1.840110e-03   3.636753e-20   2838068
  5.531729e+00   5.709956e-17   1.840402e-03   3.624648e-20   2793680
  5.538103e+00   5.649763e-17   1.841057e-03   3.616216e-20   2750948
  5.544478e+00   5.607813e-17   1.840332e-03   3.609123e-20   2707712
  5.550852e+00   5.555464e-17   1.839444e-03   3.597188e-20   2665124
  5.557230e+00   5.520730e-17   1.841751e-03   3.601807e-20   2626712
  5.563610e+00   5.470187e-17   1.840829e-03   3.589418e-20   2583542
  5.569988e+00   5.428301e-17   1.841328e-03   3.586142e-20   2543108
  5.576363e+00   5.382157e-17   1.839426e-03   3.588097e-20   2500538
  5.582739e+00   5.323086e-17   1.841521e-03   3.565042e-20   2464052
  5.589119e+00   5.305639e-17   1.841364e-03   3.577431e-20   2424194
  5.595493e+00   5.255773e-17   1.839158e-03   3.565066e-20   2381732
  5.601866e+00   5.211271e-17   1.841683e-03   3.564029e-20   2346386
  5.608241e+00   5.181635e-17   1.839649e-03   3.569147e-20   2306598
  5.614618e+00   5.143546e-17   1.842029e-03   3.562874e-20   2273186
  5.621000e+00   5.092323e-17   1.840989e-03   3.545356e-20   2235188
  5.627378e+00   5.052030e-17   1.839949e-03   3.544590e-20   2196638
  5.633754e+00   5.021272e-17   1.841588e-03   3.558518e-20   2161706
  5.640129e+00   4.986578e-17   1.840261e-03   3.553169e-20   2124422
  5.646501e+00   4.943174e-17   1.838999e-03   3.546732e-20   2088578
  5.652879e+00   4.919650e-17   1.842650e-03   3.556196e-20   2058512
  5.659259e+00   4.895256e-17   1.839498e-03   3.581315e-20   2020202
  5.665635e+00   4.848142e-17   1.841528e-03   3.567022e-20   1987670
  5.672010e+00   4.814277e-17   1.840033e-03   3.564552e-20   1952114
  5.678381e+00   4.783090e-17   1.839290e-03   3.570366e-20   1918694
  5.684760e+00   4.748749e-17   1.843391e-03   3.564716e-20   1890932
  5.691143e+00   4.724277e-17   1.840482e-03   3.585970e-20   1855382
  5.697520e+00   4.692282e-17   1.841151e-03   3.588054e-20   1823276
  5.703897e+00   4.653207e-17   1.841467e-03   3.574781e-20   1791446
  5.710267e+00   4.628226e-17   1.837484e-03   3.587020e-20   1756566
  5.716642e+00   4.600216e-17   1.843486e-03   3.584265e-20   1732292
  5.723026e+00   4.569405e-17   1.841021e-03   3.603884e-20   1699718
  5.729405e+00   4.537379e-17   1.840666e-03   3.606535e-20   1668524
  5.735782e+00   4.518094e-17   1.841307e-03   3.628593e-20   1638656
  5.742152e+00   4.485726e-17   1.837941e-03   3.623261e-20   1606154
  5.748524e+00   4.456838e-17   1.841528e-03   3.627460e-20   1580984
  5.754907e+00   4.423815e-17   1.842158e-03   3.630294e-20   1553372
  5.761287e+00   4.394391e-17   1.839903e-03   3.644045e-20   1522502
  5.767663e+00   4.375722e-17   1.841211e-03   3.658856e-20   1494788
  5.774035e+00   4.352044e-17   1.839049e-03   3.682095e-20   1464992
  5.780407e+00   4.318851e-17   1.840885e-03   3.674606e-20   1439564
  5.786788e+00   4.297858e-17   1.842803e-03   3.690777e-20   1414766
  5.793173e+00   4.268075e-17   1.841316e-03   3.694148e-20   1386620
  5.799549e+00   4.251127e-17   1.839295e-03   3.711675e-20   1358024
  5.805920e+00   4.226782e-17   1.840494e-03   3.734512e-20   1332236
  5.812287e+00   4.197178e-17   1.837583e-03   3.739358e-20   1304568
  5.818666e+00   4.175509e-17   1.844995e-03   3.747307e-20   1285316
  5.825053e+00   4.167096e-17   1.840679e-03   3.777824e-20   1257272
  5.831429e+00   4.136814e-17   1.839591e-03   3.783195e-20   1231028
  5.837804e+00   4.127096e-17   1.841474e-03   3.818618e-20   1207136
  5.844175e+00   4.096756e-17   1.839197e-03   3.833200e-20   1181180
  5.850547e+00   4.068451e-17   1.841135e-03   3.835397e-20   1159352
  5.856931e+00   4.054659e-17   1.842986e-03   3.862974e-20   1137476
  5.863312e+00   4.037521e-17   1.839166e-03   3.883598e-20   1111280
  5.869686e+00   4.018378e-17   1.840689e-03   3.900595e-20   1088468
  5.876057e+00   4.000437e-17   1.840140e-03   3.930925e-20   1065008
  5.882427e+00   3.977048e-17   1.839713e-03   3.949331e-20   1042934
  5.888808e+00   3.965383e-17   1.843186e-03   3.969210e-20   1023488
  5.895195e+00   3.950169e-17   1.841961e-03   3.993027e-20   1000700
  5.901573e+00   3.921184e-17   1.839831e-03   4.002801e-20   977264
  5.907943e+00   3.895171e-17   1.839220e-03   4.032932e-20   955052
  5.914306e+00   3.883301e-17   1.837596e-03   4.059301e-20   933546
  5.920685e+00   3.868889e-17   1.845011e-03   4.089566e-20   917348
  5.927075e+00   3.855302e-17   1.841622e-03   4.117027e-20   895328
  5.933456e+00   3.839494e-17   1.840197e-03   4.142023e-20   873878
  5.939831e+00   3.827624e-17   1.841204e-03   4.174969e-20   853664
  5.946198e+00   3.812227e-17   1.838301e-03   4.219785e-20   832604
  5.952570e+00   3.782462e-17   1.841647e-03   4.234316e-20   815546
  5.958955e+00   3.778333e-17   1.841795e-03   4.266225e-20   797012
  5.965336e+00   3.766310e-17   1.838979e-03   4.296557e-20   776576
  5.971714e+00   3.742845e-17   1.842719e-03   4.321658e-20   758726
  5.978085e+00   3.727754e-17   1.838577e-03   4.364492e-20   738296
  5.984452e+00   3.708647e-17   1.839422e-03   4.393127e-20   721172
  5.990833e+00   3.709184e-17   1.842852e-03   4.443932e-20   705434
  5.997222e+00   3.686710e-17   1.841204e-03   4.477203e-20   687092
  6.003603e+00   3.679114e-17   1.841572e-03   4.536106e-20   669098
  6.009974e+00   3.673718e-17   1.839142e-03   4.577189e-20   650516
  6.016332e+00   3.665994e-17   1.836042e-03   4.650488e-20   632898
  6.022707e+00   3.646930e-17   1.844938e-03   4.646962e-20   620228
  6.029100e+00   3.634420e-17   1.842281e-03   4.713193e-20   603206
  6.035485e+00   3.632158e-17   1.841847e-03   4.759702e-20   586328
  6.041859e+00   3.615118e-17   1.840113e-03   4.811791e-20   569222
  6.048217e+00   3.606273e-17   1.835706e-03   4.878590e-20   552266
  6.054584e+00   3.593891e-17   1.843023e-03   4.912298e-20   539996
  6.060976e+00   3.588037e-17   1.843843e-03   4.954030e-20   525722
  6.067365e+00   3.559860e-17   1.839929e-03   5.004356e-20   509372
  6.073742e+00   3.563342e-17   1.840974e-03   5.091612e-20   494282
  6.080105e+00   3.549041e-17   1.836470e-03   5.139553e-20   478340
  6.086466e+00   3.544233e-17   1.839100e-03   5.206756e-20   465554
  6.092852e+00   3.530342e-17   1.844310e-03   5.254077e-20   453734
  6.099249e+00   3.531671e-17   1.841644e-03   5.364342e-20   439184
  6.105633e+00   3.499044e-17   1.841774e-03   5.382788e-20   424910
  6.112001e+00   3.503002e-17   1.839131e-03   5.479347e-20   410366
  6.118344e+00   3.508319e-17   1.830585e-03   5.581280e-20   395856
  6.124716e+00   3.493094e-17   1.849093e-03   5.608123e-20   387998
  6.131124e+00   3.492331e-17   1.844381e-03   5.720652e-20   374642
  6.137516e+00   3.486707e-17   1.841320e-03   5.822874e-20   361118
  6.143885e+00   3.488421e-17   1.838483e-03   5.916928e-20   347792
  6.150233e+00   3.463994e-17   1.833537e-03   5.983277e-20   335054
  6.156598e+00   3.457563e-17   1.843369e-03   6.034118e-20   326162
  6.163003e+00   3.455054e-17   1.845744e-03   6.160691e-20   315686
  6.169403e+00   3.458370e-17   1.839717e-03   6.293837e-20   302960
  6.175780e+00   3.446553e-17   1.841146e-03   6.396796e-20   291278
  6.182130e+00   3.441109e-17   1.834474e-03   6.511007e-20   278966
  6.188475e+00   3.445934e-17   1.838848e-03   6.632217e-20   269786
  6.194867e+00   3.452872e-17   1.848548e-03   6.770724e-20   261710
  6.201275e+00   3.421725e-17   1.841196e-03   6.905440e-20   250472
  6.207659e+00   3.426958e-17   1.840781e-03   6.991901e-20   239846
  6.214020e+00   3.434373e-17   1.837833e-03   7.175635e-20   229250
  6.220353e+00   3.418729e-17   1.827068e-03   7.290369e-20   218958
  6.226735e+00   3.409285e-17   1.853573e-03   7.383136e-20   213722
  6.233163e+00   3.417717e-17   1.842328e-03   7.563197e-20   203414
  6.239564e+00   3.436740e-17   1.844048e-03   7.814042e-20   193940
  6.245924e+00   3.411304e-17   1.836439e-03   7.962237e-20   183650
  6.252241e+00   3.404166e-17   1.829855e-03   8.131395e-20   174638
  6.258588e+00   3.415662e-17   1.843490e-03   8.305948e-20   168842
  6.265008e+00   3.418351e-17   1.847266e-03   8.523312e-20   161846
  6.271432e+00   3.399536e-17   1.841236e-03   8.694800e-20   153146
  6.277822e+00   3.401936e-17   1.840929e-03   8.966539e-20   144686
  6.284170e+00   3.410282e-17   1.837187e-03   9.287213e-20   136418
  6.290480e+00   3.424262e-17   1.823629e-03   9.544161e-20   128822
  6.296862e+00   3.414212e-17   1.856474e-03   9.665728e-20   124862
  6.303298e+00   3.420682e-17   1.842665e-03   9.965888e-20   117026
  6.309688e+00   3.417575e-17   1.840290e-03   1.028905e-19   109718
  6.316033e+00   3.388351e-17   1.835815e-03   1.056710e-19   102650
  6.322320e+00   3.419238e-17   1.808328e-03   1.106215e-19   95622
  6.328720e+00   3.407156e-17   1.871202e-03   1.111007e-19   93650
  6.335227e+00   3.415923e-17   1.849919e-03   1.161811e-19   86606
  6.341628e+00   3.422656e-17   1.828395e-03   1.221486e-19   79190
  6.347934e+00   3.427451e-17   1.839124e-03   1.278303e-19   73490
  6.354177e+00   3.438891e-17   1.810164e-03   1.326536e-19   67598
  6.360508e+00   3.445749e-17   1.844910e-03   1.353715e-19   65186
  6.367032e+00   3.426289e-17   1.858136e-03   1.387296e-19   61262
  6.373583e+00   3.400695e-17   1.851117e-03   1.435775e-19   55874
  6.379989e+00   3.443388e-17   1.823042e-03   1.541174e-19   49430
  6.386147e+00   3.446288e-17   1.803004e-03   1.662459e-19   43934
  6.392260e+00   3.444065e-17   1.790240e-03   1.691856e-19   41138
  6.398716e+00   3.454648e-17   1.870028e-03   1.708498e-19   40070
  6.405371e+00   3.460641e-17   1.854153e-03   1.850225e-19   35882
  6.411962e+00   3.458949e-17   1.842631e-03   1.950108e-19   31622
  6.418335e+00   3.490624e-17   1.817857e-03   2.106573e-19   26750
  6.424088e+00   3.446600e-17   1.593646e-03   2.363488e-19   21330
  6.430239e+00   3.487911e-17   1.860256e-03   2.256455e-19   23246
  6.436984e+00   3.494527e-17   1.855054e-03   2.406863e-19   20186
  6.443727e+00   3.425995e-17   1.848147e-03   2.547131e-19   17312
  6.450423e+00   3.524447e-17   1.830133e-03   2.954532e-19   14474
  6.456645e+00   3.525715e-17   1.688402e-03   3.405407e-19   10478
  6.462180e+00   3.388855e-17   1.692603e-03   3.588697e-19   9062
  6.468497e+00   3.550661e-17   1.842997e-03   3.781945e-19   8762
  6.475254e+00   3.480142e-17   1.841892e-03   4.166498e-19   6926
  6.482011e+00   3.719733e-17   1.840835e-03   5.196847e-19   5306
  6.488766e+00   3.581098e-17   1.839476e-03   5.622943e-19   3902
  6.494511e+00   3.661645e-17   1.128860e-03   8.410752e-19   1928
  6.500007e+00   3.528972e-17   1.834590e-03   8.139392e-19   2042
  6.506728e+00   3.775552e-17   1.826889e-03   1.084104e-18   1214
  6.513396e+00   3.258550e-17   1.806609e-03   1.470079e-18   602
  6.519909e+00   2.966828e-17   1.730042e-03   1.999351e-18   206
  6.525711e+00   2.310831e-17   9.814069e-04   4.583929e-18   24
