7.290995000000e-06	4.219895325411e-07	1.570769041455e-10	1.565990009657e+03	1.899988008856e-01	1.808669472292e+00
7.460824000000e-06	4.418871044292e-07	1.644769678895e-10	1.565965518744e+03	1.899967977748e-01	1.808819086367e+00
7.634609000000e-06	4.627039721506e-07	1.722308834424e-10	1.565985931594e+03	1.899984814099e-01	1.808695311319e+00
7.812442000000e-06	4.845216460490e-07	1.803446872442e-10	1.565961176687e+03	1.899963986789e-01	1.808847762176e+00
7.994417000000e-06	5.073344390877e-07	1.888500882535e-10	1.566007455031e+03	1.900001493624e-01	1.808561117297e+00
8.180631000000e-06	5.312685409594e-07	1.977438223409e-10	1.565958175855e+03	1.899961583022e-01	1.808864201969e+00
8.371182000000e-06	5.563005612080e-07	2.070643390949e-10	1.565969007944e+03	1.899970274718e-01	1.808788361163e+00
8.566172000000e-06	5.825197539896e-07	2.168228327319e-10	1.565965875295e+03	1.899967818842e-01	1.808814162660e+00
8.765704000000e-06	6.099869882063e-07	2.270370185584e-10	1.565940779353e+03	1.899946745116e-01	1.808961010857e+00
8.969883000000e-06	6.387087690728e-07	2.377444625627e-10	1.565985126832e+03	1.899983217831e-01	1.808695424742e+00
9.178819000000e-06	6.688348661481e-07	2.489419694683e-10	1.565944303552e+03	1.899950172463e-01	1.808942126492e+00
9.392621000000e-06	7.003667748009e-07	2.606712069349e-10	1.565927535881e+03	1.899935886513e-01	1.809038596003e+00
9.611403000000e-06	7.333613341358e-07	2.729592686738e-10	1.565945915701e+03	1.899950459544e-01	1.808925876773e+00
9.835282000000e-06	7.678951334079e-07	2.858316714091e-10	1.565986502373e+03	1.899982926832e-01	1.808680371986e+00
1.006437000000e-05	8.041195606716e-07	2.992932197496e-10	1.565939290837e+03	1.899945476949e-01	1.808967842914e+00
1.029880000000e-05	8.420134542858e-07	3.133990974977e-10	1.565942717640e+03	1.899947139863e-01	1.808940042971e+00
1.053869000000e-05	8.816526958422e-07	3.281813341211e-10	1.565996875734e+03	1.899991282738e-01	1.808614237196e+00
1.078417000000e-05	9.232566674633e-07	3.436331204437e-10	1.565933932118e+03	1.899940102968e-01	1.808994946374e+00
1.103537000000e-05	9.667567763184e-07	3.598313709710e-10	1.565947373468e+03	1.899950110749e-01	1.808909709361e+00
1.129241000000e-05	1.012331381375e-06	3.767859114975e-10	1.565932888023e+03	1.899939355337e-01	1.808997855065e+00
1.155545000000e-05	1.060003691155e-06	3.945541578631e-10	1.565971351633e+03	1.899970627121e-01	1.808765361686e+00
1.182461000000e-05	1.109987986879e-06	4.131407205458e-10	1.565943500411e+03	1.899947743127e-01	1.808932155044e+00
1.210004000000e-05	1.162316140541e-06	4.326063362137e-10	1.565927070616e+03	1.899933003733e-01	1.809025471536e+00
1.238189000000e-05	1.217027921659e-06	4.530132648974e-10	1.565987002252e+03	1.899981453060e-01	1.808662942767e+00
1.267030000000e-05	1.274407030187e-06	4.743573192190e-10	1.565968589761e+03	1.899966920789e-01	1.808777416666e+00
1.296543000000e-05	1.334482734655e-06	4.967087630065e-10	1.565955601521e+03	1.899955781894e-01	1.808855240649e+00
1.326743000000e-05	1.397390635432e-06	5.201124810809e-10	1.565942068542e+03	1.899944113439e-01	1.808928367604e+00
1.357647000000e-05	1.463285175667e-06	5.446138272862e-10	1.565913245553e+03	1.899920777494e-01	1.809101073308e+00
1.389270000000e-05	1.532167582862e-06	5.703036315590e-10	1.565970983681e+03	1.899967490040e-01	1.808755666403e+00
1.421631000000e-05	1.604381664169e-06	5.971788116890e-10	1.565966518577e+03	1.899962870655e-01	1.808775685047e+00
1.454745000000e-05	1.679945831407e-06	6.253371889073e-10	1.565997189971e+03	1.899988779145e-01	1.808588752403e+00
1.488630000000e-05	1.759209748736e-06	6.547806330091e-10	1.565939235778e+03	1.899940356158e-01	1.808934841455e+00
1.523305000000e-05	1.842077781954e-06	6.856512786768e-10	1.565962569384e+03	1.899958853547e-01	1.808789925934e+00
1.558787000000e-05	1.928940831905e-06	7.179517720886e-10	1.565935470084e+03	1.899936804877e-01	1.808954054773e+00
1.595096000000e-05	2.019791301605e-06	7.518035473266e-10	1.565965776523e+03	1.899960775317e-01	1.808767022313e+00
1.632250000000e-05	2.115008997334e-06	7.872269464602e-10	1.565951077400e+03	1.899948133019e-01	1.808851818827e+00
1.670270000000e-05	2.214687090051e-06	8.243254744024e-10	1.565949674893e+03	1.899947135593e-01	1.808859000947e+00
1.709176000000e-05	2.319084608491e-06	8.631696126134e-10	1.565939071777e+03	1.899938104856e-01	1.808923919112e+00
1.748988000000e-05	2.428314123523e-06	9.038676489798e-10	1.565967938355e+03	1.899960684989e-01	1.808741857848e+00
1.789727000000e-05	2.542812670028e-06	9.464492839884e-10	1.565943383369e+03	1.899940825275e-01	1.808891595448e+00
1.831415000000e-05	2.662665600424e-06	9.910504000301e-10	1.565936211508e+03	1.899934311204e-01	1.808929249410e+00
1.874074000000e-05	2.788129962445e-06	1.037762114935e-09	1.565943679353e+03	1.899939310512e-01	1.808876189236e+00
1.917727000000e-05	2.919412283383e-06	1.086703331907e-09	1.565988127140e+03	1.899974781364e-01	1.808608312131e+00
1.962397000000e-05	3.056975076817e-06	1.137923984994e-09	1.565995854620e+03	1.899980561344e-01	1.808558063859e+00
2.008107000000e-05	3.201230086350e-06	1.191497302319e-09	1.565930640574e+03	1.899927177125e-01	1.808944047267e+00
2.054882000000e-05	3.352096228245e-06	1.247653856081e-09	1.565931397627e+03	1.899927010932e-01	1.808937775365e+00
2.102746000000e-05	3.510044932197e-06	1.306461584289e-09	1.565940714230e+03	1.899934032555e-01	1.808879018440e+00
2.151725000000e-05	3.675524580184e-06	1.368015706201e-09	1.565922245073e+03	1.899918585259e-01	1.808984584060e+00
2.201845000000e-05	3.848669407231e-06	1.432507372005e-09	1.565943449156e+03	1.899934690970e-01	1.808853863638e+00
2.253133000000e-05	4.030080738552e-06	1.500008674309e-09	1.565933893307e+03	1.899926784942e-01	1.808905727864e+00
2.305615000000e-05	4.219945135774e-06	1.570719588649e-09	1.565949661453e+03	1.899937884305e-01	1.808804392228e+00
2.359320000000e-05	4.418851377921e-06	1.644736998558e-09	1.565941329166e+03	1.899931242043e-01	1.808845568805e+00
2.414275000000e-05	4.627046904258e-06	1.722265943860e-09	1.565954537898e+03	1.899940300832e-01	1.808760020589e+00
2.470511000000e-05	4.845115023366e-06	1.803429609161e-09	1.565951705037e+03	1.899937373521e-01	1.808767804085e+00
2.528057000000e-05	5.073632785319e-06	1.888371183225e-09	1.565912194653e+03	1.899903807965e-01	1.809002139195e+00
2.586943000000e-05	5.312561318295e-06	1.977417918759e-09	1.565949159893e+03	1.899933444125e-01	1.808773321698e+00
2.647200000000e-05	5.562915011692e-06	2.070612164470e-09	1.565950746855e+03	1.899932837356e-01	1.808752046750e+00
2.708862000000e-05	5.825115511274e-06	2.168186835083e-09	1.565944221747e+03	1.899926915932e-01	1.808789766298e+00
2.771959000000e-05	6.099582736619e-06	2.270383355616e-09	1.565952743793e+03	1.899931904132e-01	1.808725673918e+00
2.836526000000e-05	6.387073772791e-06	2.377374179619e-09	1.565946564644e+03	1.899925532991e-01	1.808755026552e+00
2.902597000000e-05	6.688172162908e-06	2.489389999672e-09	1.565931416350e+03	1.899912297758e-01	1.808842788646e+00
2.970208000000e-05	7.003318117273e-06	2.606720105356e-09	1.565937295711e+03	1.899915409831e-01	1.808794092882e+00
3.039393000000e-05	7.333393784776e-06	2.729560639286e-09	1.565931894245e+03	1.899909565263e-01	1.808815473679e+00
3.110189000000e-05	7.679086018986e-06	2.858171357143e-09	1.565917914446e+03	1.899896920495e-01	1.808889294940e+00
3.182635000000e-05	8.040840948501e-06	2.992914128359e-09	1.565936429442e+03	1.899910039611e-01	1.808768769654e+00
3.256768000000e-05	8.419873458738e-06	3.133931383786e-09	1.565923380806e+03	1.899897405498e-01	1.808839028690e+00
3.332628000000e-05	8.816702596051e-06	3.281625867471e-09	1.565918762971e+03	1.899892483268e-01	1.808854198264e+00
3.410255000000e-05	9.232200308784e-06	3.436280644842e-09	1.565917680571e+03	1.899890510408e-01	1.808846749888e+00
3.489690000000e-05	9.666970263785e-06	3.598311377908e-09	1.565952547261e+03	1.899916501008e-01	1.808625165598e+00
3.570975000000e-05	1.012276404836e-05	3.767820795528e-09	1.565926147835e+03	1.899892540469e-01	1.808768605475e+00
3.654154000000e-05	1.059966852139e-05	3.945427429549e-09	1.565941077777e+03	1.899902157428e-01	1.808666469432e+00
3.739270000000e-05	1.109904948271e-05	4.131418899051e-09	1.565954347034e+03	1.899911213698e-01	1.808571590089e+00
3.826369000000e-05	1.162228539379e-05	4.326065944091e-09	1.565935026990e+03	1.899893640414e-01	1.808673128811e+00
3.915496000000e-05	1.216998353437e-05	4.529945727537e-09	1.565935207182e+03	1.899890958005e-01	1.808657101804e+00
4.006700000000e-05	1.274390955156e-05	4.743308674068e-09	1.565898878354e+03	1.899859027074e-01	1.808854153514e+00
4.100028000000e-05	1.334472253660e-05	4.966780767588e-09	1.565877541796e+03	1.899838824447e-01	1.808969879859e+00
4.195530000000e-05	1.397268989250e-05	5.201113387593e-09	1.565948240322e+03	1.899893668625e-01	1.808524306879e+00
4.293256000000e-05	1.463145498620e-05	5.446139637265e-09	1.565924187171e+03	1.899871355274e-01	1.808651248370e+00
4.393259000000e-05	1.532083516146e-05	5.702831197624e-09	1.565931458879e+03	1.899874219259e-01	1.808584212949e+00
4.495591000000e-05	1.604276542366e-05	5.971613009191e-09	1.565934682450e+03	1.899874156503e-01	1.808544712759e+00
4.600307000000e-05	1.679946337048e-05	6.252852942369e-09	1.565889459099e+03	1.899832945851e-01	1.808795125210e+00
4.707462000000e-05	1.759082779488e-05	6.547600741208e-09	1.565906139570e+03	1.899842795686e-01	1.808670862103e+00
4.817113000000e-05	1.841972662399e-05	6.856191140723e-09	1.565907916982e+03	1.899840945883e-01	1.808633806614e+00
4.929318000000e-05	1.928760248513e-05	7.179348999318e-09	1.565914164521e+03	1.899842464958e-01	1.808572195206e+00
5.044136000000e-05	2.019674530820e-05	7.517615849415e-09	1.565900020707e+03	1.899826098442e-01	1.808631323927e+00
5.161629000000e-05	2.114844787551e-05	7.871915954381e-09	1.565900308862e+03	1.899823409538e-01	1.808601360939e+00
5.281859000000e-05	2.214602133474e-05	8.242600101306e-09	1.565848998578e+03	1.899777106647e-01	1.808881711484e+00
5.404889000000e-05	2.318828169475e-05	8.631433799262e-09	1.565910754799e+03	1.899822365703e-01	1.808480620706e+00
5.530785000000e-05	2.428155331249e-05	9.038048462818e-09	1.565883533990e+03	1.899795779832e-01	1.808614235067e+00
5.659614000000e-05	2.542659556267e-05	9.463731883886e-09	1.565845457410e+03	1.899759250476e-01	1.808805696648e+00
5.791443000000e-05	2.662390984338e-05	9.909961821397e-09	1.565878722491e+03	1.899780422256e-01	1.808576329269e+00
5.926343000000e-05	2.787821609155e-05	1.037706401408e-08	1.565886457746e+03	1.899781963028e-01	1.808490315141e+00
6.064386000000e-05	2.919258106227e-05	1.086588482774e-08	1.565858186201e+03	1.899752489314e-01	1.808619480241e+00
6.205643000000e-05	3.056795397111e-05	1.137802834674e-08	1.565863788117e+03	1.899751117889e-01	1.808548569718e+00
6.350191000000e-05	3.200781473783e-05	1.191437408550e-08	1.565879758081e+03	1.899757367877e-01	1.808409231119e+00
6.498106000000e-05	3.351661351140e-05	1.247569532083e-08	1.565858340019e+03	1.899734087238e-01	1.808491794307e+00
6.649466000000e-05	3.509645830528e-05	1.306347426030e-08	1.565839359394e+03	1.899711860872e-01	1.808562429353e+00
6.804352000000e-05	3.675050556994e-05	1.367902382471e-08	1.565827591951e+03	1.899693860219e-01	1.808583933703e+00
6.962846000000e-05	3.848297172358e-05	1.432339635390e-08	1.565801081749e+03	1.899665312943e-01	1.808688348059e+00
7.125032000000e-05	4.029497012338e-05	1.499877558974e-08	1.565833501522e+03	1.899683570986e-01	1.808444547505e+00
7.290995000000e-05	4.219408049125e-05	1.570546473139e-08	1.565818603210e+03	1.899663449203e-01	1.808481007231e+00
7.460824000000e-05	4.418395652154e-05	1.644508137556e-08	1.565770307830e+03	1.899615177470e-01	1.808708460239e+00
7.634609000000e-05	4.626503182888e-05	1.722027746816e-08	1.565785784007e+03	1.899618613107e-01	1.808555749674e+00
7.812442000000e-05	4.844696435764e-05	1.803119643873e-08	1.565735144916e+03	1.899568196831e-01	1.808796221993e+00
7.994417000000e-05	5.072930021140e-05	1.888101213697e-08	1.565737933492e+03	1.899560857527e-01	1.808713337294e+00
8.180631000000e-05	5.311707543137e-05	1.977144037947e-08	1.565783732204e+03	1.899586798346e-01	1.808365605146e+00
8.371182000000e-05	5.562200192503e-05	2.070247644685e-08	1.565735023523e+03	1.899535910245e-01	1.808587469140e+00
8.566172000000e-05	5.824175704609e-05	2.167835297858e-08	1.565746764046e+03	1.899534461478e-01	1.808441075586e+00
8.765704000000e-05	6.098558606307e-05	2.269991312078e-08	1.565745313508e+03	1.899520833022e-01	1.808368623634e+00
8.969883000000e-05	6.386084533983e-05	2.376905715785e-08	1.565705497006e+03	1.899476030525e-01	1.808522067206e+00
9.178819000000e-05	6.686983444866e-05	2.488904806556e-08	1.565695372799e+03	1.899454170685e-01	1.808495418315e+00
9.392621000000e-05	7.002024729368e-05	2.606189762948e-08	1.565689561184e+03	1.899435492032e-01	1.808438311895e+00
9.611403000000e-05	7.331745140007e-05	2.729047281774e-08	1.565708672646e+03	1.899436910073e-01	1.808231260510e+00
9.835282000000e-05	7.677688457487e-05	2.857488269740e-08	1.565624617767e+03	1.899353136151e-01	1.808637377047e+00
1.006437000000e-04	8.039453448049e-05	2.992122110109e-08	1.565608441068e+03	1.899324829979e-01	1.808626046583e+00
1.029880000000e-04	8.417864304113e-05	3.133208308926e-08	1.565644577655e+03	1.899337422050e-01	1.808303233198e+00
1.053869000000e-04	8.814327773385e-05	3.280873651991e-08	1.565648345790e+03	1.899322184865e-01	1.808161517809e+00
1.078417000000e-04	9.229861852863e-05	3.435385249140e-08	1.565603386967e+03	1.899268287862e-01	1.808313689499e+00
1.103537000000e-04	9.664741172756e-05	3.597225466410e-08	1.565584921580e+03	1.899233434914e-01	1.808293584901e+00
1.129241000000e-04	1.011981453222e-04	3.766791295429e-08	1.565597487966e+03	1.899224742272e-01	1.808084418611e+00
1.155545000000e-04	1.059674707439e-04	3.944215007032e-08	1.565563519543e+03	1.899175816018e-01	1.808153747996e+00
1.182461000000e-04	1.109608115082e-04	4.130008235975e-08	1.565535649074e+03	1.899130842933e-01	1.808171331667e+00
1.210004000000e-04	1.161860161225e-04	4.324637542546e-08	1.565537289560e+03	1.899109266027e-01	1.808009656626e+00
1.238189000000e-04	1.216648487231e-04	4.528235430513e-08	1.565470488617e+03	1.899031726664e-01	1.808258156833e+00
1.267030000000e-04	1.273987275775e-04	4.741491150195e-08	1.565429433631e+03	1.898972976642e-01	1.808332635941e+00
1.296543000000e-04	1.333995374279e-04	4.964886294213e-08	1.565414199118e+03	1.898934460123e-01	1.808250292717e+00
1.326743000000e-04	1.396812494208e-04	5.198852314255e-08	1.565411731490e+03	1.898905188293e-01	1.808087217695e+00
1.357647000000e-04	1.462625775057e-04	5.443715418034e-08	1.565377024638e+03	1.898848418288e-01	1.808104556058e+00
1.389270000000e-04	1.531550597851e-04	5.700072803271e-08	1.565331782018e+03	1.898781737537e-01	1.808170488583e+00
1.421631000000e-04	1.603634885530e-04	5.968735510298e-08	1.565345977395e+03	1.898761960321e-01	1.807878523162e+00
1.454745000000e-04	1.679234611243e-04	6.249718101636e-08	1.565276815368e+03	1.898673069978e-01	1.808071683326e+00
1.488630000000e-04	1.758324264845e-04	6.544118916185e-08	1.565252427220e+03	1.898618688912e-01	1.807985354178e+00
1.523305000000e-04	1.841171637774e-04	6.852294689513e-08	1.565206439449e+03	1.898545829651e-01	1.808027425371e+00
1.558787000000e-04	1.927868019249e-04	7.175112909278e-08	1.565187656198e+03	1.898493592577e-01	1.807887619027e+00
1.595096000000e-04	2.018635740192e-04	7.513136787825e-08	1.565171639935e+03	1.898440908044e-01	1.807715787133e+00
1.632250000000e-04	2.113784695602e-04	7.866789521256e-08	1.565097200828e+03	1.898339275611e-01	1.807890331194e+00
1.670270000000e-04	2.213239130191e-04	8.237561977413e-08	1.565108487939e+03	1.898305723731e-01	1.807532805135e+00
1.709176000000e-04	2.317562010657e-04	8.625260139588e-08	1.565027520516e+03	1.898195755042e-01	1.807719692344e+00
1.748988000000e-04	2.426717349694e-04	9.031414430986e-08	1.564982037234e+03	1.898110922420e-01	1.807679398949e+00
1.789727000000e-04	2.541016812661e-04	9.456656077054e-08	1.564929784126e+03	1.898019882440e-01	1.807661138623e+00
1.831415000000e-04	2.660676659343e-04	9.901974416205e-08	1.564884745083e+03	1.897932215245e-01	1.807587849324e+00
1.874074000000e-04	2.785918075708e-04	1.036838581427e-07	1.564856566111e+03	1.897856259791e-01	1.807395107600e+00
1.917727000000e-04	2.917156513354e-04	1.085643006432e-07	1.564785627245e+03	1.897742177645e-01	1.807440992432e+00
1.962397000000e-04	3.054506356389e-04	1.136760560931e-07	1.564735404826e+03	1.897643240993e-01	1.807342853615e+00
2.008107000000e-04	3.198238217311e-04	1.190306907161e-07	1.564711099199e+03	1.897562585720e-01	1.807076874265e+00
2.054882000000e-04	3.348877406027e-04	1.246326950208e-07	1.564633760578e+03	1.897435844275e-01	1.807109533421e+00
2.102746000000e-04	3.506595506912e-04	1.304986138321e-07	1.564557391526e+03	1.897307412559e-01	1.807113521360e+00
2.151725000000e-04	3.671568435823e-04	1.366448957773e-07	1.564526911235e+03	1.897213234350e-01	1.806819231209e+00
2.201845000000e-04	3.844559479525e-04	1.430729377755e-07	1.564419320991e+03	1.897052393803e-01	1.806970042482e+00
2.253133000000e-04	4.025551662485e-04	1.498067415905e-07	1.564345548963e+03	1.896917134626e-01	1.806894375005e+00
2.305615000000e-04	4.214980059846e-04	1.568594963409e-07	1.564288531683e+03	1.896791401643e-01	1.806695556219e+00
2.359320000000e-04	4.413414512140e-04	1.642407930565e-07	1.564201603794e+03	1.896638463267e-01	1.806643841349e+00
2.414275000000e-04	4.621092010905e-04	1.719712742117e-07	1.564132563305e+03	1.896496475479e-01	1.806465782103e+00
2.470511000000e-04	4.838578060587e-04	1.800637591136e-07	1.564049328872e+03	1.896337828167e-01	1.806345923530e+00
2.528057000000e-04	5.066293080982e-04	1.885364542269e-07	1.563960132761e+03	1.896172131038e-01	1.806233281174e+00
2.586943000000e-04	5.304627747862e-04	1.974092247237e-07	1.563881873956e+03	1.896010719852e-01	1.806016537588e+00
2.647200000000e-04	5.554406081675e-04	2.066919145504e-07	1.563752407458e+03	1.895803021963e-01	1.806085166552e+00
2.708862000000e-04	5.815674479125e-04	2.164175819503e-07	1.563665465891e+03	1.895625732295e-01	1.805862246927e+00
2.771959000000e-04	6.089340970787e-04	2.265963797773e-07	1.563551451303e+03	1.895421574954e-01	1.805774033795e+00
2.836526000000e-04	6.375828503153e-04	2.372539114754e-07	1.563436998108e+03	1.895213032156e-01	1.805644005044e+00
2.902597000000e-04	6.675777785554e-04	2.484113767454e-07	1.563316546854e+03	1.894994961386e-01	1.805513920341e+00
2.970208000000e-04	6.989785517753e-04	2.600936155281e-07	1.563196391582e+03	1.894770506932e-01	1.805349540588e+00
3.039393000000e-04	7.318533549480e-04	2.723236281258e-07	1.563069715227e+03	1.894536551579e-01	1.805178370405e+00
3.110189000000e-04	7.662699321158e-04	2.851281076303e-07	1.562938832192e+03	1.894293762259e-01	1.804991312773e+00
3.182635000000e-04	8.022875713843e-04	2.985372157038e-07	1.562821655293e+03	1.894057269872e-01	1.804680396665e+00
3.256768000000e-04	8.400397441228e-04	3.125625349030e-07	1.562639124682e+03	1.893760426853e-01	1.804715710419e+00
3.332628000000e-04	8.795269057383e-04	3.272554996516e-07	1.562495778223e+03	1.893490064614e-01	1.804464641273e+00
3.410255000000e-04	9.208641289499e-04	3.426382439646e-07	1.562349490571e+03	1.893210865372e-01	1.804188346781e+00
3.489690000000e-04	9.641643954264e-04	3.587347799748e-07	1.562165724326e+03	1.892894572957e-01	1.804077930977e+00
3.570975000000e-04	1.009459779025e-03	3.755957746846e-07	1.562014949795e+03	1.892598172794e-01	1.803723886709e+00
3.654154000000e-04	1.056922070044e-03	3.932334964282e-07	1.561808383530e+03	1.892250235627e-01	1.803639758622e+00
3.739270000000e-04	1.106591175950e-03	4.117029240897e-07	1.561611921669e+03	1.891903412320e-01	1.803439471364e+00
3.826369000000e-04	1.158550949624e-03	4.310470717029e-07	1.561443336804e+03	1.891571574796e-01	1.803012876567e+00
3.915496000000e-04	1.213004803645e-03	4.512798389731e-07	1.561208204317e+03	1.891179128790e-01	1.802915076503e+00
4.006700000000e-04	1.269988978914e-03	4.724646808847e-07	1.560982647261e+03	1.890786715333e-01	1.802698842540e+00
4.100028000000e-04	1.329618601278e-03	4.946473746900e-07	1.560766874145e+03	1.890393233482e-01	1.802352981127e+00
4.195530000000e-04	1.392040034276e-03	5.178670291279e-07	1.560539318543e+03	1.889982886399e-01	1.802009956476e+00
4.293256000000e-04	1.457414201370e-03	5.421632634093e-07	1.560277567610e+03	1.889536777249e-01	1.801793611543e+00
4.393259000000e-04	1.525820059478e-03	5.676019687056e-07	1.560023416248e+03	1.889087792050e-01	1.801453300720e+00
4.495591000000e-04	1.597419373723e-03	5.942320601747e-07	1.559762909008e+03	1.888624754445e-01	1.801075802351e+00
4.600307000000e-04	1.672405095501e-03	6.220934566627e-07	1.559462686069e+03	1.888120982768e-01	1.800843920745e+00
4.707462000000e-04	1.750853564512e-03	6.512680580897e-07	1.559177681136e+03	1.887621297192e-01	1.800437801960e+00
4.817113000000e-04	1.832979600902e-03	6.818016517838e-07	1.558872712343e+03	1.887096111933e-01	1.800061653162e+00
4.929318000000e-04	1.918948669714e-03	7.137568029811e-07	1.558549703280e+03	1.886545791080e-01	1.799697230503e+00
5.044136000000e-04	2.008928966289e-03	7.472037867390e-07	1.558213847336e+03	1.885977280803e-01	1.799313934731e+00
5.161629000000e-04	2.103117236800e-03	7.822069800752e-07	1.557859609327e+03	1.885382508568e-01	1.798940482268e+00
5.281859000000e-04	2.201689138521e-03	8.188445104205e-07	1.557495128215e+03	1.884771186927e-01	1.798518798998e+00
5.404889000000e-04	2.304846755251e-03	8.571927004790e-07	1.557121133443e+03	1.884142408713e-01	1.798047830598e+00
5.530785000000e-04	2.412822017167e-03	8.973224100583e-07	1.556726248086e+03	1.883486566537e-01	1.797585954793e+00
5.659614000000e-04	2.525806033708e-03	9.393275865169e-07	1.556325808989e+03	1.882815955056e-01	1.797046505618e+00
5.791443000000e-04	2.644056425251e-03	9.832856609840e-07	1.555904507667e+03	1.882119226361e-01	1.796506394163e+00
5.926343000000e-04	2.767862227790e-03	1.029274074832e-06	1.555445512504e+03	1.881382113179e-01	1.796067117317e+00
6.064386000000e-04	2.897368370678e-03	1.077416013169e-06	1.554991662061e+03	1.880638379626e-01	1.795468417661e+00
6.205643000000e-04	3.032896646948e-03	1.127796833803e-06	1.554519298592e+03	1.879870706103e-01	1.794846905164e+00
6.350191000000e-04	3.174713851967e-03	1.180520644799e-06	1.554028861253e+03	1.879079443169e-01	1.794190795345e+00
6.498106000000e-04	3.323107413571e-03	1.235693703407e-06	1.553522663315e+03	1.878265175499e-01	1.793487546910e+00
6.649466000000e-04	3.478447526215e-03	1.293413183055e-06	1.552978942889e+03	1.877409582068e-01	1.792867468475e+00
6.804352000000e-04	3.641069433060e-03	1.353787105477e-06	1.552389538568e+03	1.876510639130e-01	1.792363000451e+00
6.962846000000e-04	3.811093910876e-03	1.417000912476e-06	1.551820353965e+03	1.875616564980e-01	1.791577788862e+00
7.125032000000e-04	3.989030274491e-03	1.483134017459e-06	1.551219873093e+03	1.874689314235e-01	1.790823598842e+00
7.290995000000e-04	4.175330429014e-03	1.552296693783e-06	1.550563376689e+03	1.873709506742e-01	1.790236024513e+00
7.460824000000e-04	4.370159507029e-03	1.624685950911e-06	1.549908474865e+03	1.872721010977e-01	1.789464927870e+00
7.634609000000e-04	4.573869808516e-03	1.700464800544e-06	1.549259676184e+03	1.871730727691e-01	1.788475970778e+00
7.812442000000e-04	4.787295166027e-03	1.779663238958e-06	1.548517864775e+03	1.870657318931e-01	1.787870537215e+00
7.994417000000e-04	5.010292693640e-03	1.862603831512e-06	1.547814456416e+03	1.869606956729e-01	1.786843583687e+00
8.180631000000e-04	5.243846463232e-03	1.949301075905e-06	1.547028652829e+03	1.868484338117e-01	1.786118156820e+00
8.371182000000e-04	5.487948086895e-03	2.040066000375e-06	1.546263196202e+03	1.867371453319e-01	1.785073359747e+00
8.566172000000e-04	5.743316009802e-03	2.135019643938e-06	1.545465760281e+03	1.866227451737e-01	1.784012931600e+00
8.765704000000e-04	6.010615851256e-03	2.234302259795e-06	1.544609758080e+03	1.865028807768e-01	1.783099299127e+00
8.969883000000e-04	6.290247653944e-03	2.338154428594e-06	1.543721484285e+03	1.863799225205e-01	1.782172803878e+00
9.178819000000e-04	6.582674059002e-03	2.446809650026e-06	1.542815063678e+03	1.862550555866e-01	1.781129129862e+00
9.392621000000e-04	6.888523965347e-03	2.560473497756e-06	1.541881077199e+03	1.861274816396e-01	1.780023648780e+00
9.611403000000e-04	7.208198780993e-03	2.679429883206e-06	1.540950284926e+03	1.859996977394e-01	1.778674254806e+00
9.835282000000e-04	7.543077363088e-03	2.803706393971e-06	1.539909639175e+03	1.858626222589e-01	1.777753320638e+00
1.006437000000e-03	7.892833361594e-03	2.933824817331e-06	1.538902583730e+03	1.857279733874e-01	1.776380274862e+00
1.029880000000e-03	8.258946980797e-03	3.069827619382e-06	1.537819422012e+03	1.855866358445e-01	1.775223856727e+00
1.053869000000e-03	8.641570545251e-03	3.212140414382e-06	1.536734010707e+03	1.854448053317e-01	1.773827495189e+00
1.078417000000e-03	9.041937946593e-03	3.360909396097e-06	1.535584946874e+03	1.852972278384e-01	1.772561626206e+00
1.103537000000e-03	9.460358642722e-03	3.516559817056e-06	1.534427159176e+03	1.851487174885e-01	1.771075712680e+00
1.129241000000e-03	9.898396002442e-03	3.679198219633e-06	1.533178660511e+03	1.849921898851e-01	1.769873911619e+00
1.155545000000e-03	1.035612805206e-02	3.849354257196e-06	1.531923760768e+03	1.848346653411e-01	1.768435333620e+00
1.182461000000e-03	1.083466082228e-02	4.027306187368e-06	1.530638237642e+03	1.846740518671e-01	1.766897296959e+00
1.210004000000e-03	1.133539331975e-02	4.213266835260e-06	1.529275896666e+03	1.845064102933e-01	1.765542632239e+00
1.238189000000e-03	1.185831987328e-02	4.407873536697e-06	1.527927846180e+03	1.843391899913e-01	1.763797769218e+00
1.267030000000e-03	1.240547247802e-02	4.611213155431e-06	1.526498471904e+03	1.841643975546e-01	1.762250150532e+00
1.296543000000e-03	1.297731252098e-02	4.823857250420e-06	1.525041259147e+03	1.839863750587e-01	1.760562141994e+00
1.326743000000e-03	1.357508129252e-02	5.046177621075e-06	1.523543335337e+03	1.838038428554e-01	1.758799456515e+00
1.357647000000e-03	1.419977926045e-02	5.278631295623e-06	1.522012314220e+03	1.836173532981e-01	1.756914313790e+00
1.389270000000e-03	1.485268290846e-02	5.521650910295e-06	1.520441827009e+03	1.834261263709e-01	1.754944417220e+00
1.421631000000e-03	1.553563594034e-02	5.775534912032e-06	1.518788174419e+03	1.832265231041e-01	1.753134901921e+00
1.454745000000e-03	1.624928835967e-02	6.040945080635e-06	1.517097744214e+03	1.830221148170e-01	1.751204064153e+00
1.488630000000e-03	1.699478390500e-02	6.318463090001e-06	1.515383534169e+03	1.828138839786e-01	1.749066453159e+00
1.523305000000e-03	1.777440283808e-02	6.608341733636e-06	1.513585259135e+03	1.825967471589e-01	1.747072471980e+00
1.558787000000e-03	1.858924476901e-02	6.911242031964e-06	1.511729021134e+03	1.823727926601e-01	1.745054262210e+00
1.595096000000e-03	1.943995655406e-02	7.228002526715e-06	1.509863593492e+03	1.821458165472e-01	1.742713240096e+00
1.632250000000e-03	2.032928826561e-02	7.558871611882e-06	1.507921815305e+03	1.819101682550e-01	1.740449556105e+00
1.670270000000e-03	2.125889303672e-02	7.904473636550e-06	1.505904179754e+03	1.816660062576e-01	1.738243195833e+00
1.709176000000e-03	2.222954007270e-02	8.265726399996e-06	1.503859150241e+03	1.814171374532e-01	1.735798146956e+00
1.748988000000e-03	2.324447825167e-02	8.642896905025e-06	1.501716766308e+03	1.811577515035e-01	1.733524646538e+00
1.789727000000e-03	2.430342248090e-02	9.037286744077e-06	1.499573694754e+03	1.808960266994e-01	1.730834311082e+00
1.831415000000e-03	2.541052811806e-02	9.448988198709e-06	1.497327200704e+03	1.806233901420e-01	1.728326092243e+00
1.874074000000e-03	2.656631419546e-02	9.879205274964e-06	1.495046135470e+03	1.803454994381e-01	1.725591107184e+00
1.917727000000e-03	2.777391338114e-02	1.032842183144e-05	1.492683698972e+03	1.800586784615e-01	1.722892590756e+00
1.962397000000e-03	2.903491602824e-02	1.079761324014e-05	1.490262715370e+03	1.797647682089e-01	1.720085026966e+00
2.008107000000e-03	3.035248818236e-02	1.128740634154e-05	1.487752525993e+03	1.794612045665e-01	1.717345560177e+00
2.054882000000e-03	3.172727477989e-02	1.179916259614e-05	1.485211248503e+03	1.791528309786e-01	1.714313996007e+00
2.102746000000e-03	3.316279388248e-02	1.233349803847e-05	1.482599840008e+03	1.788363948996e-01	1.711219473394e+00
2.151725000000e-03	3.466227790448e-02	1.289121292448e-05	1.479898037801e+03	1.785101106815e-01	1.708171127598e+00
2.201845000000e-03	3.622691829711e-02	1.347365865403e-05	1.477148006583e+03	1.781775299413e-01	1.704907782202e+00
2.253133000000e-03	3.786080346184e-02	1.408154009508e-05	1.474309101701e+03	1.778351050354e-01	1.701657575814e+00
2.305615000000e-03	3.956637850233e-02	1.471601260974e-05	1.471396341593e+03	1.774838431163e-01	1.698337299060e+00
2.359320000000e-03	4.134591760596e-02	1.537844615581e-05	1.468424442241e+03	1.771248983473e-01	1.694833795364e+00
2.414275000000e-03	4.320356543635e-02	1.606964983834e-05	1.465364820662e+03	1.767558853056e-01	1.691312896754e+00
2.470511000000e-03	4.514236863487e-02	1.679089817874e-05	1.462222761224e+03	1.763769649943e-01	1.687735105486e+00
2.528057000000e-03	4.716490985284e-02	1.754362962816e-05	1.459012470174e+03	1.759892815570e-01	1.684000294201e+00
2.586943000000e-03	4.927522593877e-02	1.832898300878e-05	1.455721496736e+03	1.755916574741e-01	1.680180928861e+00
2.647200000000e-03	5.147704976609e-02	1.914828188513e-05	1.452344800399e+03	1.751837133544e-01	1.676291429221e+00
2.708862000000e-03	5.377381169644e-02	2.000292545181e-05	1.448884926645e+03	1.747657726593e-01	1.672303181928e+00
2.771959000000e-03	5.616988078859e-02	2.089428743221e-05	1.445334778654e+03	1.743370773955e-01	1.668254735173e+00
2.836526000000e-03	5.866859563035e-02	2.182405101717e-05	1.441704774587e+03	1.738985851013e-01	1.664076265697e+00
2.902597000000e-03	6.127371068840e-02	2.279379021819e-05	1.437997381162e+03	1.734506499267e-01	1.659733101344e+00
2.970208000000e-03	6.399119781769e-02	2.380477985722e-05	1.434185878737e+03	1.729909199839e-01	1.655383055445e+00
3.039393000000e-03	6.682371314631e-02	2.485906998379e-05	1.430295825741e+03	1.725214746012e-01	1.650856714178e+00
3.110189000000e-03	6.977704586365e-02	2.595807141265e-05	1.426309469682e+03	1.720407626352e-01	1.646257976073e+00
3.182635000000e-03	7.285550647832e-02	2.710369650833e-05	1.422231023582e+03	1.715490417970e-01	1.641547080467e+00
3.256768000000e-03	7.606397728577e-02	2.829781292547e-05	1.418060580343e+03	1.710460423024e-01	1.636714217877e+00
3.332628000000e-03	7.940781748873e-02	2.954225197288e-05	1.413793119883e+03	1.705312948653e-01	1.631778730548e+00
3.410255000000e-03	8.289227692006e-02	3.083899705638e-05	1.409427479436e+03	1.700046242375e-01	1.626734711876e+00
3.489690000000e-03	8.652336896595e-02	3.218992845844e-05	1.404957214267e+03	1.694653150162e-01	1.621616438958e+00
3.570975000000e-03	9.030513714239e-02	3.359757669660e-05	1.400397012596e+03	1.689147690252e-01	1.616317963417e+00
3.654154000000e-03	9.424517105535e-02	3.506361435027e-05	1.395727800726e+03	1.683512710163e-01	1.610948600817e+00
3.739270000000e-03	9.834835873218e-02	3.659062798392e-05	1.390959503588e+03	1.677757588173e-01	1.605438197015e+00
3.826369000000e-03	1.026212644409e-01	3.818079658480e-05	1.386086517526e+03	1.671877549080e-01	1.599809064774e+00
3.915496000000e-03	1.070704634250e-01	3.983650786913e-05	1.381106809230e+03	1.665870771297e-01	1.594062127841e+00
4.006700000000e-03	1.117021892567e-01	4.156034885328e-05	1.376023116702e+03	1.659738547493e-01	1.588176935470e+00
4.100028000000e-03	1.165241252884e-01	4.335450641110e-05	1.370825159109e+03	1.653469753381e-01	1.582200932379e+00
4.195530000000e-03	1.215424470354e-01	4.522195064986e-05	1.365519723111e+03	1.647070128073e-01	1.576083747243e+00
4.293256000000e-03	1.267639834142e-01	4.716541702968e-05	1.360107445001e+03	1.640539027904e-01	1.569809670161e+00
4.393259000000e-03	1.321973960374e-01	4.918730624673e-05	1.354578030530e+03	1.633866124735e-01	1.563434786168e+00
4.495591000000e-03	1.378499176775e-01	5.129065905821e-05	1.348933995123e+03	1.627055267906e-01	1.556930693691e+00
4.600307000000e-03	1.437290509765e-01	5.347847516681e-05	1.343174563592e+03	1.620106300346e-01	1.550286757032e+00
4.707462000000e-03	1.498430650255e-01	5.575364918152e-05	1.337299007756e+03	1.613017679931e-01	1.543506941613e+00
4.817113000000e-03	1.561999902305e-01	5.811943793448e-05	1.331306351662e+03	1.605788893861e-01	1.536580917107e+00
4.929318000000e-03	1.628088051844e-01	6.057882398000e-05	1.325193792625e+03	1.598415180318e-01	1.529519847169e+00
5.044136000000e-03	1.696782241452e-01	6.313511951753e-05	1.318958264768e+03	1.590894148188e-01	1.522326040709e+00
5.161629000000e-03	1.768164214800e-01	6.579168516958e-05	1.312602298047e+03	1.583226146968e-01	1.514975756423e+00
5.281859000000e-03	1.842338228925e-01	6.855186090671e-05	1.306120617460e+03	1.575405272387e-01	1.507498838142e+00
5.404889000000e-03	1.919390630979e-01	7.141910839671e-05	1.299513672784e+03	1.567433349410e-01	1.499874575262e+00
5.530785000000e-03	1.999418371099e-01	7.439705561910e-05	1.292779461315e+03	1.559309566918e-01	1.492106539411e+00
5.659614000000e-03	2.082516088756e-01	7.748937296716e-05	1.285918317811e+03	1.551032762587e-01	1.484182079403e+00
5.791443000000e-03	2.168787224332e-01	8.069972981741e-05	1.278927836266e+03	1.542600219899e-01	1.476112313178e+00
5.926343000000e-03	2.258370667559e-01	8.403135367662e-05	1.271800074768e+03	1.533988631308e-01	1.467937942739e+00
6.064386000000e-03	2.351317097603e-01	8.748920182305e-05	1.264540054156e+03	1.525272374468e-01	1.459558135573e+00
6.205643000000e-03	2.447804471899e-01	9.107348763827e-05	1.257126196146e+03	1.516334226148e-01	1.451189926067e+00
6.350191000000e-03	2.547727458708e-01	9.479743806864e-05	1.249626039800e+03	1.507284590336e-01	1.442366939794e+00
6.498106000000e-03	2.651597000222e-01	9.865009277957e-05	1.241911645754e+03	1.497990056224e-01	1.433868219913e+00
6.649466000000e-03	2.759004985550e-01	1.026531473501e-04	1.234148234832e+03	1.488611942581e-01	1.424671160855e+00
6.804352000000e-03	2.870491681523e-01	1.067969896809e-04	1.226193132219e+03	1.479021141016e-01	1.415630188355e+00
6.962846000000e-03	2.985921872312e-01	1.110930169263e-04	1.218125478870e+03	1.469280545353e-01	1.406256739448e+00
7.125032000000e-03	3.105361574941e-01	1.155472960276e-04	1.209952312636e+03	1.459401290122e-01	1.396507079786e+00
7.290995000000e-03	3.229395240504e-01	1.201503400465e-04	1.201544487352e+03	1.449276106553e-01	1.387143761973e+00
7.460824000000e-03	3.357528559870e-01	1.249237231863e-04	1.193063919926e+03	1.439035007757e-01	1.377181785741e+00
7.634609000000e-03	3.490436832415e-01	1.298559225475e-04	1.184368947907e+03	1.428561768240e-01	1.367482618465e+00
7.812442000000e-03	3.627590398597e-01	1.349691956819e-04	1.175611926578e+03	1.417979970622e-01	1.357097749767e+00
7.994417000000e-03	3.769816004173e-01	1.402473280295e-04	1.166624400970e+03	1.407151559963e-01	1.347036998238e+00
8.180631000000e-03	3.916646017026e-01	1.457112504420e-04	1.157538949619e+03	1.396186391738e-01	1.336502125551e+00
8.371182000000e-03	4.068118673254e-01	1.513672235271e-04	1.148361324302e+03	1.385089976349e-01	1.325437283019e+00
8.566172000000e-03	4.225105659007e-01	1.571978334319e-04	1.138939714424e+03	1.373732505301e-01	1.314770599789e+00
8.765704000000e-03	4.387369780018e-01	1.632165957521e-04	1.129347265925e+03	1.362177411954e-01	1.304048817475e+00
8.969883000000e-03	4.554351207691e-01	1.694469385617e-04	1.119700696469e+03	1.350519888281e-01	1.292537377758e+00
9.178819000000e-03	4.727156088681e-01	1.758632830036e-04	1.109821612309e+03	1.338611007645e-01	1.281342649015e+00
9.392621000000e-03	4.905218751047e-01	1.824893837252e-04	1.099823956414e+03	1.326546441582e-01	1.269747870853e+00
9.611403000000e-03	5.088800096774e-01	1.893237365835e-04	1.089679164387e+03	1.314301883910e-01	1.257938251902e+00
9.835282000000e-03	5.278342708282e-01	1.963594779232e-04	1.079332051436e+03	1.301831682483e-01	1.246222481819e+00
1.006437000000e-02	5.473162463354e-01	2.036212859820e-04	1.068896071011e+03	1.289227610103e-01	1.233915585260e+00
1.029880000000e-02	5.674282546239e-01	2.110871795428e-04	1.058240397636e+03	1.276383918428e-01	1.221831098622e+00
1.053869000000e-02	5.880854012570e-01	2.187844628590e-04	1.047488493421e+03	1.263398809264e-01	1.209200428004e+00
1.078417000000e-02	6.093395731800e-01	2.267042095861e-04	1.036579346794e+03	1.250226193521e-01	1.196407578633e+00
1.103537000000e-02	6.312598804195e-01	2.348298078090e-04	1.025440184368e+03	1.236805132988e-01	1.183882160015e+00
1.129241000000e-02	6.537223493810e-01	2.432010420417e-04	1.014222039595e+03	1.223260880429e-01	1.170712460494e+00
1.155545000000e-02	6.768499903438e-01	2.517859491155e-04	1.002795734489e+03	1.209485485976e-01	1.157704062379e+00
1.182461000000e-02	7.005803939832e-01	2.606034252137e-04	9.912321852662e+02	1.195536275182e-01	1.144417942670e+00
1.210004000000e-02	7.248945056350e-01	2.696616826745e-04	9.795521830109e+02	1.181433695542e-01	1.130741401177e+00
1.238189000000e-02	7.498731171057e-01	2.789389016276e-04	9.676813685303e+02	1.167117211362e-01	1.117141017566e+00
1.267030000000e-02	7.754289136606e-01	2.884603671299e-04	9.557039159649e+02	1.152656346370e-01	1.103125394730e+00
1.296543000000e-02	8.016954980708e-01	2.981868949717e-04	9.435052828879e+02	1.137956789315e-01	1.089399447451e+00
1.326743000000e-02	8.285144222580e-01	3.081638039722e-04	9.312219508184e+02	1.123133653627e-01	1.075154922292e+00
1.357647000000e-02	8.559828215955e-01	3.183608145322e-04	9.187756603262e+02	1.108122857106e-01	1.060895122448e+00
1.389270000000e-02	8.840098700846e-01	3.288003877679e-04	9.062345757446e+02	1.092981447522e-01	1.046224940836e+00
1.421631000000e-02	9.127143675552e-01	3.394484629111e-04	8.935137036299e+02	1.077642270178e-01	1.031706754709e+00
1.454745000000e-02	9.419371342774e-01	3.503420128710e-04	8.807227057956e+02	1.062197381225e-01	1.016686090101e+00
1.488630000000e-02	9.718225029943e-01	3.614381174676e-04	8.677657348125e+02	1.046568409351e-01	1.001802096913e+00
1.523305000000e-02	1.002242867247e+00	3.727667132620e-04	8.547257324916e+02	1.030827063375e-01	9.865884086506e-01
1.558788000000e-02	1.033350316598e+00	3.842793295179e-04	8.415149953559e+02	1.014903950068e-01	9.716340438978e-01
1.595097000000e-02	1.064911616355e+00	3.960343568093e-04	8.282683730776e+02	9.989125375870e-02	9.561578240045e-01
1.632252000000e-02	1.097145940522e+00	4.079638471288e-04	8.148658969922e+02	9.827569254555e-02	9.409615759458e-01
1.670273000000e-02	1.129770105535e+00	4.201394978429e-04	8.014609839422e+02	9.665675850317e-02	9.251619725837e-01
1.709180000000e-02	1.162982863286e+00	4.324992583596e-04	7.879529904505e+02	9.502647816602e-02	9.094519830683e-01
1.748995000000e-02	1.196750056505e+00	4.450440794787e-04	7.743657672557e+02	9.338720864472e-02	8.937553116378e-01
1.789738000000e-02	1.231082772414e+00	4.577633816676e-04	7.607007890600e+02	9.173942511359e-02	8.781425463686e-01
1.831432000000e-02	1.265905574050e+00	4.706741806245e-04	7.470045129957e+02	9.008754560278e-02	8.624239612454e-01
1.874100000000e-02	1.301132217840e+00	4.837949059667e-04	7.333183688614e+02	8.843552070638e-02	8.464409041204e-01
1.917766000000e-02	1.336961062043e+00	4.970621020779e-04	7.195701726976e+02	8.677770460119e-02	8.307173138476e-01
1.962454000000e-02	1.373295662979e+00	5.105051274771e-04	7.058169323747e+02	8.511948705318e-02	8.150193819308e-01
2.008192000000e-02	1.409897427639e+00	5.241887533188e-04	6.921553099021e+02	8.346947303591e-02	7.988629576714e-01
2.055007000000e-02	1.447314546004e+00	5.379588838448e-04	6.784104211629e+02	8.181353837602e-02	7.834282433991e-01
2.102928000000e-02	1.484877670902e+00	5.520131060721e-04	6.648282751427e+02	8.017300798433e-02	7.673364656787e-01
2.151986000000e-02	1.523144996148e+00	5.662010862969e-04	6.512450270518e+02	7.853474138858e-02	7.516979744916e-01
2.202214000000e-02	1.562001884756e+00	5.805688345282e-04	6.377264372301e+02	7.690484481359e-02	7.362489577328e-01
2.253650000000e-02	1.601325507530e+00	5.951725302231e-04	6.243334079601e+02	7.528911366182e-02	7.207317385651e-01
2.306332000000e-02	1.641294022480e+00	6.099773669220e-04	6.110389739950e+02	7.368567229189e-02	7.054342779369e-01
2.360304000000e-02	1.681800871785e+00	6.250547398941e-04	5.979054951970e+02	7.210076474980e-02	6.901129320829e-01
2.415613000000e-02	1.723139209927e+00	6.403575190971e-04	5.848900965209e+02	7.053126387629e-02	6.751577236640e-01
2.472311000000e-02	1.765316218614e+00	6.559326663390e-04	5.720279787972e+02	6.898086153530e-02	6.604682122601e-01
2.530457000000e-02	1.808332925442e+00	6.718276137731e-04	5.593543889335e+02	6.745287508383e-02	6.459535858643e-01
2.590115000000e-02	1.852122938371e+00	6.881403922599e-04	5.469242510160e+02	6.595276958691e-02	6.314026508262e-01
2.651354000000e-02	1.897074118866e+00	7.048251299789e-04	5.346877031525e+02	6.447676386981e-02	6.172106643813e-01
2.714256000000e-02	1.943469494634e+00	7.218952634860e-04	5.226372928237e+02	6.302481264990e-02	6.035543768577e-01
2.778905000000e-02	1.990827472104e+00	7.395912480534e-04	5.109073949490e+02	6.160872156900e-02	5.896974459441e-01
2.845398000000e-02	2.040022101979e+00	7.577755816247e-04	4.993776421320e+02	6.021888730043e-02	5.764645810004e-01
2.913841000000e-02	2.091077889106e+00	7.765625484902e-04	4.880946624704e+02	5.885952069273e-02	5.636631679635e-01
2.984350000000e-02	2.143880171680e+00	7.961230589597e-04	4.771181315648e+02	5.753595085311e-02	5.509678488539e-01
3.057049000000e-02	2.198899286073e+00	8.164788656066e-04	4.664188168831e+02	5.624607087386e-02	5.386327607364e-01
3.132075000000e-02	2.256057732681e+00	8.378121016244e-04	4.560468631992e+02	5.499419230691e-02	5.263756585037e-01
3.209577000000e-02	2.316305284788e+00	8.600198076721e-04	4.459052096023e+02	5.377233438658e-02	5.148116147505e-01
3.289713000000e-02	2.379424382664e+00	8.833447428270e-04	4.360654944642e+02	5.258638431740e-02	5.034953081171e-01
3.372651000000e-02	2.445703232940e+00	9.078823679338e-04	4.265179015733e+02	5.143538536312e-02	4.924490088390e-01
3.458571000000e-02	2.515447137709e+00	9.337267069681e-04	4.172494288434e+02	5.031792416115e-02	4.816914377576e-01
3.547662000000e-02	2.588994148669e+00	9.609413354515e-04	4.082337369650e+02	4.923113416376e-02	4.712642659820e-01
3.640122000000e-02	2.666592596341e+00	9.896099142818e-04	3.994519323723e+02	4.817283259673e-02	4.611574600451e-01
3.736157000000e-02	2.748504052356e+00	1.019766093960e-03	3.908678735340e+02	4.713891934636e-02	4.513836487832e-01
3.835979000000e-02	2.834207210741e+00	1.051641763870e-03	3.825115282425e+02	4.613066826074e-02	4.415120879884e-01
3.939806000000e-02	2.924605946894e+00	1.084962775668e-03	3.742512608681e+02	4.513538078556e-02	4.320477484677e-01
4.047862000000e-02	3.019005792075e+00	1.119886054480e-03	3.660967799819e+02	4.415215623842e-02	4.225686677418e-01
4.160370000000e-02	3.117689120608e+00	1.156144998681e-03	3.579439020067e+02	4.317012232382e-02	4.133012171568e-01
4.277557000000e-02	3.219523481889e+00	1.193797692045e-03	3.497898819639e+02	4.218670408649e-02	4.038027956239e-01
4.399649000000e-02	3.324547052278e+00	1.232416304861e-03	3.415137672730e+02	4.118927450015e-02	3.943218616937e-01
4.526871000000e-02	3.431529772148e+00	1.271811508715e-03	3.330800317418e+02	4.017229272940e-02	3.845796888795e-01
4.659445000000e-02	3.539604072109e+00	1.311571042431e-03	3.244109883546e+02	3.912686757756e-02	3.745694960577e-01
4.797590000000e-02	3.647292824028e+00	1.351316174430e-03	3.154656539554e+02	3.804728939647e-02	3.641157725367e-01
4.941520000000e-02	3.754158898572e+00	1.390315558703e-03	3.061456960521e+02	3.692373798928e-02	3.534930925126e-01
5.091446000000e-02	3.857975885326e+00	1.428340324860e-03	2.964817816377e+02	3.575785886830e-02	3.423309726370e-01
5.247573000000e-02	3.957812642988e+00	1.464841762915e-03	2.864558618791e+02	3.454816599602e-02	3.307452313688e-01
5.410101000000e-02	4.052683151807e+00	1.499458074626e-03	2.761010923266e+02	3.329866258224e-02	3.187710443707e-01
5.579226000000e-02	4.142145406865e+00	1.531966627060e-03	2.654819146082e+02	3.201727890991e-02	3.065097771333e-01
5.755142000000e-02	4.226242394944e+00	1.562448268929e-03	2.547075701735e+02	3.071713614822e-02	2.940615922832e-01
5.938038000000e-02	4.305806710068e+00	1.591275270813e-03	2.439227240285e+02	2.941551267376e-02	2.815576487015e-01
6.128101000000e-02	4.383389334626e+00	1.618948520847e-03	2.332689957683e+02	2.813054086876e-02	2.693564400495e-01
6.325518000000e-02	4.460651161055e+00	1.646932726478e-03	2.229788677666e+02	2.688854015839e-02	2.573697138965e-01
6.530477000000e-02	4.542753052644e+00	1.676124946054e-03	2.131822471864e+02	2.570712310062e-02	2.461460928140e-01
6.743165000000e-02	4.632952899747e+00	1.708463709102e-03	2.040791597150e+02	2.460910144507e-02	2.356311798061e-01
6.963775000000e-02	4.736020732162e+00	1.745398890962e-03	1.957732154409e+02	2.360752031833e-02	2.260575954629e-01
7.192502000000e-02	4.855358368081e+00	1.788384073875e-03	1.883290507215e+02	2.270978824467e-02	2.174283537799e-01
7.429548000000e-02	4.993438709533e+00	1.838207360631e-03	1.817169917135e+02	2.191259896093e-02	2.097544762731e-01
7.675120000000e-02	5.150723623841e+00	1.894696763703e-03	1.758183725293e+02	2.120181413764e-02	2.029721336268e-01
7.929434000000e-02	5.324058928658e+00	1.956983984274e-03	1.704572185300e+02	2.055583909096e-02	1.967946453408e-01
8.192717000000e-02	5.507786312726e+00	2.022835245684e-03	1.653839453155e+02	1.994457555979e-02	1.909586738397e-01
8.465203000000e-02	5.693127858708e+00	2.089191014749e-03	1.603342894149e+02	1.933589171663e-02	1.851149308388e-01
8.747140000000e-02	5.870076977630e+00	2.152272359747e-03	1.550563966896e+02	1.869931981058e-02	1.789917118863e-01
9.038788000000e-02	6.029224507608e+00	2.208276627219e-03	1.493595470414e+02	1.801238323331e-02	1.724417222105e-01
9.340420000000e-02	6.162743945575e+00	2.254690469279e-03	1.431869227276e+02	1.726774789412e-02	1.653218539096e-01
9.652323000000e-02	6.267767253918e+00	2.290747354455e-03	1.366104358532e+02	1.647387141401e-02	1.576730425492e-01
9.974800000000e-02	6.349509168117e+00	2.317385722688e-03	1.298019436912e+02	1.565259576892e-02	1.498636951520e-01
1.030817000000e-01	6.417465014074e+00	2.338957711622e-03	1.230710554923e+02	1.484044075709e-02	1.421027549907e-01
1.065276000000e-01	6.487855065247e+00	2.361066889898e-03	1.167297008634e+02	1.407545477662e-02	1.348043911460e-01
1.100893000000e-01	6.577337053083e+00	2.390307298368e-03	1.110579568929e+02	1.339109588408e-02	1.282144535068e-01
1.137705000000e-01	6.700401905266e+00	2.431268874981e-03	1.061835809610e+02	1.280324282587e-02	1.225732565880e-01
1.175749000000e-01	6.862026197297e+00	2.485739972056e-03	1.020761492577e+02	1.230806059554e-02	1.178295261258e-01
1.215067000000e-01	7.055331562502e+00	2.550941552782e-03	9.852399484738e+01	1.188002222655e-02	1.137568788281e-01
1.255700000000e-01	7.261910635577e+00	2.620865119947e-03	9.522982892153e+01	1.148285698234e-02	1.099274115057e-01
1.297692000000e-01	7.456988502625e+00	2.685745581355e-03	9.183951708053e+01	1.107406703576e-02	1.060120958517e-01
1.341088000000e-01	7.615392019710e+00	2.736665584426e-03	8.810056645861e+01	1.062307411362e-02	1.017000288469e-01
1.385936000000e-01	7.725988402048e+00	2.769743902173e-03	8.397452865506e+01	1.012529536923e-02	9.693953042309e-02
1.432283000000e-01	7.797862540772e+00	2.788280060657e-03	7.964727718040e+01	9.603206477381e-03	9.194831356760e-02
1.480179000000e-01	7.856405551813e+00	2.801584304636e-03	7.542925409960e+01	9.094282162174e-03	8.707419888867e-02
1.529677000000e-01	7.932174415000e+00	2.820263934810e-03	7.160220178648e+01	8.632684937442e-03	8.266389430452e-02
1.580827000000e-01	8.047870939639e+00	2.852529590117e-03	6.832361156476e+01	8.237253051864e-03	7.888124811399e-02
1.633682000000e-01	8.207155956682e+00	2.899460449369e-03	6.555086935546e+01	7.902939664144e-03	7.567873143766e-02
1.688298000000e-01	8.387193148652e+00	2.952927177383e-03	6.304665167669e+01	7.600961102502e-03	7.277334296314e-02
1.744726000000e-01	8.550584068187e+00	2.999317304144e-03	6.051185734176e+01	7.295212202005e-03	6.983837617002e-02
1.803021000000e-01	8.669602864992e+00	3.028389321821e-03	5.777531445840e+01	6.965226158556e-03	6.670376910518e-02
1.863237000000e-01	8.740749896982e+00	3.040108782019e-03	5.487900809129e+01	6.615814499700e-03	6.335840143065e-02
1.925425000000e-01	8.791453262805e+00	3.043980728723e-03	5.202949905831e+01	6.271965782604e-03	6.005343084663e-02
1.989637000000e-01	8.862220098404e+00	3.053160522228e-03	4.945575762683e+01	5.961593598232e-03	5.709620891726e-02
2.055921000000e-01	8.970212145290e+00	3.073947280865e-03	4.722685245270e+01	5.692839248026e-03	5.453771976023e-02
2.124324000000e-01	9.098339566038e+00	3.101189475392e-03	4.522533797295e+01	5.451348239643e-03	5.219919370071e-02
2.194887000000e-01	9.211871993140e+00	3.121225995309e-03	4.325138458949e+01	5.213309876895e-03	4.992354306072e-02
2.267651000000e-01	9.284031137467e+00	3.125840680835e-03	4.120115575968e+01	4.965989363639e-03	4.755490451909e-02
2.342649000000e-01	9.325049188426e+00	3.118056935011e-03	3.913910669273e+01	4.717306162066e-03	4.519068023675e-02
2.419909000000e-01	9.365262854448e+00	3.109218678843e-03	3.720813130536e+01	4.484351873707e-03	4.295584354212e-02
2.499454000000e-01	9.426187494551e+00	3.105994423845e-03	3.547928094622e+01	4.275828463505e-03	4.094808760527e-02
2.581299000000e-01	9.495874442034e+00	3.103327936319e-03	3.388667638352e+01	4.083764653466e-03	3.912190154005e-02
2.665452000000e-01	9.546348420314e+00	3.093136827591e-03	3.233040049353e+01	3.896063608243e-03	3.732299948336e-02
2.751913000000e-01	9.568096511357e+00	3.071891811772e-03	3.078206487656e+01	3.709310055896e-03	3.553807861742e-02
2.840672000000e-01	9.575792422542e+00	3.044717316576e-03	2.929556282607e+01	3.530014758504e-03	3.382275434851e-02
2.931714000000e-01	9.586509522446e+00	3.017070887599e-03	2.792051235350e+01	3.364180470654e-03	3.223552523073e-02
3.025011000000e-01	9.598909454662e+00	2.988689090969e-03	2.664620919800e+01	3.210473831204e-03	3.075921510732e-02
3.120529000000e-01	9.598308550894e+00	2.954806485806e-03	2.542644516187e+01	3.063337726813e-03	2.934613739549e-02
3.218227000000e-01	9.577569683049e+00	2.913322013379e-03	2.424205093688e+01	2.920495523644e-03	2.797633173126e-02
3.318055000000e-01	9.544772056120e+00	2.866801188502e-03	2.311377620160e+01	2.784425440898e-03	2.667659603833e-02
3.419959000000e-01	9.510364071785e+00	2.818678934684e-03	2.206394144161e+01	2.657837346061e-03	2.546889749787e-02
3.523879000000e-01	9.468736323231e+00	2.767667331436e-03	2.107527518742e+01	2.538609847313e-03	2.432665718240e-02
3.629754000000e-01	9.412554311398e+00	2.711473138523e-03	2.012814307648e+01	2.424400172841e-03	2.323541434625e-02
3.737523000000e-01	9.344724331160e+00	2.651369572128e-03	1.922696512697e+01	2.315734669214e-03	2.219593140762e-02
3.847123000000e-01	9.270043949391e+00	2.588971735192e-03	1.837876636800e+01	2.213450409865e-03	2.121599521193e-02
3.958500000000e-01	9.188231259220e+00	2.524201630770e-03	1.757926414559e+01	2.117059202796e-03	2.029544367072e-02
4.071604000000e-01	9.096807744573e+00	2.456892825912e-03	1.682038382160e+01	2.025548564639e-03	1.941733167348e-02
4.186391000000e-01	8.995402707497e+00	2.386895677136e-03	1.609869231714e+01	1.938542967259e-03	1.858587812757e-02
4.302831000000e-01	8.888266331760e+00	2.316011182396e-03	1.541834235347e+01	1.856483590354e-03	1.779393154580e-02
4.420905000000e-01	8.773437677640e+00	2.243274938847e-03	1.477353368671e+01	1.778764417917e-03	1.705363565319e-02
4.540606000000e-01	8.652161973797e+00	2.169765271905e-03	1.416264425608e+01	1.705118263936e-03	1.634765319825e-02
4.661941000000e-01	8.522891309454e+00	2.095118136060e-03	1.358071378427e+01	1.634976801791e-03	1.567698857452e-02
4.784935000000e-01	8.389348355110e+00	2.020605158987e-03	1.303047034864e+01	1.568639710741e-03	1.503891448796e-02
4.909624000000e-01	8.250027796876e+00	1.945887802792e-03	1.250739543464e+01	1.505595101767e-03	1.443509664152e-02
5.036060000000e-01	8.105357147863e+00	1.871312367655e-03	1.200954333174e+01	1.445599910884e-03	1.386167658062e-02
5.164309000000e-01	7.956074986245e+00	1.797253040857e-03	1.153569930655e+01	1.388507302172e-03	1.331735865007e-02
5.294450000000e-01	7.803519074255e+00	1.724237986869e-03	1.108491898537e+01	1.334180603302e-03	1.279580649240e-02
5.426572000000e-01	7.647239532638e+00	1.652249501120e-03	1.065484105820e+01	1.282351644606e-03	1.229831972738e-02
5.560778000000e-01	7.487556364830e+00	1.581506162190e-03	1.024407627359e+01	1.232860657783e-03	1.182437170173e-02
5.697176000000e-01	7.325257050611e+00	1.512317142603e-03	9.851696798993e+00	1.185586687920e-03	1.137158933424e-02
5.835883000000e-01	7.160742173128e+00	1.444880231439e-03	9.476488731859e+00	1.140385987605e-03	1.093860536647e-02
5.977022000000e-01	6.994270784127e+00	1.379349435256e-03	9.117171416295e+00	1.097102120310e-03	1.052401585640e-02
6.120719000000e-01	6.826441958650e+00	1.315912354991e-03	8.772922269742e+00	1.055634964669e-03	1.012617799015e-02
6.267107000000e-01	6.657591813260e+00	1.254717416549e-03	8.442828634653e+00	1.015876215382e-03	9.744886783876e-03
6.416316000000e-01	6.488150969587e+00	1.195889430715e-03	8.126084246433e+00	9.777274608414e-04	9.379007819653e-03
6.568480000000e-01	6.318496651341e+00	1.139529821558e-03	7.821907385580e+00	9.410949729346e-04	9.027635922187e-03
6.723731000000e-01	6.149085118031e+00	1.085728059096e-03	7.529690242154e+00	9.059054664018e-04	8.690083301493e-03
6.882202000000e-01	5.980212551028e+00	1.034523162801e-03	7.248699588859e+00	8.720703941251e-04	8.365509861726e-03
7.044023000000e-01	5.812242069213e+00	9.859403513548e-04	6.978355153534e+00	8.395196592210e-04	8.053269775827e-03
7.209324000000e-01	5.645416034088e+00	9.400011126750e-04	6.718082849338e+00	8.081877627822e-04	7.753584408027e-03
7.378231000000e-01	5.480181713743e+00	8.966638791229e-04	6.467448568993e+00	7.780217222452e-04	7.465447537307e-03
7.550869000000e-01	5.317002251226e+00	8.558860820616e-04	6.226184336236e+00	7.489800346439e-04	7.187963431948e-03
7.727361000000e-01	5.156602918546e+00	8.175102874746e-04	5.994140169119e+00	7.210431252539e-04	6.918830373548e-03
7.907828000000e-01	4.998477671201e+00	7.815018494472e-04	5.770378312688e+00	6.941106303276e-04	6.660622899141e-03
8.092388000000e-01	4.843053455831e+00	7.477259288204e-04	5.554706703919e+00	6.681602979767e-04	6.412846577083e-03
8.281160000000e-01	4.691193889724e+00	7.159595640982e-04	5.347307049048e+00	6.431939139381e-04	6.171455725643e-03
8.474260000000e-01	4.542002038004e+00	6.861324373064e-04	5.147096099071e+00	6.190982054527e-04	5.941428816338e-03
8.671804000000e-01	4.396514101925e+00	6.579924448652e-04	4.954434664658e+00	5.959093479951e-04	5.718168736743e-03
8.873909000000e-01	4.254015071117e+00	6.314196308565e-04	4.768400673328e+00	5.735317015936e-04	5.505305261019e-03
9.080691000000e-01	4.115342017082e+00	6.061720051449e-04	4.589395159462e+00	5.519916662669e-04	5.298627229400e-03
9.292265000000e-01	3.980425209657e+00	5.820950796240e-04	4.417086480751e+00	5.312536885755e-04	5.098223424750e-03
9.508751000000e-01	3.848783603374e+00	5.590800082957e-04	4.250845968297e+00	5.112512516853e-04	4.906328084586e-03
9.730267000000e-01	3.720693534443e+00	5.369774347623e-04	4.090705446302e+00	4.919833113712e-04	4.721448278806e-03
9.956934000000e-01	3.596081257355e+00	5.156748212890e-04	3.936415578262e+00	4.734195344711e-04	4.543256872670e-03
1.018887000000e+00	3.474916056900e+00	4.950931040469e-04	3.787798078031e+00	4.555385191630e-04	4.371548962025e-03
1.042621000000e+00	3.356915911781e+00	4.751549762825e-04	3.644457293108e+00	4.382966169207e-04	4.207027224200e-03
1.066908000000e+00	3.242379799014e+00	4.558644844480e-04	3.506533651188e+00	4.217042468514e-04	4.047803288763e-03
1.091759000000e+00	3.130958135480e+00	4.371874958729e-04	3.373577959566e+00	4.057101131944e-04	3.894588728545e-03
1.117190000000e+00	3.022868277860e+00	4.191501841677e-04	3.245674456261e+00	3.903198659628e-04	3.746159007362e-03
1.143213000000e+00	2.917948322353e+00	4.017501589652e-04	3.122553802597e+00	3.755032721175e-04	3.602889192509e-03
1.169842000000e+00	2.815511702679e+00	3.850275616795e-04	3.003522562031e+00	3.611945407812e-04	3.467614071742e-03
1.197091000000e+00	2.716597752031e+00	3.690235392023e-04	2.889334849937e+00	3.474539200360e-04	3.334601834194e-03
1.224975000000e+00	2.620481779628e+00	3.537204371878e-04	2.779247326785e+00	3.342101673333e-04	3.207150380038e-03
1.253508000000e+00	2.527241474664e+00	3.391414002138e-04	2.673218471307e+00	3.214572049658e-04	3.084745762256e-03
1.282706000000e+00	2.436859397815e+00	3.252807888649e-04	2.571105059439e+00	3.091751327911e-04	2.966866197620e-03
1.312584000000e+00	2.349198848589e+00	3.120957712329e-04	2.472679035197e+00	2.973402422714e-04	2.854080546456e-03
1.343158000000e+00	2.264381426891e+00	2.995524791225e-04	2.377953360847e+00	2.859486779984e-04	2.745197479143e-03
1.374444000000e+00	2.182592412606e+00	2.876050554891e-04	2.287011809558e+00	2.750051042956e-04	2.638958902023e-03
1.406459000000e+00	2.103084595154e+00	2.761860209425e-04	2.199091274513e+00	2.644363139007e-04	2.538814429794e-03
1.439220000000e+00	2.026462436614e+00	2.652425973398e-04	2.114683491579e+00	2.542827255704e-04	2.441006525955e-03
1.472744000000e+00	1.952430293255e+00	2.547288813050e-04	2.033465741935e+00	2.445124770528e-04	2.346769711144e-03
1.507048000000e+00	1.880760235183e+00	2.445828159093e-04	1.955178509698e+00	2.350997520009e-04	2.256867657006e-03
1.542152000000e+00	1.811553617774e+00	2.347998498912e-04	1.879873159670e+00	2.260433308724e-04	2.169986671988e-03
1.578073000000e+00	1.744672616994e+00	2.253596799994e-04	1.807381663611e+00	2.173248205011e-04	2.086221581474e-03
1.614831000000e+00	1.680049326169e+00	2.162591449288e-04	1.737616155577e+00	2.089351275631e-04	2.005762118665e-03
1.652446000000e+00	1.617613330603e+00	2.075139331439e-04	1.670474030587e+00	2.008613038442e-04	1.928417518302e-03
1.690936000000e+00	1.557387016453e+00	1.991309691389e-04	1.605925981157e+00	1.930971322928e-04	1.853584747509e-03
1.730323000000e+00	1.499218737491e+00	1.911033349044e-04	1.543803493884e+00	1.856252981177e-04	1.781625434944e-03
1.770627000000e+00	1.443089016973e+00	1.834436095359e-04	1.484046894497e+00	1.784377478745e-04	1.712324836399e-03
1.811871000000e+00	1.388780066797e+00	1.761212321516e-04	1.426410569367e+00	1.715095744380e-04	1.646412234614e-03
1.854075000000e+00	1.336494812203e+00	1.691236943432e-04	1.371060482894e+00	1.648536529403e-04	1.582531666367e-03
1.897261000000e+00	1.286089477809e+00	1.624200705625e-04	1.317830004851e+00	1.584511804521e-04	1.520794093325e-03
1.941454000000e+00	1.237496765675e+00	1.559802376383e-04	1.266634509254e+00	1.522937001714e-04	1.461440698155e-03
1.986677000000e+00	1.190588068973e+00	1.497751309543e-04	1.217328657821e+00	1.463650171406e-04	1.404586083450e-03
2.032952000000e+00	1.145297677102e+00	1.437862481216e-04	1.169839093032e+00	1.406571162418e-04	1.350359551355e-03
2.080306000000e+00	1.101782847828e+00	1.380348268222e-04	1.124299789417e+00	1.351790450068e-04	1.297335342194e-03
2.128762000000e+00	1.059769938488e+00	1.324972345125e-04	1.080437569871e+00	1.299046458153e-04	1.246681375869e-03
2.178348000000e+00	1.019275829910e+00	1.271906948170e-04	1.038247556512e+00	1.248313818973e-04	1.197961368510e-03
2.229088000000e+00	9.801868641064e-01	1.221008070427e-04	9.976071777524e-01	1.199465943779e-04	1.151508330524e-03
2.281010000000e+00	9.425985502289e-01	1.172366768732e-04	9.585917709041e-01	1.152551035614e-04	1.106438074519e-03
2.334142000000e+00	9.063991924223e-01	1.125777026382e-04	9.210799939704e-01	1.107439746776e-04	1.063017255992e-03
2.388511000000e+00	8.715261384057e-01	1.081100523564e-04	8.850002288257e-01	1.064054738593e-04	1.021334688542e-03
2.444146000000e+00	8.379583452325e-01	1.038133804655e-04	8.503171728292e-01	1.022344926537e-04	9.811318827594e-04
2.501078000000e+00	8.055845301254e-01	9.966286517930e-05	8.169226716450e-01	9.821978351834e-05	9.427540258987e-04
2.559335000000e+00	7.744410326692e-01	9.567430097394e-05	7.848454766025e-01	9.436274476159e-05	9.057336188014e-04
2.618950000000e+00	7.444256288028e-01	9.184081504086e-05	7.539715453981e-01	9.065059713363e-05	8.701353454645e-04
2.679953000000e+00	7.155991182702e-01	8.817543038866e-05	7.243600900976e-01	8.708927406982e-05	8.357658626361e-04
2.742377000000e+00	6.877550634760e-01	8.465526637387e-05	6.957963893315e-01	8.365640067453e-05	8.031410587182e-04
2.806255000000e+00	6.610158397075e-01	8.128574607503e-05	6.683954583060e-01	8.036145367766e-05	7.714836667905e-04
2.871621000000e+00	6.352880323836e-01	7.805750372968e-05	6.420569186564e-01	7.719406446286e-05	7.409569320330e-04
2.938510000000e+00	6.105825399605e-01	7.494393065190e-05	6.167913316514e-01	7.415640176960e-05	7.118291851346e-04
3.006957000000e+00	5.866118217677e-01	7.193210015851e-05	5.923037529556e-01	7.121173383753e-05	6.834693264423e-04
3.076998000000e+00	5.637208173364e-01	6.905893796169e-05	5.689438118001e-01	6.840381024226e-05	6.567233604150e-04
3.148670000000e+00	5.416722994556e-01	6.629324269016e-05	5.464639951666e-01	6.570039795692e-05	6.306573385880e-04
3.222012000000e+00	5.204358662122e-01	6.364507435236e-05	5.248331854462e-01	6.309961086557e-05	6.056907470701e-04
3.297063000000e+00	4.984280179035e-01	6.091725811316e-05	5.024491776197e-01	6.040847203583e-05	5.798877630862e-04
3.373861000000e+00	4.804224531877e-01	5.868143039714e-05	4.841223306869e-01	5.820501653993e-05	5.587462262579e-04
3.452448000000e+00	4.614897174656e-01	5.632510977176e-05	4.648814434807e-01	5.589154638546e-05	5.365344103439e-04
3.532866000000e+00	4.433437132878e-01	5.406611830824e-05	4.464538543592e-01	5.367534820845e-05	5.151233353350e-04
3.615157000000e+00	4.258493996691e-01	5.189496977805e-05	4.287029341638e-01	5.154186609844e-05	4.948267554575e-04
3.699365000000e+00	4.090871697971e-01	4.982499009993e-05	4.117054704735e-01	4.949776849051e-05	4.750964679075e-04
3.785534000000e+00	3.929373268966e-01	4.783284349687e-05	3.953387633621e-01	4.752960925967e-05	4.561482485240e-04
3.873711000000e+00	3.773835884159e-01	4.592209710730e-05	3.795845726828e-01	4.563577112106e-05	4.380250190816e-04
3.963941000000e+00	3.624551820693e-01	4.407290132301e-05	3.644729879913e-01	4.381878357594e-05	4.205741698521e-04
4.056273000000e+00	3.481047257583e-01	4.230434496881e-05	3.499545830529e-01	4.207307880645e-05	4.037959098218e-04
4.150756000000e+00	3.343069381025e-01	4.060624007933e-05	3.360042185436e-01	4.039573146396e-05	3.877080081724e-04
4.247439000000e+00	3.210385169441e-01	3.898231639795e-05	3.225953971058e-01	3.878382839711e-05	3.722509317621e-04
4.346375000000e+00	3.082769718034e-01	3.741743360598e-05	3.097043883555e-01	3.723420809908e-05	3.574489048045e-04
4.447615000000e+00	2.960314443046e-01	3.591031480587e-05	2.973392009443e-01	3.574740187156e-05	3.431423938826e-04
4.551213000000e+00	2.842698012321e-01	3.446824482660e-05	2.854690761250e-01	3.431990434598e-05	3.293769046843e-04
4.657225000000e+00	2.729487073295e-01	3.308628440561e-05	2.740490733648e-01	3.294694433218e-05	3.162328150999e-04
4.765705000000e+00	2.620691600148e-01	3.176051730964e-05	2.630770055511e-01	3.162809266192e-05	3.036113291048e-04
4.876713000000e+00	2.516255108999e-01	3.048300105894e-05	2.525495499170e-01	3.036213701483e-05	2.914153966647e-04
4.990306000000e+00	2.415860450667e-01	2.924956664045e-05	2.424337829499e-01	2.914582801817e-05	2.797193397056e-04
