7.290995000000e-06	1.903644000000e-06	1.836850000000e-10	2.304580000000e+03	-3.878336000000e-02	4.805366000000e-01
7.460824000000e-06	1.993360000000e-06	1.923423000000e-10	2.304580000000e+03	-3.878331000000e-02	4.805366000000e-01
7.634609000000e-06	2.087301000000e-06	2.014074000000e-10	2.304580000000e+03	-3.878337000000e-02	4.805365000000e-01
7.812442000000e-06	2.185674000000e-06	2.108988000000e-10	2.304579000000e+03	-3.878335000000e-02	4.805365000000e-01
7.994417000000e-06	2.288676000000e-06	2.208382000000e-10	2.304580000000e+03	-3.878349000000e-02	4.805363000000e-01
8.180631000000e-06	2.396541000000e-06	2.312454000000e-10	2.304579000000e+03	-3.878341000000e-02	4.805363000000e-01
8.371182000000e-06	2.509491000000e-06	2.421443000000e-10	2.304579000000e+03	-3.878331000000e-02	4.805363000000e-01
8.566172000000e-06	2.627754000000e-06	2.535569000000e-10	2.304579000000e+03	-3.878336000000e-02	4.805363000000e-01
8.765704000000e-06	2.751602000000e-06	2.655070000000e-10	2.304578000000e+03	-3.878329000000e-02	4.805363000000e-01
8.969883000000e-06	2.881276000000e-06	2.780196000000e-10	2.304578000000e+03	-3.878338000000e-02	4.805362000000e-01
9.178819000000e-06	3.017064000000e-06	2.911210000000e-10	2.304578000000e+03	-3.878348000000e-02	4.805361000000e-01
9.392621000000e-06	3.159257000000e-06	3.048410000000e-10	2.304578000000e+03	-3.878340000000e-02	4.805360000000e-01
9.611403000000e-06	3.308147000000e-06	3.192092000000e-10	2.304577000000e+03	-3.878337000000e-02	4.805360000000e-01
9.835282000000e-06	3.464055000000e-06	3.342513000000e-10	2.304577000000e+03	-3.878340000000e-02	4.805359000000e-01
1.006437000000e-05	3.627309000000e-06	3.500045000000e-10	2.304577000000e+03	-3.878347000000e-02	4.805358000000e-01
1.029880000000e-05	3.798257000000e-06	3.664979000000e-10	2.304577000000e+03	-3.878349000000e-02	4.805357000000e-01
1.053869000000e-05	3.977263000000e-06	3.837708000000e-10	2.304576000000e+03	-3.878347000000e-02	4.805357000000e-01
1.078417000000e-05	4.164693000000e-06	4.018490000000e-10	2.304577000000e+03	-3.878378000000e-02	4.805354000000e-01
1.103537000000e-05	4.360980000000e-06	4.207954000000e-10	2.304576000000e+03	-3.878352000000e-02	4.805355000000e-01
1.129241000000e-05	4.566508000000e-06	4.406289000000e-10	2.304575000000e+03	-3.878347000000e-02	4.805354000000e-01
1.155545000000e-05	4.781713000000e-06	4.613922000000e-10	2.304575000000e+03	-3.878361000000e-02	4.805353000000e-01
1.182461000000e-05	5.007071000000e-06	4.831364000000e-10	2.304575000000e+03	-3.878357000000e-02	4.805352000000e-01
1.210004000000e-05	5.243047000000e-06	5.059068000000e-10	2.304574000000e+03	-3.878355000000e-02	4.805351000000e-01
1.238189000000e-05	5.490143000000e-06	5.297509000000e-10	2.304574000000e+03	-3.878353000000e-02	4.805350000000e-01
1.267030000000e-05	5.748884000000e-06	5.547117000000e-10	2.304573000000e+03	-3.878364000000e-02	4.805348000000e-01
1.296543000000e-05	6.019821000000e-06	5.808595000000e-10	2.304573000000e+03	-3.878355000000e-02	4.805348000000e-01
1.326743000000e-05	6.303529000000e-06	6.082330000000e-10	2.304572000000e+03	-3.878355000000e-02	4.805346000000e-01
1.357647000000e-05	6.600575000000e-06	6.368849000000e-10	2.304573000000e+03	-3.878391000000e-02	4.805343000000e-01
1.389270000000e-05	6.911679000000e-06	6.669165000000e-10	2.304571000000e+03	-3.878353000000e-02	4.805344000000e-01
1.421631000000e-05	7.237414000000e-06	6.983426000000e-10	2.304571000000e+03	-3.878360000000e-02	4.805342000000e-01
1.454745000000e-05	7.578498000000e-06	7.312606000000e-10	2.304570000000e+03	-3.878354000000e-02	4.805341000000e-01
1.488630000000e-05	7.935661000000e-06	7.657181000000e-10	2.304569000000e+03	-3.878361000000e-02	4.805339000000e-01
1.523305000000e-05	8.309656000000e-06	8.018063000000e-10	2.304569000000e+03	-3.878360000000e-02	4.805338000000e-01
1.558787000000e-05	8.701266000000e-06	8.395940000000e-10	2.304568000000e+03	-3.878364000000e-02	4.805336000000e-01
1.595096000000e-05	9.111350000000e-06	8.791640000000e-10	2.304567000000e+03	-3.878362000000e-02	4.805334000000e-01
1.632250000000e-05	9.540747000000e-06	9.205964000000e-10	2.304567000000e+03	-3.878366000000e-02	4.805332000000e-01
1.670270000000e-05	9.990383000000e-06	9.639852000000e-10	2.304566000000e+03	-3.878365000000e-02	4.805331000000e-01
1.709176000000e-05	1.046121000000e-05	1.009413000000e-09	2.304565000000e+03	-3.878369000000e-02	4.805328000000e-01
1.748988000000e-05	1.095422000000e-05	1.056979000000e-09	2.304564000000e+03	-3.878379000000e-02	4.805326000000e-01
1.789727000000e-05	1.147047000000e-05	1.106798000000e-09	2.304563000000e+03	-3.878375000000e-02	4.805324000000e-01
1.831415000000e-05	1.201104000000e-05	1.158945000000e-09	2.304563000000e+03	-3.878395000000e-02	4.805321000000e-01
1.874074000000e-05	1.257709000000e-05	1.213560000000e-09	2.304562000000e+03	-3.878402000000e-02	4.805318000000e-01
1.917727000000e-05	1.316983000000e-05	1.270764000000e-09	2.304560000000e+03	-3.878390000000e-02	4.805316000000e-01
1.962397000000e-05	1.379050000000e-05	1.330653000000e-09	2.304559000000e+03	-3.878390000000e-02	4.805314000000e-01
2.008107000000e-05	1.444041000000e-05	1.393351000000e-09	2.304558000000e+03	-3.878406000000e-02	4.805310000000e-01
2.054882000000e-05	1.512096000000e-05	1.459023000000e-09	2.304557000000e+03	-3.878401000000e-02	4.805308000000e-01
2.102746000000e-05	1.583359000000e-05	1.527794000000e-09	2.304556000000e+03	-3.878395000000e-02	4.805305000000e-01
2.151725000000e-05	1.657981000000e-05	1.599806000000e-09	2.304554000000e+03	-3.878387000000e-02	4.805302000000e-01
2.201845000000e-05	1.736116000000e-05	1.675188000000e-09	2.304553000000e+03	-3.878401000000e-02	4.805298000000e-01
2.253133000000e-05	1.817935000000e-05	1.754135000000e-09	2.304551000000e+03	-3.878404000000e-02	4.805295000000e-01
2.305615000000e-05	1.903611000000e-05	1.836802000000e-09	2.304550000000e+03	-3.878407000000e-02	4.805291000000e-01
2.359320000000e-05	1.993324000000e-05	1.923369000000e-09	2.304548000000e+03	-3.878408000000e-02	4.805287000000e-01
2.414275000000e-05	2.087264000000e-05	2.014009000000e-09	2.304547000000e+03	-3.878414000000e-02	4.805283000000e-01
2.470511000000e-05	2.185634000000e-05	2.108933000000e-09	2.304545000000e+03	-3.878411000000e-02	4.805279000000e-01
2.528057000000e-05	2.288638000000e-05	2.208333000000e-09	2.304543000000e+03	-3.878408000000e-02	4.805275000000e-01
2.586943000000e-05	2.396496000000e-05	2.312399000000e-09	2.304541000000e+03	-3.878416000000e-02	4.805270000000e-01
2.647200000000e-05	2.509436000000e-05	2.421377000000e-09	2.304539000000e+03	-3.878420000000e-02	4.805265000000e-01
2.708862000000e-05	2.627700000000e-05	2.535490000000e-09	2.304537000000e+03	-3.878424000000e-02	4.805260000000e-01
2.771959000000e-05	2.751535000000e-05	2.654974000000e-09	2.304535000000e+03	-3.878432000000e-02	4.805254000000e-01
2.836526000000e-05	2.881210000000e-05	2.780104000000e-09	2.304532000000e+03	-3.878431000000e-02	4.805249000000e-01
2.902597000000e-05	3.016994000000e-05	2.911124000000e-09	2.304530000000e+03	-3.878434000000e-02	4.805243000000e-01
2.970208000000e-05	3.159177000000e-05	3.048322000000e-09	2.304527000000e+03	-3.878436000000e-02	4.805237000000e-01
3.039393000000e-05	3.308061000000e-05	3.191983000000e-09	2.304525000000e+03	-3.878440000000e-02	4.805231000000e-01
3.110189000000e-05	3.463957000000e-05	3.342375000000e-09	2.304522000000e+03	-3.878460000000e-02	4.805223000000e-01
3.182635000000e-05	3.627207000000e-05	3.499916000000e-09	2.304519000000e+03	-3.878454000000e-02	4.805217000000e-01
3.256768000000e-05	3.798146000000e-05	3.664857000000e-09	2.304516000000e+03	-3.878459000000e-02	4.805210000000e-01
3.332628000000e-05	3.977142000000e-05	3.837568000000e-09	2.304513000000e+03	-3.878465000000e-02	4.805202000000e-01
3.410255000000e-05	4.164572000000e-05	4.018418000000e-09	2.304510000000e+03	-3.878471000000e-02	4.805194000000e-01
3.489690000000e-05	4.360832000000e-05	4.207746000000e-09	2.304506000000e+03	-3.878493000000e-02	4.805184000000e-01
3.570975000000e-05	4.566343000000e-05	4.406056000000e-09	2.304503000000e+03	-3.878496000000e-02	4.805176000000e-01
3.654154000000e-05	4.781543000000e-05	4.613739000000e-09	2.304499000000e+03	-3.878490000000e-02	4.805167000000e-01
3.739270000000e-05	5.006882000000e-05	4.831148000000e-09	2.304495000000e+03	-3.878501000000e-02	4.805157000000e-01
3.826369000000e-05	5.242837000000e-05	5.058826000000e-09	2.304491000000e+03	-3.878508000000e-02	4.805147000000e-01
3.915496000000e-05	5.489913000000e-05	5.297213000000e-09	2.304486000000e+03	-3.878519000000e-02	4.805136000000e-01
4.006700000000e-05	5.748634000000e-05	5.546871000000e-09	2.304482000000e+03	-3.878521000000e-02	4.805125000000e-01
4.100028000000e-05	6.019545000000e-05	5.808271000000e-09	2.304477000000e+03	-3.878530000000e-02	4.805114000000e-01
4.195530000000e-05	6.303225000000e-05	6.082005000000e-09	2.304472000000e+03	-3.878535000000e-02	4.805102000000e-01
4.293256000000e-05	6.600270000000e-05	6.368611000000e-09	2.304466000000e+03	-3.878547000000e-02	4.805089000000e-01
4.393259000000e-05	6.911311000000e-05	6.668743000000e-09	2.304461000000e+03	-3.878555000000e-02	4.805075000000e-01
4.495591000000e-05	7.237015000000e-05	6.983008000000e-09	2.304455000000e+03	-3.878564000000e-02	4.805061000000e-01
4.600307000000e-05	7.578064000000e-05	7.312084000000e-09	2.304449000000e+03	-3.878574000000e-02	4.805047000000e-01
4.707462000000e-05	7.935183000000e-05	7.656663000000e-09	2.304443000000e+03	-3.878586000000e-02	4.805031000000e-01
4.817113000000e-05	8.309134000000e-05	8.017486000000e-09	2.304436000000e+03	-3.878596000000e-02	4.805015000000e-01
4.929318000000e-05	8.700704000000e-05	8.395289000000e-09	2.304429000000e+03	-3.878610000000e-02	4.804998000000e-01
5.044136000000e-05	9.110725000000e-05	8.790898000000e-09	2.304422000000e+03	-3.878624000000e-02	4.804981000000e-01
5.161629000000e-05	9.540064000000e-05	9.205173000000e-09	2.304414000000e+03	-3.878636000000e-02	4.804962000000e-01
5.281859000000e-05	9.989640000000e-05	9.638946000000e-09	2.304406000000e+03	-3.878650000000e-02	4.804943000000e-01
5.404889000000e-05	1.046040000000e-04	1.009318000000e-08	2.304398000000e+03	-3.878663000000e-02	4.804923000000e-01
5.530785000000e-05	1.095333000000e-04	1.056882000000e-08	2.304389000000e+03	-3.878677000000e-02	4.804902000000e-01
5.659614000000e-05	1.146950000000e-04	1.106684000000e-08	2.304380000000e+03	-3.878694000000e-02	4.804880000000e-01
5.791443000000e-05	1.200999000000e-04	1.158836000000e-08	2.304370000000e+03	-3.878709000000e-02	4.804856000000e-01
5.926343000000e-05	1.257595000000e-04	1.213442000000e-08	2.304360000000e+03	-3.878726000000e-02	4.804832000000e-01
6.064386000000e-05	1.316857000000e-04	1.270622000000e-08	2.304350000000e+03	-3.878745000000e-02	4.804807000000e-01
6.205643000000e-05	1.378911000000e-04	1.330499000000e-08	2.304339000000e+03	-3.878761000000e-02	4.804780000000e-01
6.350191000000e-05	1.443890000000e-04	1.393189000000e-08	2.304328000000e+03	-3.878785000000e-02	4.804752000000e-01
6.498106000000e-05	1.511930000000e-04	1.458842000000e-08	2.304315000000e+03	-3.878802000000e-02	4.804723000000e-01
6.649466000000e-05	1.583176000000e-04	1.527579000000e-08	2.304303000000e+03	-3.878827000000e-02	4.804692000000e-01
6.804352000000e-05	1.657779000000e-04	1.599564000000e-08	2.304290000000e+03	-3.878846000000e-02	4.804661000000e-01
6.962846000000e-05	1.735896000000e-04	1.674935000000e-08	2.304276000000e+03	-3.878870000000e-02	4.804627000000e-01
7.125032000000e-05	1.817695000000e-04	1.753858000000e-08	2.304261000000e+03	-3.878894000000e-02	4.804592000000e-01
7.290995000000e-05	1.903346000000e-04	1.836500000000e-08	2.304246000000e+03	-3.878919000000e-02	4.804556000000e-01
7.460824000000e-05	1.993034000000e-04	1.923031000000e-08	2.304230000000e+03	-3.878947000000e-02	4.804517000000e-01
7.634609000000e-05	2.086947000000e-04	2.013641000000e-08	2.304214000000e+03	-3.878975000000e-02	4.804477000000e-01
7.812442000000e-05	2.185285000000e-04	2.108522000000e-08	2.304197000000e+03	-3.879003000000e-02	4.804435000000e-01
7.994417000000e-05	2.288255000000e-04	2.207866000000e-08	2.304178000000e+03	-3.879035000000e-02	4.804391000000e-01
8.180631000000e-05	2.396077000000e-04	2.311904000000e-08	2.304159000000e+03	-3.879061000000e-02	4.804345000000e-01
8.371182000000e-05	2.508977000000e-04	2.420831000000e-08	2.304139000000e+03	-3.879095000000e-02	4.804297000000e-01
8.566172000000e-05	2.627196000000e-04	2.534883000000e-08	2.304119000000e+03	-3.879133000000e-02	4.804246000000e-01
8.765704000000e-05	2.750985000000e-04	2.654321000000e-08	2.304097000000e+03	-3.879166000000e-02	4.804194000000e-01
8.969883000000e-05	2.880604000000e-04	2.779374000000e-08	2.304074000000e+03	-3.879206000000e-02	4.804139000000e-01
9.178819000000e-05	3.016330000000e-04	2.910321000000e-08	2.304050000000e+03	-3.879245000000e-02	4.804081000000e-01
9.392621000000e-05	3.158450000000e-04	3.047440000000e-08	2.304025000000e+03	-3.879284000000e-02	4.804021000000e-01
9.611403000000e-05	3.307263000000e-04	3.191017000000e-08	2.303999000000e+03	-3.879325000000e-02	4.803957000000e-01
9.835282000000e-05	3.463086000000e-04	3.341355000000e-08	2.303971000000e+03	-3.879368000000e-02	4.803891000000e-01
1.006437000000e-04	3.626248000000e-04	3.498769000000e-08	2.303943000000e+03	-3.879414000000e-02	4.803822000000e-01
1.029880000000e-04	3.797096000000e-04	3.663600000000e-08	2.303913000000e+03	-3.879461000000e-02	4.803750000000e-01
1.053869000000e-04	3.975990000000e-04	3.836192000000e-08	2.303881000000e+03	-3.879510000000e-02	4.803674000000e-01
1.078417000000e-04	4.163311000000e-04	4.016904000000e-08	2.303849000000e+03	-3.879564000000e-02	4.803595000000e-01
1.103537000000e-04	4.359452000000e-04	4.206139000000e-08	2.303814000000e+03	-3.879616000000e-02	4.803512000000e-01
1.129241000000e-04	4.564833000000e-04	4.404279000000e-08	2.303778000000e+03	-3.879671000000e-02	4.803425000000e-01
1.155545000000e-04	4.779885000000e-04	4.611740000000e-08	2.303740000000e+03	-3.879731000000e-02	4.803335000000e-01
1.182461000000e-04	5.005063000000e-04	4.828984000000e-08	2.303701000000e+03	-3.879789000000e-02	4.803240000000e-01
1.210004000000e-04	5.240846000000e-04	5.056439000000e-08	2.303660000000e+03	-3.879854000000e-02	4.803141000000e-01
1.238189000000e-04	5.487730000000e-04	5.294620000000e-08	2.303617000000e+03	-3.879918000000e-02	4.803037000000e-01
1.267030000000e-04	5.746241000000e-04	5.543999000000e-08	2.303572000000e+03	-3.879986000000e-02	4.802929000000e-01
1.296543000000e-04	6.016924000000e-04	5.805131000000e-08	2.303524000000e+03	-3.880054000000e-02	4.802815000000e-01
1.326743000000e-04	6.300351000000e-04	6.078555000000e-08	2.303475000000e+03	-3.880126000000e-02	4.802697000000e-01
1.357647000000e-04	6.597122000000e-04	6.364844000000e-08	2.303423000000e+03	-3.880201000000e-02	4.802573000000e-01
1.389270000000e-04	6.907863000000e-04	6.664593000000e-08	2.303369000000e+03	-3.880281000000e-02	4.802443000000e-01
1.421631000000e-04	7.233235000000e-04	6.978485000000e-08	2.303313000000e+03	-3.880358000000e-02	4.802308000000e-01
1.454745000000e-04	7.573921000000e-04	7.307113000000e-08	2.303254000000e+03	-3.880443000000e-02	4.802166000000e-01
1.488630000000e-04	7.930646000000e-04	7.651238000000e-08	2.303192000000e+03	-3.880527000000e-02	4.802018000000e-01
1.523305000000e-04	8.304159000000e-04	8.011531000000e-08	2.303127000000e+03	-3.880617000000e-02	4.801864000000e-01
1.558787000000e-04	8.695255000000e-04	8.388791000000e-08	2.303059000000e+03	-3.880708000000e-02	4.801702000000e-01
1.595096000000e-04	9.104755000000e-04	8.783787000000e-08	2.302989000000e+03	-3.880804000000e-02	4.801533000000e-01
1.632250000000e-04	9.533527000000e-04	9.197382000000e-08	2.302915000000e+03	-3.880900000000e-02	4.801357000000e-01
1.670270000000e-04	9.982477000000e-04	9.630440000000e-08	2.302837000000e+03	-3.880999000000e-02	4.801172000000e-01
1.709176000000e-04	1.045255000000e-03	1.008383000000e-07	2.302756000000e+03	-3.881105000000e-02	4.800980000000e-01
1.748988000000e-04	1.094474000000e-03	1.055858000000e-07	2.302672000000e+03	-3.881210000000e-02	4.800779000000e-01
1.789727000000e-04	1.146009000000e-03	1.105565000000e-07	2.302584000000e+03	-3.881320000000e-02	4.800569000000e-01
1.831415000000e-04	1.199968000000e-03	1.157611000000e-07	2.302491000000e+03	-3.881430000000e-02	4.800349000000e-01
1.874074000000e-04	1.256466000000e-03	1.212100000000e-07	2.302395000000e+03	-3.881546000000e-02	4.800120000000e-01
1.917727000000e-04	1.315621000000e-03	1.269158000000e-07	2.302294000000e+03	-3.881660000000e-02	4.799881000000e-01
1.962397000000e-04	1.377557000000e-03	1.328893000000e-07	2.302188000000e+03	-3.881781000000e-02	4.799631000000e-01
2.008107000000e-04	1.442407000000e-03	1.391439000000e-07	2.302078000000e+03	-3.881902000000e-02	4.799371000000e-01
2.054882000000e-04	1.510307000000e-03	1.456925000000e-07	2.301963000000e+03	-3.882025000000e-02	4.799099000000e-01
2.102746000000e-04	1.581399000000e-03	1.525488000000e-07	2.301842000000e+03	-3.882150000000e-02	4.798815000000e-01
2.151725000000e-04	1.655833000000e-03	1.597271000000e-07	2.301717000000e+03	-3.882279000000e-02	4.798519000000e-01
2.201845000000e-04	1.733766000000e-03	1.672427000000e-07	2.301585000000e+03	-3.882410000000e-02	4.798210000000e-01
2.253133000000e-04	1.815362000000e-03	1.751117000000e-07	2.301448000000e+03	-3.882540000000e-02	4.797888000000e-01
2.305615000000e-04	1.900794000000e-03	1.833503000000e-07	2.301305000000e+03	-3.882670000000e-02	4.797552000000e-01
2.359320000000e-04	1.990241000000e-03	1.919761000000e-07	2.301155000000e+03	-3.882801000000e-02	4.797202000000e-01
2.414275000000e-04	2.083889000000e-03	2.010065000000e-07	2.300999000000e+03	-3.882934000000e-02	4.796837000000e-01
2.470511000000e-04	2.181939000000e-03	2.104613000000e-07	2.300836000000e+03	-3.883065000000e-02	4.796457000000e-01
2.528057000000e-04	2.284593000000e-03	2.203600000000e-07	2.300666000000e+03	-3.883195000000e-02	4.796060000000e-01
2.586943000000e-04	2.392070000000e-03	2.307239000000e-07	2.300488000000e+03	-3.883321000000e-02	4.795647000000e-01
2.647200000000e-04	2.504594000000e-03	2.415738000000e-07	2.300303000000e+03	-3.883447000000e-02	4.795217000000e-01
2.708862000000e-04	2.622401000000e-03	2.529329000000e-07	2.300110000000e+03	-3.883571000000e-02	4.794769000000e-01
2.771959000000e-04	2.745740000000e-03	2.648256000000e-07	2.299908000000e+03	-3.883687000000e-02	4.794302000000e-01
2.836526000000e-04	2.874868000000e-03	2.772757000000e-07	2.299697000000e+03	-3.883802000000e-02	4.793817000000e-01
2.902597000000e-04	3.010055000000e-03	2.903098000000e-07	2.299478000000e+03	-3.883913000000e-02	4.793311000000e-01
2.970208000000e-04	3.151588000000e-03	3.039557000000e-07	2.299249000000e+03	-3.884014000000e-02	4.792785000000e-01
3.039393000000e-04	3.299761000000e-03	3.182414000000e-07	2.299011000000e+03	-3.884107000000e-02	4.792238000000e-01
3.110189000000e-04	3.454884000000e-03	3.331970000000e-07	2.298762000000e+03	-3.884191000000e-02	4.791669000000e-01
3.182635000000e-04	3.617282000000e-03	3.488541000000e-07	2.298503000000e+03	-3.884264000000e-02	4.791078000000e-01
3.256768000000e-04	3.787297000000e-03	3.652443000000e-07	2.298233000000e+03	-3.884327000000e-02	4.790463000000e-01
3.332628000000e-04	3.965281000000e-03	3.824035000000e-07	2.297951000000e+03	-3.884374000000e-02	4.789824000000e-01
3.410255000000e-04	4.151608000000e-03	4.003658000000e-07	2.297658000000e+03	-3.884409000000e-02	4.789161000000e-01
3.489690000000e-04	4.346667000000e-03	4.191705000000e-07	2.297353000000e+03	-3.884425000000e-02	4.788471000000e-01
3.570975000000e-04	4.550865000000e-03	4.388551000000e-07	2.297035000000e+03	-3.884423000000e-02	4.787756000000e-01
3.654154000000e-04	4.764627000000e-03	4.594619000000e-07	2.296705000000e+03	-3.884401000000e-02	4.787013000000e-01
3.739270000000e-04	4.988401000000e-03	4.810336000000e-07	2.296360000000e+03	-3.884355000000e-02	4.786242000000e-01
3.826369000000e-04	5.222651000000e-03	5.036159000000e-07	2.296002000000e+03	-3.884284000000e-02	4.785442000000e-01
3.915496000000e-04	5.467868000000e-03	5.272540000000e-07	2.295630000000e+03	-3.884186000000e-02	4.784612000000e-01
4.006700000000e-04	5.724557000000e-03	5.519983000000e-07	2.295242000000e+03	-3.884061000000e-02	4.783752000000e-01
4.100028000000e-04	5.993259000000e-03	5.779008000000e-07	2.294840000000e+03	-3.883900000000e-02	4.782860000000e-01
4.195530000000e-04	6.274526000000e-03	6.050149000000e-07	2.294421000000e+03	-3.883706000000e-02	4.781936000000e-01
4.293256000000e-04	6.568947000000e-03	6.333952000000e-07	2.293986000000e+03	-3.883478000000e-02	4.780979000000e-01
4.393259000000e-04	6.877132000000e-03	6.631054000000e-07	2.293534000000e+03	-3.883205000000e-02	4.779987000000e-01
4.495591000000e-04	7.199716000000e-03	6.942009000000e-07	2.293064000000e+03	-3.882896000000e-02	4.778960000000e-01
4.600307000000e-04	7.537372000000e-03	7.267486000000e-07	2.292577000000e+03	-3.882542000000e-02	4.777897000000e-01
4.707462000000e-04	7.890797000000e-03	7.608200000000e-07	2.292071000000e+03	-3.882138000000e-02	4.776797000000e-01
4.817113000000e-04	8.260726000000e-03	7.964831000000e-07	2.291546000000e+03	-3.881681000000e-02	4.775659000000e-01
4.929318000000e-04	8.647923000000e-03	8.338081000000e-07	2.291001000000e+03	-3.881177000000e-02	4.774482000000e-01
5.044136000000e-04	9.053182000000e-03	8.728757000000e-07	2.290435000000e+03	-3.880618000000e-02	4.773264000000e-01
5.161629000000e-04	9.477348000000e-03	9.137695000000e-07	2.289849000000e+03	-3.879997000000e-02	4.772005000000e-01
5.281859000000e-04	9.921288000000e-03	9.565688000000e-07	2.289241000000e+03	-3.879320000000e-02	4.770703000000e-01
5.404889000000e-04	1.038592000000e-02	1.001364000000e-06	2.288611000000e+03	-3.878580000000e-02	4.769357000000e-01
5.530785000000e-04	1.087221000000e-02	1.048247000000e-06	2.287959000000e+03	-3.877779000000e-02	4.767966000000e-01
5.659614000000e-04	1.138114000000e-02	1.097316000000e-06	2.287282000000e+03	-3.876909000000e-02	4.766529000000e-01
5.791443000000e-04	1.191377000000e-02	1.148669000000e-06	2.286582000000e+03	-3.875977000000e-02	4.765044000000e-01
5.926343000000e-04	1.247119000000e-02	1.202414000000e-06	2.285857000000e+03	-3.874977000000e-02	4.763510000000e-01
6.064386000000e-04	1.305454000000e-02	1.258665000000e-06	2.285106000000e+03	-3.873903000000e-02	4.761925000000e-01
6.205643000000e-04	1.366502000000e-02	1.317532000000e-06	2.284329000000e+03	-3.872761000000e-02	4.760288000000e-01
6.350191000000e-04	1.430387000000e-02	1.379135000000e-06	2.283525000000e+03	-3.871552000000e-02	4.758597000000e-01
6.498106000000e-04	1.497240000000e-02	1.443602000000e-06	2.282693000000e+03	-3.870274000000e-02	4.756851000000e-01
6.649466000000e-04	1.567198000000e-02	1.511067000000e-06	2.281832000000e+03	-3.868925000000e-02	4.755047000000e-01
6.804352000000e-04	1.640404000000e-02	1.581664000000e-06	2.280943000000e+03	-3.867508000000e-02	4.753183000000e-01
6.962846000000e-04	1.717006000000e-02	1.655539000000e-06	2.280023000000e+03	-3.866023000000e-02	4.751259000000e-01
7.125032000000e-04	1.797160000000e-02	1.732844000000e-06	2.279072000000e+03	-3.864469000000e-02	4.749271000000e-01
7.290995000000e-04	1.881029000000e-02	1.813730000000e-06	2.278089000000e+03	-3.862851000000e-02	4.747218000000e-01
7.460824000000e-04	1.968783000000e-02	1.898368000000e-06	2.277073000000e+03	-3.861166000000e-02	4.745097000000e-01
7.634609000000e-04	2.060600000000e-02	1.986930000000e-06	2.276023000000e+03	-3.859416000000e-02	4.742907000000e-01
7.812442000000e-04	2.156666000000e-02	2.079590000000e-06	2.274939000000e+03	-3.857602000000e-02	4.740645000000e-01
7.994417000000e-04	2.257175000000e-02	2.176536000000e-06	2.273819000000e+03	-3.855725000000e-02	4.738309000000e-01
8.180631000000e-04	2.362329000000e-02	2.277969000000e-06	2.272662000000e+03	-3.853784000000e-02	4.735896000000e-01
8.371182000000e-04	2.472340000000e-02	2.384086000000e-06	2.271467000000e+03	-3.851781000000e-02	4.733404000000e-01
8.566172000000e-04	2.587429000000e-02	2.495104000000e-06	2.270234000000e+03	-3.849715000000e-02	4.730831000000e-01
8.765704000000e-04	2.707827000000e-02	2.611240000000e-06	2.268960000000e+03	-3.847587000000e-02	4.728174000000e-01
8.969883000000e-04	2.833776000000e-02	2.732737000000e-06	2.267645000000e+03	-3.845389000000e-02	4.725431000000e-01
9.178819000000e-04	2.965527000000e-02	2.859835000000e-06	2.266288000000e+03	-3.843123000000e-02	4.722600000000e-01
9.392621000000e-04	3.103343000000e-02	2.992782000000e-06	2.264888000000e+03	-3.840788000000e-02	4.719677000000e-01
9.611403000000e-04	3.247499000000e-02	3.131848000000e-06	2.263442000000e+03	-3.838378000000e-02	4.716661000000e-01
9.835282000000e-04	3.398281000000e-02	3.277306000000e-06	2.261951000000e+03	-3.835891000000e-02	4.713550000000e-01
1.006437000000e-03	3.555989000000e-02	3.429452000000e-06	2.260413000000e+03	-3.833322000000e-02	4.710340000000e-01
1.029880000000e-03	3.720934000000e-02	3.588575000000e-06	2.258826000000e+03	-3.830670000000e-02	4.707029000000e-01
1.053869000000e-03	3.893444000000e-02	3.755007000000e-06	2.257189000000e+03	-3.827926000000e-02	4.703616000000e-01
1.078417000000e-03	4.073857000000e-02	3.929058000000e-06	2.255502000000e+03	-3.825093000000e-02	4.700096000000e-01
1.103537000000e-03	4.262529000000e-02	4.111079000000e-06	2.253762000000e+03	-3.822164000000e-02	4.696468000000e-01
1.129241000000e-03	4.459832000000e-02	4.301433000000e-06	2.251968000000e+03	-3.819136000000e-02	4.692729000000e-01
1.155545000000e-03	4.666149000000e-02	4.500481000000e-06	2.250119000000e+03	-3.816010000000e-02	4.688875000000e-01
1.182461000000e-03	4.881886000000e-02	4.708617000000e-06	2.248214000000e+03	-3.812782000000e-02	4.684904000000e-01
1.210004000000e-03	5.107463000000e-02	4.926257000000e-06	2.246250000000e+03	-3.809448000000e-02	4.680813000000e-01
1.238189000000e-03	5.343316000000e-02	5.153805000000e-06	2.244227000000e+03	-3.806014000000e-02	4.676598000000e-01
1.267030000000e-03	5.589908000000e-02	5.391726000000e-06	2.242143000000e+03	-3.802472000000e-02	4.672256000000e-01
1.296543000000e-03	5.847708000000e-02	5.640450000000e-06	2.239997000000e+03	-3.798829000000e-02	4.667784000000e-01
1.326743000000e-03	6.117222000000e-02	5.900484000000e-06	2.237787000000e+03	-3.795077000000e-02	4.663178000000e-01
1.357647000000e-03	6.398960000000e-02	6.172316000000e-06	2.235511000000e+03	-3.791219000000e-02	4.658435000000e-01
1.389270000000e-03	6.693469000000e-02	6.456464000000e-06	2.233168000000e+03	-3.787250000000e-02	4.653552000000e-01
1.421631000000e-03	7.001311000000e-02	6.753484000000e-06	2.230756000000e+03	-3.783166000000e-02	4.648525000000e-01
1.454745000000e-03	7.323067000000e-02	7.063924000000e-06	2.228273000000e+03	-3.778968000000e-02	4.643351000000e-01
1.488630000000e-03	7.659356000000e-02	7.388394000000e-06	2.225718000000e+03	-3.774645000000e-02	4.638026000000e-01
1.523305000000e-03	8.010810000000e-02	7.727493000000e-06	2.223089000000e+03	-3.770198000000e-02	4.632547000000e-01
1.558787000000e-03	8.378097000000e-02	8.081870000000e-06	2.220385000000e+03	-3.765619000000e-02	4.626910000000e-01
1.595096000000e-03	8.761904000000e-02	8.452178000000e-06	2.217603000000e+03	-3.760906000000e-02	4.621113000000e-01
1.632250000000e-03	9.162953000000e-02	8.839134000000e-06	2.214742000000e+03	-3.756054000000e-02	4.615151000000e-01
1.670270000000e-03	9.581994000000e-02	9.243447000000e-06	2.211800000000e+03	-3.751062000000e-02	4.609021000000e-01
1.709176000000e-03	1.001980000000e-01	9.665870000000e-06	2.208776000000e+03	-3.745928000000e-02	4.602719000000e-01
1.748988000000e-03	1.047720000000e-01	1.010719000000e-05	2.205666000000e+03	-3.740650000000e-02	4.596240000000e-01
1.789727000000e-03	1.095502000000e-01	1.056823000000e-05	2.202471000000e+03	-3.735227000000e-02	4.589582000000e-01
1.831415000000e-03	1.145416000000e-01	1.104981000000e-05	2.199187000000e+03	-3.729658000000e-02	4.582739000000e-01
1.874074000000e-03	1.197551000000e-01	1.155284000000e-05	2.195813000000e+03	-3.723940000000e-02	4.575708000000e-01
1.917727000000e-03	1.252005000000e-01	1.207823000000e-05	2.192347000000e+03	-3.718066000000e-02	4.568484000000e-01
1.962397000000e-03	1.308874000000e-01	1.262694000000e-05	2.188787000000e+03	-3.712036000000e-02	4.561065000000e-01
2.008107000000e-03	1.368264000000e-01	1.319996000000e-05	2.185132000000e+03	-3.705843000000e-02	4.553447000000e-01
2.054882000000e-03	1.430280000000e-01	1.379831000000e-05	2.181378000000e+03	-3.699483000000e-02	4.545625000000e-01
2.102746000000e-03	1.495035000000e-01	1.442309000000e-05	2.177525000000e+03	-3.692951000000e-02	4.537595000000e-01
2.151725000000e-03	1.562643000000e-01	1.507540000000e-05	2.173570000000e+03	-3.686243000000e-02	4.529354000000e-01
2.201845000000e-03	1.633225000000e-01	1.575640000000e-05	2.169512000000e+03	-3.679356000000e-02	4.520897000000e-01
2.253133000000e-03	1.706906000000e-01	1.646730000000e-05	2.165348000000e+03	-3.672293000000e-02	4.512221000000e-01
2.305615000000e-03	1.783816000000e-01	1.720934000000e-05	2.161076000000e+03	-3.665052000000e-02	4.503319000000e-01
2.359320000000e-03	1.864089000000e-01	1.798383000000e-05	2.156695000000e+03	-3.657629000000e-02	4.494189000000e-01
2.414275000000e-03	1.947865000000e-01	1.879213000000e-05	2.152203000000e+03	-3.650016000000e-02	4.484827000000e-01
2.470511000000e-03	2.035290000000e-01	1.963561000000e-05	2.147597000000e+03	-3.642211000000e-02	4.475229000000e-01
2.528057000000e-03	2.126515000000e-01	2.051575000000e-05	2.142875000000e+03	-3.634207000000e-02	4.465389000000e-01
2.586943000000e-03	2.221695000000e-01	2.143406000000e-05	2.138036000000e+03	-3.626002000000e-02	4.455305000000e-01
2.647200000000e-03	2.320993000000e-01	2.239207000000e-05	2.133077000000e+03	-3.617594000000e-02	4.444972000000e-01
2.708862000000e-03	2.424577000000e-01	2.339145000000e-05	2.127997000000e+03	-3.608980000000e-02	4.434384000000e-01
2.771959000000e-03	2.532622000000e-01	2.443385000000e-05	2.122793000000e+03	-3.600159000000e-02	4.423539000000e-01
2.836526000000e-03	2.645308000000e-01	2.552102000000e-05	2.117462000000e+03	-3.591125000000e-02	4.412431000000e-01
2.902597000000e-03	2.762823000000e-01	2.665476000000e-05	2.112004000000e+03	-3.581876000000e-02	4.401057000000e-01
2.970208000000e-03	2.885360000000e-01	2.783694000000e-05	2.106416000000e+03	-3.572406000000e-02	4.389411000000e-01
3.039393000000e-03	3.013122000000e-01	2.906954000000e-05	2.100695000000e+03	-3.562708000000e-02	4.377490000000e-01
3.110189000000e-03	3.146315000000e-01	3.035449000000e-05	2.094841000000e+03	-3.552784000000e-02	4.365289000000e-01
3.182635000000e-03	3.285155000000e-01	3.169391000000e-05	2.088849000000e+03	-3.542629000000e-02	4.352804000000e-01
3.256768000000e-03	3.429852000000e-01	3.308941000000e-05	2.082721000000e+03	-3.532322000000e-02	4.340025000000e-01
3.332628000000e-03	3.580646000000e-01	3.454415000000e-05	2.076452000000e+03	-3.521744000000e-02	4.326955000000e-01
3.410255000000e-03	3.737772000000e-01	3.606020000000e-05	2.070040000000e+03	-3.510936000000e-02	4.313587000000e-01
3.489690000000e-03	3.901498000000e-01	3.763994000000e-05	2.063482000000e+03	-3.499815000000e-02	4.299921000000e-01
3.570975000000e-03	4.072064000000e-01	3.928573000000e-05	2.056777000000e+03	-3.488446000000e-02	4.285948000000e-01
3.654154000000e-03	4.249725000000e-01	4.099997000000e-05	2.049923000000e+03	-3.476843000000e-02	4.271664000000e-01
3.739270000000e-03	4.434806000000e-01	4.278511000000e-05	2.042915000000e+03	-3.464873000000e-02	4.257070000000e-01
3.826369000000e-03	4.627486000000e-01	4.464432000000e-05	2.035758000000e+03	-3.452782000000e-02	4.242150000000e-01
3.915496000000e-03	4.828099000000e-01	4.658040000000e-05	2.028445000000e+03	-3.440434000000e-02	4.226907000000e-01
4.006700000000e-03	5.036943000000e-01	4.859593000000e-05	2.020976000000e+03	-3.427845000000e-02	4.211334000000e-01
4.100028000000e-03	5.254349000000e-01	5.069360000000e-05	2.013346000000e+03	-3.414936000000e-02	4.195432000000e-01
4.195530000000e-03	5.480728000000e-01	5.287556000000e-05	2.005551000000e+03	-3.401553000000e-02	4.179204000000e-01
4.293256000000e-03	5.716211000000e-01	5.514727000000e-05	1.997595000000e+03	-3.388059000000e-02	4.162626000000e-01
4.393259000000e-03	5.961335000000e-01	5.751009000000e-05	1.989471000000e+03	-3.374142000000e-02	4.145711000000e-01
4.495591000000e-03	6.216223000000e-01	5.996774000000e-05	1.981183000000e+03	-3.360095000000e-02	4.128438000000e-01
4.600307000000e-03	6.481338000000e-01	6.252483000000e-05	1.972725000000e+03	-3.345763000000e-02	4.110812000000e-01
4.707462000000e-03	6.757045000000e-01	6.518403000000e-05	1.964095000000e+03	-3.331159000000e-02	4.092826000000e-01
4.817113000000e-03	7.043600000000e-01	6.795008000000e-05	1.955294000000e+03	-3.316347000000e-02	4.074474000000e-01
4.929318000000e-03	7.341612000000e-01	7.082369000000e-05	1.946314000000e+03	-3.301141000000e-02	4.055760000000e-01
5.044136000000e-03	7.651372000000e-01	7.381105000000e-05	1.937156000000e+03	-3.285622000000e-02	4.036675000000e-01
5.161629000000e-03	7.973295000000e-01	7.691473000000e-05	1.927817000000e+03	-3.269776000000e-02	4.017214000000e-01
5.281859000000e-03	8.307755000000e-01	8.014059000000e-05	1.918297000000e+03	-3.253664000000e-02	3.997374000000e-01
5.404889000000e-03	8.655067000000e-01	8.349143000000e-05	1.908595000000e+03	-3.237303000000e-02	3.977146000000e-01
5.530785000000e-03	9.015903000000e-01	8.697036000000e-05	1.898704000000e+03	-3.220545000000e-02	3.956534000000e-01
5.659614000000e-03	9.390621000000e-01	9.058192000000e-05	1.888625000000e+03	-3.203445000000e-02	3.935531000000e-01
5.791443000000e-03	9.779613000000e-01	9.433303000000e-05	1.878356000000e+03	-3.186055000000e-02	3.914131000000e-01
5.926343000000e-03	1.018334000000e+00	9.822483000000e-05	1.867895000000e+03	-3.168339000000e-02	3.892329000000e-01
6.064386000000e-03	1.060232000000e+00	1.022632000000e-04	1.857240000000e+03	-3.150275000000e-02	3.870124000000e-01
6.205643000000e-03	1.103694000000e+00	1.064538000000e-04	1.846388000000e+03	-3.131908000000e-02	3.847507000000e-01
6.350191000000e-03	1.148776000000e+00	1.107986000000e-04	1.835338000000e+03	-3.113182000000e-02	3.824480000000e-01
6.498106000000e-03	1.195512000000e+00	1.153059000000e-04	1.824089000000e+03	-3.094159000000e-02	3.801032000000e-01
6.649466000000e-03	1.243979000000e+00	1.199769000000e-04	1.812637000000e+03	-3.074772000000e-02	3.777165000000e-01
6.804352000000e-03	1.294195000000e+00	1.248192000000e-04	1.800981000000e+03	-3.055047000000e-02	3.752871000000e-01
6.962846000000e-03	1.346250000000e+00	1.298318000000e-04	1.789117000000e+03	-3.034923000000e-02	3.728150000000e-01
7.125032000000e-03	1.400169000000e+00	1.350250000000e-04	1.777045000000e+03	-3.014424000000e-02	3.702997000000e-01
7.290995000000e-03	1.455983000000e+00	1.404060000000e-04	1.764766000000e+03	-2.993690000000e-02	3.677401000000e-01
7.460824000000e-03	1.513765000000e+00	1.459764000000e-04	1.752275000000e+03	-2.972554000000e-02	3.651366000000e-01
7.634609000000e-03	1.573568000000e+00	1.517420000000e-04	1.739571000000e+03	-2.951085000000e-02	3.624886000000e-01
7.812442000000e-03	1.635455000000e+00	1.577011000000e-04	1.726650000000e+03	-2.929187000000e-02	3.597959000000e-01
7.994417000000e-03	1.699461000000e+00	1.638666000000e-04	1.713513000000e+03	-2.906938000000e-02	3.570581000000e-01
8.180631000000e-03	1.765635000000e+00	1.702413000000e-04	1.700157000000e+03	-2.884328000000e-02	3.542746000000e-01
8.371182000000e-03	1.834045000000e+00	1.768285000000e-04	1.686581000000e+03	-2.861340000000e-02	3.514451000000e-01
8.566172000000e-03	1.904700000000e+00	1.836363000000e-04	1.672784000000e+03	-2.837998000000e-02	3.485695000000e-01
8.765704000000e-03	1.977715000000e+00	1.906580000000e-04	1.658763000000e+03	-2.814198000000e-02	3.456478000000e-01
8.969883000000e-03	2.053066000000e+00	1.979167000000e-04	1.644519000000e+03	-2.790120000000e-02	3.426789000000e-01
9.178819000000e-03	2.130829000000e+00	2.054072000000e-04	1.630050000000e+03	-2.765649000000e-02	3.396631000000e-01
9.392621000000e-03	2.211046000000e+00	2.131296000000e-04	1.615354000000e+03	-2.740780000000e-02	3.366001000000e-01
9.611403000000e-03	2.293787000000e+00	2.210911000000e-04	1.600430000000e+03	-2.715513000000e-02	3.334899000000e-01
9.835282000000e-03	2.379054000000e+00	2.293000000000e-04	1.585278000000e+03	-2.689881000000e-02	3.303319000000e-01
1.006437000000e-02	2.466921000000e+00	2.377474000000e-04	1.569896000000e+03	-2.663791000000e-02	3.271265000000e-01
1.029880000000e-02	2.557373000000e+00	2.464581000000e-04	1.554288000000e+03	-2.637433000000e-02	3.238729000000e-01
1.053869000000e-02	2.650484000000e+00	2.554181000000e-04	1.538451000000e+03	-2.610642000000e-02	3.205720000000e-01
1.078417000000e-02	2.746303000000e+00	2.646282000000e-04	1.522384000000e+03	-2.583427000000e-02	3.172237000000e-01
1.103537000000e-02	2.844799000000e+00	2.741065000000e-04	1.506090000000e+03	-2.555874000000e-02	3.138275000000e-01
1.129241000000e-02	2.946048000000e+00	2.838390000000e-04	1.489568000000e+03	-2.527903000000e-02	3.103839000000e-01
1.155545000000e-02	3.050046000000e+00	2.938372000000e-04	1.472819000000e+03	-2.499557000000e-02	3.068933000000e-01
1.182461000000e-02	3.156810000000e+00	3.040958000000e-04	1.455847000000e+03	-2.470839000000e-02	3.033558000000e-01
1.210004000000e-02	3.266337000000e+00	3.146192000000e-04	1.438650000000e+03	-2.441743000000e-02	2.997717000000e-01
1.238189000000e-02	3.378672000000e+00	3.254133000000e-04	1.421234000000e+03	-2.412274000000e-02	2.961417000000e-01
1.267030000000e-02	3.493781000000e+00	3.364711000000e-04	1.403601000000e+03	-2.382445000000e-02	2.924667000000e-01
1.296543000000e-02	3.611679000000e+00	3.477920000000e-04	1.385754000000e+03	-2.352246000000e-02	2.887470000000e-01
1.326743000000e-02	3.732363000000e+00	3.593710000000e-04	1.367697000000e+03	-2.321681000000e-02	2.849835000000e-01
1.357647000000e-02	3.855781000000e+00	3.712233000000e-04	1.349436000000e+03	-2.290804000000e-02	2.811773000000e-01
1.389270000000e-02	3.981943000000e+00	3.833280000000e-04	1.330976000000e+03	-2.259584000000e-02	2.773297000000e-01
1.421631000000e-02	4.110855000000e+00	3.956836000000e-04	1.312322000000e+03	-2.228000000000e-02	2.734420000000e-01
1.454745000000e-02	4.242438000000e+00	4.083092000000e-04	1.293482000000e+03	-2.196137000000e-02	2.695153000000e-01
1.488630000000e-02	4.376676000000e+00	4.211761000000e-04	1.274464000000e+03	-2.163962000000e-02	2.655514000000e-01
1.523305000000e-02	4.513530000000e+00	4.342857000000e-04	1.255277000000e+03	-2.131501000000e-02	2.615522000000e-01
1.558788000000e-02	4.652960000000e+00	4.476353000000e-04	1.235930000000e+03	-2.098774000000e-02	2.575200000000e-01
1.595097000000e-02	4.794922000000e+00	4.612197000000e-04	1.216435000000e+03	-2.065779000000e-02	2.534567000000e-01
1.632252000000e-02	4.939295000000e+00	4.750519000000e-04	1.196803000000e+03	-2.032602000000e-02	2.493647000000e-01
1.670273000000e-02	5.086135000000e+00	4.890991000000e-04	1.177047000000e+03	-1.999181000000e-02	2.452470000000e-01
1.709180000000e-02	5.235349000000e+00	5.033637000000e-04	1.157181000000e+03	-1.965576000000e-02	2.411063000000e-01
1.748995000000e-02	5.386897000000e+00	5.178404000000e-04	1.137219000000e+03	-1.931797000000e-02	2.369459000000e-01
1.789738000000e-02	5.540712000000e+00	5.325202000000e-04	1.117179000000e+03	-1.897899000000e-02	2.327690000000e-01
1.831432000000e-02	5.696698000000e+00	5.474149000000e-04	1.097079000000e+03	-1.863906000000e-02	2.285796000000e-01
1.874100000000e-02	5.854864000000e+00	5.625094000000e-04	1.076938000000e+03	-1.829847000000e-02	2.243816000000e-01
1.917766000000e-02	6.015211000000e+00	5.777915000000e-04	1.056773000000e+03	-1.795743000000e-02	2.201785000000e-01
1.962454000000e-02	6.177681000000e+00	5.932617000000e-04	1.036606000000e+03	-1.761622000000e-02	2.159753000000e-01
2.008192000000e-02	6.342213000000e+00	6.089316000000e-04	1.016461000000e+03	-1.727562000000e-02	2.117763000000e-01
2.055007000000e-02	6.508887000000e+00	6.247884000000e-04	9.963584000000e+02	-1.693575000000e-02	2.075862000000e-01
2.102928000000e-02	6.677774000000e+00	6.408366000000e-04	9.763241000000e+02	-1.659683000000e-02	2.034105000000e-01
2.151986000000e-02	6.848835000000e+00	6.570832000000e-04	9.563802000000e+02	-1.625962000000e-02	1.992535000000e-01
2.202214000000e-02	7.022252000000e+00	6.735314000000e-04	9.365540000000e+02	-1.592423000000e-02	1.951212000000e-01
2.253650000000e-02	7.198062000000e+00	6.901959000000e-04	9.168699000000e+02	-1.559144000000e-02	1.910184000000e-01
2.306332000000e-02	7.376499000000e+00	7.070848000000e-04	8.973522000000e+02	-1.526138000000e-02	1.869503000000e-01
2.360304000000e-02	7.557689000000e+00	7.242304000000e-04	8.780283000000e+02	-1.493473000000e-02	1.829224000000e-01
2.415613000000e-02	7.741975000000e+00	7.416464000000e-04	8.589249000000e+02	-1.461177000000e-02	1.789406000000e-01
2.472311000000e-02	7.929610000000e+00	7.593644000000e-04	8.400638000000e+02	-1.429299000000e-02	1.750091000000e-01
2.530457000000e-02	8.121052000000e+00	7.774095000000e-04	8.214712000000e+02	-1.397858000000e-02	1.711338000000e-01
2.590115000000e-02	8.316684000000e+00	7.958334000000e-04	8.031725000000e+02	-1.366930000000e-02	1.673196000000e-01
2.651354000000e-02	8.516965000000e+00	8.146807000000e-04	7.851860000000e+02	-1.336547000000e-02	1.635704000000e-01
2.714256000000e-02	8.722688000000e+00	8.339809000000e-04	7.675368000000e+02	-1.306705000000e-02	1.598917000000e-01
2.778905000000e-02	8.934288000000e+00	8.538465000000e-04	7.502444000000e+02	-1.277506000000e-02	1.562869000000e-01
2.845398000000e-02	9.152587000000e+00	8.743202000000e-04	7.333249000000e+02	-1.248940000000e-02	1.527599000000e-01
2.913841000000e-02	9.378612000000e+00	8.954624000000e-04	7.167969000000e+02	-1.221010000000e-02	1.493148000000e-01
2.984350000000e-02	9.613051000000e+00	9.173726000000e-04	7.006697000000e+02	-1.193782000000e-02	1.459529000000e-01
3.057049000000e-02	9.857026000000e+00	9.401424000000e-04	6.849577000000e+02	-1.167264000000e-02	1.426775000000e-01
3.132075000000e-02	1.011170000000e+01	9.638395000000e-04	6.696660000000e+02	-1.141445000000e-02	1.394898000000e-01
3.209577000000e-02	1.037788000000e+01	9.886486000000e-04	6.547990000000e+02	-1.116394000000e-02	1.363902000000e-01
3.289713000000e-02	1.065714000000e+01	1.014584000000e-03	6.403552000000e+02	-1.092043000000e-02	1.333789000000e-01
3.372651000000e-02	1.095036000000e+01	1.041810000000e-03	6.263270000000e+02	-1.068413000000e-02	1.304540000000e-01
3.458571000000e-02	1.125912000000e+01	1.070347000000e-03	6.127006000000e+02	-1.045440000000e-02	1.276131000000e-01
3.547662000000e-02	1.158389000000e+01	1.100421000000e-03	5.994550000000e+02	-1.023169000000e-02	1.248510000000e-01
3.640122000000e-02	1.192627000000e+01	1.131983000000e-03	5.865617000000e+02	-1.001469000000e-02	1.221626000000e-01
3.736157000000e-02	1.228642000000e+01	1.165175000000e-03	5.739803000000e+02	-9.803351000000e-03	1.195388000000e-01
3.835979000000e-02	1.266526000000e+01	1.199943000000e-03	5.616602000000e+02	-9.596295000000e-03	1.169696000000e-01
3.939806000000e-02	1.306232000000e+01	1.236347000000e-03	5.495407000000e+02	-9.392974000000e-03	1.144419000000e-01
4.047862000000e-02	1.347739000000e+01	1.274242000000e-03	5.375489000000e+02	-9.191785000000e-03	1.119408000000e-01
4.160370000000e-02	1.390905000000e+01	1.313538000000e-03	5.256011000000e+02	-8.991478000000e-03	1.094488000000e-01
4.277557000000e-02	1.435538000000e+01	1.354011000000e-03	5.136051000000e+02	-8.790425000000e-03	1.069467000000e-01
4.399649000000e-02	1.481351000000e+01	1.395350000000e-03	5.014607000000e+02	-8.586858000000e-03	1.044136000000e-01
4.526871000000e-02	1.527946000000e+01	1.437229000000e-03	4.890693000000e+02	-8.379366000000e-03	1.018288000000e-01
4.659445000000e-02	1.574893000000e+01	1.479081000000e-03	4.763316000000e+02	-8.165848000000e-03	9.917193000000e-02
4.797590000000e-02	1.621614000000e+01	1.520470000000e-03	4.631630000000e+02	-7.945077000000e-03	9.642526000000e-02
4.941520000000e-02	1.667515000000e+01	1.560785000000e-03	4.494980000000e+02	-7.716040000000e-03	9.357498000000e-02
5.091446000000e-02	1.712033000000e+01	1.599363000000e-03	4.352974000000e+02	-7.477604000000e-03	9.061342000000e-02
5.247573000000e-02	1.754549000000e+01	1.635783000000e-03	4.205648000000e+02	-7.230282000000e-03	8.754087000000e-02
5.410101000000e-02	1.794667000000e+01	1.669528000000e-03	4.053468000000e+02	-6.974490000000e-03	8.436740000000e-02
5.579226000000e-02	1.832138000000e+01	1.700353000000e-03	3.897443000000e+02	-6.712042000000e-03	8.111394000000e-02
5.755142000000e-02	1.866998000000e+01	1.728300000000e-03	3.739121000000e+02	-6.445517000000e-03	7.781279000000e-02
5.938038000000e-02	1.899655000000e+01	1.753764000000e-03	3.580564000000e+02	-6.178555000000e-03	7.450678000000e-02
6.128101000000e-02	1.930948000000e+01	1.777457000000e-03	3.424239000000e+02	-5.915275000000e-03	7.124740000000e-02
6.325518000000e-02	1.962106000000e+01	1.800513000000e-03	3.272848000000e+02	-5.660402000000e-03	6.809080000000e-02
6.530477000000e-02	1.994808000000e+01	1.824331000000e-03	3.129091000000e+02	-5.418397000000e-03	6.509335000000e-02
6.743165000000e-02	2.030863000000e+01	1.850611000000e-03	2.995342000000e+02	-5.193605000000e-03	6.230419000000e-02
6.963775000000e-02	2.072144000000e+01	1.880934000000e-03	2.873343000000e+02	-4.989013000000e-03	5.975962000000e-02
7.192502000000e-02	2.120206000000e+01	1.916636000000e-03	2.763902000000e+02	-4.806138000000e-03	5.747635000000e-02
7.429548000000e-02	2.175989000000e+01	1.958316000000e-03	2.666663000000e+02	-4.644293000000e-03	5.544698000000e-02
7.675120000000e-02	2.239421000000e+01	2.005790000000e-03	2.580033000000e+02	-4.500834000000e-03	5.363830000000e-02
7.929434000000e-02	2.309194000000e+01	2.057772000000e-03	2.501265000000e+02	-4.371126000000e-03	5.199302000000e-02
8.192717000000e-02	2.382692000000e+01	2.111638000000e-03	2.426738000000e+02	-4.248810000000e-03	5.043593000000e-02
8.465203000000e-02	2.456144000000e+01	2.163887000000e-03	2.352469000000e+02	-4.126858000000e-03	4.888428000000e-02
8.747140000000e-02	2.525106000000e+01	2.210693000000e-03	2.274838000000e+02	-3.999190000000e-03	4.726259000000e-02
9.038788000000e-02	2.585328000000e+01	2.247998000000e-03	2.191159000000e+02	-3.860631000000e-03	4.551551000000e-02
9.340420000000e-02	2.633620000000e+01	2.273481000000e-03	2.100458000000e+02	-3.709703000000e-03	4.362256000000e-02
9.652323000000e-02	2.669012000000e+01	2.286098000000e-03	2.003701000000e+02	-3.547721000000e-03	4.160419000000e-02
9.974800000000e-02	2.693244000000e+01	2.287534000000e-03	1.903767000000e+02	-3.379728000000e-03	3.952023000000e-02
1.030817000000e-01	2.710838000000e+01	2.281886000000e-03	1.804895000000e+02	-3.213222000000e-03	3.745874000000e-02
1.065276000000e-01	2.728521000000e+01	2.274691000000e-03	1.711771000000e+02	-3.056434000000e-03	3.551706000000e-02
1.100893000000e-01	2.753490000000e+01	2.271805000000e-03	1.628352000000e+02	-2.916488000000e-03	3.377720000000e-02
1.137705000000e-01	2.791268000000e+01	2.277503000000e-03	1.556692000000e+02	-2.797200000000e-03	3.228170000000e-02
1.175749000000e-01	2.843682000000e+01	2.292697000000e-03	1.496311000000e+02	-2.697859000000e-03	3.102039000000e-02
1.215067000000e-01	2.907452000000e+01	2.314168000000e-03	1.444133000000e+02	-2.613054000000e-03	2.992942000000e-02
1.255700000000e-01	2.975046000000e+01	2.335468000000e-03	1.395632000000e+02	-2.534732000000e-03	2.891479000000e-02
1.297692000000e-01	3.035764000000e+01	2.347911000000e-03	1.345770000000e+02	-2.453724000000e-03	2.787220000000e-02
1.341088000000e-01	3.079454000000e+01	2.343892000000e-03	1.290811000000e+02	-2.363220000000e-03	2.672424000000e-02
1.385936000000e-01	3.101854000000e+01	2.320518000000e-03	1.230180000000e+02	-2.261884000000e-03	2.545930000000e-02
1.432283000000e-01	3.106940000000e+01	2.281470000000e-03	1.166613000000e+02	-2.154645000000e-03	2.413411000000e-02
1.480179000000e-01	3.105059000000e+01	2.234812000000e-03	1.104638000000e+02	-2.049712000000e-03	2.284247000000e-02
1.529677000000e-01	3.108179000000e+01	2.189131000000e-03	1.048428000000e+02	-1.954814000000e-03	2.167074000000e-02
1.580827000000e-01	3.124990000000e+01	2.150082000000e-03	1.000251000000e+02	-1.874353000000e-03	2.066555000000e-02
1.633682000000e-01	3.156327000000e+01	2.117454000000e-03	9.594825000000e+01	-1.807293000000e-03	1.981393000000e-02
1.688298000000e-01	3.192905000000e+01	2.084289000000e-03	9.226260000000e+01	-1.747181000000e-03	1.904351000000e-02
1.744726000000e-01	3.220171000000e+01	2.040737000000e-03	8.853373000000e+01	-1.685851000000e-03	1.826457000000e-02
1.803021000000e-01	3.227686000000e+01	1.980784000000e-03	8.451697000000e+01	-1.618535000000e-03	1.742673000000e-02
1.863237000000e-01	3.214948000000e+01	1.905399000000e-03	8.026210000000e+01	-1.546049000000e-03	1.654042000000e-02
1.925425000000e-01	3.192566000000e+01	1.821748000000e-03	7.607417000000e+01	-1.474166000000e-03	1.566858000000e-02
1.989637000000e-01	3.175037000000e+01	1.738553000000e-03	7.229678000000e+01	-1.409522000000e-03	1.488202000000e-02
2.055921000000e-01	3.168287000000e+01	1.658754000000e-03	6.902485000000e+01	-1.354104000000e-03	1.420013000000e-02
2.124324000000e-01	3.165962000000e+01	1.578236000000e-03	6.607789000000e+01	-1.304453000000e-03	1.358571000000e-02
2.194887000000e-01	3.155420000000e+01	1.490956000000e-03	6.317837000000e+01	-1.255169000000e-03	1.298161000000e-02
2.267651000000e-01	3.128073000000e+01	1.393800000000e-03	6.016733000000e+01	-1.203036000000e-03	1.235522000000e-02
2.342649000000e-01	3.087978000000e+01	1.290082000000e-03	5.714381000000e+01	-1.149957000000e-03	1.172698000000e-02
2.419909000000e-01	3.045781000000e+01	1.185359000000e-03	5.430869000000e+01	-1.099957000000e-03	1.113810000000e-02
2.499454000000e-01	3.008396000000e+01	1.082828000000e-03	5.176879000000e+01	-1.055286000000e-03	1.061043000000e-02
2.581299000000e-01	2.971825000000e+01	9.810093000000e-04	4.943366000000e+01	-1.014153000000e-03	1.012535000000e-02
2.665452000000e-01	2.927515000000e+01	8.773038000000e-04	4.714962000000e+01	-9.732983000000e-04	9.651518000000e-03
2.751913000000e-01	2.873090000000e+01	7.730081000000e-04	4.487937000000e+01	-9.321558000000e-04	9.181076000000e-03
2.840672000000e-01	2.813665000000e+01	6.707130000000e-04	4.270028000000e+01	-8.923390000000e-04	8.729851000000e-03
2.931714000000e-01	2.754683000000e+01	5.720510000000e-04	4.068469000000e+01	-8.551988000000e-04	8.312794000000e-03
3.025011000000e-01	2.695928000000e+01	4.778644000000e-04	3.881608000000e+01	-8.205677000000e-04	7.926346000000e-03
3.120529000000e-01	2.633589000000e+01	3.880356000000e-04	3.702804000000e+01	-7.870585000000e-04	7.556934000000e-03
3.218227000000e-01	2.566305000000e+01	3.032512000000e-04	3.529317000000e+01	-7.541442000000e-04	7.198908000000e-03
3.318055000000e-01	2.496890000000e+01	2.245911000000e-04	3.364215000000e+01	-7.224920000000e-04	6.858516000000e-03
3.419959000000e-01	2.428466000000e+01	1.527490000000e-04	3.210667000000e+01	-6.928060000000e-04	6.542192000000e-03
3.523879000000e-01	2.359835000000e+01	8.787024000000e-05	3.066011000000e+01	-6.645239000000e-04	6.244503000000e-03
3.629754000000e-01	2.289684000000e+01	3.016344000000e-05	2.927559000000e+01	-6.372151000000e-04	5.959821000000e-03
3.737523000000e-01	2.219090000000e+01	-2.031330000000e-05	2.795857000000e+01	-6.109967000000e-04	5.689260000000e-03
3.847123000000e-01	2.149517000000e+01	-6.365234000000e-05	2.671917000000e+01	-5.861349000000e-04	5.434831000000e-03
3.958500000000e-01	2.081193000000e+01	-1.002152000000e-04	2.555191000000e+01	-5.624677000000e-04	5.195464000000e-03
4.071604000000e-01	2.013635000000e+01	-1.303320000000e-04	2.444355000000e+01	-5.398323000000e-04	4.968340000000e-03
4.186391000000e-01	1.947103000000e+01	-1.545214000000e-04	2.339063000000e+01	-5.181272000000e-04	4.752778000000e-03
4.302831000000e-01	1.882385000000e+01	-1.734363000000e-04	2.239671000000e+01	-4.974705000000e-04	4.549461000000e-03
4.420905000000e-01	1.819528000000e+01	-1.876743000000e-04	2.145711000000e+01	-4.778065000000e-04	4.357393000000e-03
4.540606000000e-01	1.758463000000e+01	-1.978820000000e-04	2.056639000000e+01	-4.591045000000e-04	4.175378000000e-03
4.661941000000e-01	1.699013000000e+01	-2.047952000000e-04	1.971852000000e+01	-4.411482000000e-04	4.002272000000e-03
4.784935000000e-01	1.641699000000e+01	-2.089438000000e-04	1.891629000000e+01	-4.241097000000e-04	3.838536000000e-03
4.909624000000e-01	1.586323000000e+01	-2.110396000000e-04	1.815446000000e+01	-4.078340000000e-04	3.683139000000e-03
5.036060000000e-01	1.532807000000e+01	-2.115933000000e-04	1.742982000000e+01	-3.922748000000e-04	3.535406000000e-03
5.164309000000e-01	1.481177000000e+01	-2.109910000000e-04	1.674062000000e+01	-3.774328000000e-04	3.394942000000e-03
5.294450000000e-01	1.431356000000e+01	-2.096720000000e-04	1.608440000000e+01	-3.632429000000e-04	3.261256000000e-03
5.426572000000e-01	1.383231000000e+01	-2.079598000000e-04	1.545846000000e+01	-3.496506000000e-04	3.133799000000e-03
5.560778000000e-01	1.336744000000e+01	-2.059604000000e-04	1.486104000000e+01	-3.366485000000e-04	3.012176000000e-03
5.697176000000e-01	1.291830000000e+01	-2.039384000000e-04	1.429044000000e+01	-3.241787000000e-04	2.896066000000e-03
5.835883000000e-01	1.248415000000e+01	-2.018920000000e-04	1.374495000000e+01	-3.122318000000e-04	2.785089000000e-03
5.977022000000e-01	1.206388000000e+01	-1.997959000000e-04	1.322266000000e+01	-3.007584000000e-04	2.678869000000e-03
6.120719000000e-01	1.165696000000e+01	-1.976283000000e-04	1.272226000000e+01	-2.897399000000e-04	2.577126000000e-03
6.267107000000e-01	1.126280000000e+01	-1.953975000000e-04	1.224253000000e+01	-2.791419000000e-04	2.479622000000e-03
6.416316000000e-01	1.088096000000e+01	-1.929709000000e-04	1.178230000000e+01	-2.689586000000e-04	2.386094000000e-03
6.568480000000e-01	1.051077000000e+01	-1.902978000000e-04	1.134037000000e+01	-2.591443000000e-04	2.296324000000e-03
6.723731000000e-01	1.015203000000e+01	-1.873523000000e-04	1.091590000000e+01	-2.497025000000e-04	2.210114000000e-03
6.882202000000e-01	9.804196000000e+00	-1.840361000000e-04	1.050780000000e+01	-2.406021000000e-04	2.127251000000e-03
7.044023000000e-01	9.466940000000e+00	-1.803704000000e-04	1.011521000000e+01	-2.318295000000e-04	2.047559000000e-03
7.209324000000e-01	9.140086000000e+00	-1.764007000000e-04	9.737498000000e+00	-2.233706000000e-04	1.970902000000e-03
7.378231000000e-01	8.823337000000e+00	-1.721808000000e-04	9.373914000000e+00	-2.152168000000e-04	1.897125000000e-03
7.550869000000e-01	8.516533000000e+00	-1.676773000000e-04	9.023926000000e+00	-2.073511000000e-04	1.826123000000e-03
7.727361000000e-01	8.219390000000e+00	-1.631685000000e-04	8.686903000000e+00	-1.997541000000e-04	1.757775000000e-03
7.907828000000e-01	7.931553000000e+00	-1.586001000000e-04	8.362213000000e+00	-1.924305000000e-04	1.691932000000e-03
8.092388000000e-01	7.652944000000e+00	-1.540819000000e-04	8.049529000000e+00	-1.853703000000e-04	1.628531000000e-03
8.281160000000e-01	7.383133000000e+00	-1.497024000000e-04	7.748239000000e+00	-1.785528000000e-04	1.567455000000e-03
8.474260000000e-01	7.121948000000e+00	-1.454568000000e-04	7.457997000000e+00	-1.719706000000e-04	1.508633000000e-03
8.671804000000e-01	6.869106000000e+00	-1.413442000000e-04	7.178358000000e+00	-1.656255000000e-04	1.451964000000e-03
8.873909000000e-01	6.624356000000e+00	-1.373563000000e-04	6.908917000000e+00	-1.595079000000e-04	1.397365000000e-03
9.080691000000e-01	6.387422000000e+00	-1.334446000000e-04	6.649296000000e+00	-1.535991000000e-04	1.344770000000e-03
9.292265000000e-01	6.158113000000e+00	-1.296059000000e-04	6.399127000000e+00	-1.479026000000e-04	1.294093000000e-03
9.508751000000e-01	5.936239000000e+00	-1.257669000000e-04	6.158070000000e+00	-1.424060000000e-04	1.245269000000e-03
9.730267000000e-01	5.721672000000e+00	-1.219002000000e-04	5.925868000000e+00	-1.371027000000e-04	1.198247000000e-03
9.956934000000e-01	5.514184000000e+00	-1.180468000000e-04	5.702150000000e+00	-1.319869000000e-04	1.152950000000e-03
1.018887000000e+00	5.313673000000e+00	-1.142285000000e-04	5.486662000000e+00	-1.270562000000e-04	1.109322000000e-03
1.042621000000e+00	5.119870000000e+00	-1.104627000000e-04	5.279053000000e+00	-1.223035000000e-04	1.067292000000e-03
1.066908000000e+00	4.932702000000e+00	-1.067776000000e-04	5.079124000000e+00	-1.177205000000e-04	1.026822000000e-03
1.091759000000e+00	4.751794000000e+00	-1.032212000000e-04	4.886460000000e+00	-1.132998000000e-04	9.878276000000e-04
1.117190000000e+00	4.577115000000e+00	-9.980370000000e-05	4.700927000000e+00	-1.090418000000e-04	9.502771000000e-04
1.143213000000e+00	4.408418000000e+00	-9.650069000000e-05	4.522254000000e+00	-1.049351000000e-04	9.141212000000e-04
1.169842000000e+00	4.245509000000e+00	-9.329066000000e-05	4.350175000000e+00	-1.009753000000e-04	8.793044000000e-04
1.197091000000e+00	4.088216000000e+00	-9.018597000000e-05	4.184460000000e+00	-9.716206000000e-05	8.457748000000e-04
1.224975000000e+00	3.936349000000e+00	-8.710537000000e-05	4.024857000000e+00	-9.348382000000e-05	8.134876000000e-04
1.253508000000e+00	3.789834000000e+00	-8.410583000000e-05	3.871223000000e+00	-8.994564000000e-05	7.824056000000e-04
1.282706000000e+00	3.648433000000e+00	-8.114289000000e-05	3.723262000000e+00	-8.653222000000e-05	7.524772000000e-04
1.312584000000e+00	3.512028000000e+00	-7.828087000000e-05	3.580820000000e+00	-8.324467000000e-05	7.236664000000e-04
1.343158000000e+00	3.380450000000e+00	-7.549188000000e-05	3.443673000000e+00	-8.007855000000e-05	6.959274000000e-04
1.374444000000e+00	3.253578000000e+00	-7.282544000000e-05	3.311665000000e+00	-7.702739000000e-05	6.692316000000e-04
1.406459000000e+00	3.131185000000e+00	-7.025725000000e-05	3.184561000000e+00	-7.408936000000e-05	6.435278000000e-04
1.439220000000e+00	3.013159000000e+00	-6.777751000000e-05	3.062207000000e+00	-7.125904000000e-05	6.187865000000e-04
1.472744000000e+00	2.899378000000e+00	-6.535686000000e-05	2.944455000000e+00	-6.853373000000e-05	5.949773000000e-04
1.507048000000e+00	2.789720000000e+00	-6.300009000000e-05	2.831145000000e+00	-6.591085000000e-05	5.720667000000e-04
1.542152000000e+00	2.684005000000e+00	-6.069447000000e-05	2.722072000000e+00	-6.338434000000e-05	5.500144000000e-04
1.578073000000e+00	2.582082000000e+00	-5.846896000000e-05	2.617050000000e+00	-6.094917000000e-05	5.287836000000e-04
1.614831000000e+00	2.483898000000e+00	-5.632093000000e-05	2.516015000000e+00	-5.860861000000e-05	5.083566000000e-04
1.652446000000e+00	2.389296000000e+00	-5.426591000000e-05	2.418797000000e+00	-5.635368000000e-05	4.887041000000e-04
1.690936000000e+00	2.298147000000e+00	-5.228662000000e-05	2.325241000000e+00	-5.418314000000e-05	4.697927000000e-04
1.730323000000e+00	2.210330000000e+00	-5.036498000000e-05	2.235218000000e+00	-5.209421000000e-05	4.515956000000e-04
1.770627000000e+00	2.125742000000e+00	-4.849299000000e-05	2.148607000000e+00	-5.008320000000e-05	4.340894000000e-04
1.811871000000e+00	2.044260000000e+00	-4.667459000000e-05	2.065257000000e+00	-4.814635000000e-05	4.172440000000e-04
1.854075000000e+00	1.965820000000e+00	-4.492859000000e-05	1.985101000000e+00	-4.628518000000e-05	4.010425000000e-04
1.897261000000e+00	1.890252000000e+00	-4.324879000000e-05	1.907953000000e+00	-4.449222000000e-05	3.854508000000e-04
1.941454000000e+00	1.817507000000e+00	-4.164518000000e-05	1.833760000000e+00	-4.276726000000e-05	3.704569000000e-04
1.986677000000e+00	1.747444000000e+00	-4.008226000000e-05	1.762371000000e+00	-4.110768000000e-05	3.560294000000e-04
2.032952000000e+00	1.680011000000e+00	-3.856830000000e-05	1.693719000000e+00	-3.951096000000e-05	3.421559000000e-04
2.080306000000e+00	1.615097000000e+00	-3.709780000000e-05	1.627681000000e+00	-3.797447000000e-05	3.288113000000e-04
2.128762000000e+00	1.552611000000e+00	-3.568663000000e-05	1.564160000000e+00	-3.649657000000e-05	3.159753000000e-04
2.178348000000e+00	1.492462000000e+00	-3.433874000000e-05	1.503063000000e+00	-3.507476000000e-05	3.036292000000e-04
2.229088000000e+00	1.434573000000e+00	-3.304361000000e-05	1.444306000000e+00	-3.370679000000e-05	2.917568000000e-04
2.281010000000e+00	1.378869000000e+00	-3.177403000000e-05	1.387805000000e+00	-3.239099000000e-05	2.803404000000e-04
2.334142000000e+00	1.325262000000e+00	-3.056027000000e-05	1.333464000000e+00	-3.112588000000e-05	2.693603000000e-04
2.388511000000e+00	1.273686000000e+00	-2.938874000000e-05	1.281212000000e+00	-2.990911000000e-05	2.588025000000e-04
2.444146000000e+00	1.224055000000e+00	-2.826719000000e-05	1.230960000000e+00	-2.873798000000e-05	2.486497000000e-04
2.501078000000e+00	1.176302000000e+00	-2.718571000000e-05	1.182641000000e+00	-2.761201000000e-05	2.388873000000e-04
2.559335000000e+00	1.130377000000e+00	-2.613524000000e-05	1.136197000000e+00	-2.652971000000e-05	2.295037000000e-04
2.618950000000e+00	1.086162000000e+00	-2.511463000000e-05	1.091502000000e+00	-2.548789000000e-05	2.204739000000e-04
2.679953000000e+00	1.043692000000e+00	-2.415044000000e-05	1.048590000000e+00	-2.448752000000e-05	2.118044000000e-04
2.742377000000e+00	1.002808000000e+00	-2.322176000000e-05	1.007303000000e+00	-2.352494000000e-05	2.034632000000e-04
2.806255000000e+00	9.634983000000e-01	-2.232405000000e-05	9.676236000000e-01	-2.259966000000e-05	1.954471000000e-04
2.871621000000e+00	9.256805000000e-01	-2.144679000000e-05	9.294654000000e-01	-2.171029000000e-05	1.877378000000e-04
2.938510000000e+00	8.894198000000e-01	-2.061623000000e-05	8.928922000000e-01	-2.085692000000e-05	1.803497000000e-04
3.006957000000e+00	8.542357000000e-01	-1.980742000000e-05	8.574193000000e-01	-2.003012000000e-05	1.731829000000e-04
3.076998000000e+00	8.207198000000e-01	-1.904734000000e-05	8.236423000000e-01	-1.924180000000e-05	1.663599000000e-04
3.148670000000e+00	7.883912000000e-01	-1.829307000000e-05	7.910715000000e-01	-1.848120000000e-05	1.597809000000e-04
3.222012000000e+00	7.572961000000e-01	-1.757478000000e-05	7.597559000000e-01	-1.775171000000e-05	1.534536000000e-04
3.297063000000e+00	7.251058000000e-01	-1.684872000000e-05	7.273555000000e-01	-1.699446000000e-05	1.469097000000e-04
3.373861000000e+00	6.987540000000e-01	-1.623215000000e-05	7.008247000000e-01	-1.637524000000e-05	1.415504000000e-04
3.452448000000e+00	6.710699000000e-01	-1.559111000000e-05	6.729679000000e-01	-1.572518000000e-05	1.359231000000e-04
3.532866000000e+00	6.445220000000e-01	-1.497738000000e-05	6.462616000000e-01	-1.510236000000e-05	1.305279000000e-04
3.615157000000e+00	6.190044000000e-01	-1.440015000000e-05	6.206007000000e-01	-1.450303000000e-05	1.253447000000e-04
3.699365000000e+00	5.945070000000e-01	-1.382386000000e-05	5.959710000000e-01	-1.392775000000e-05	1.203699000000e-04
3.785534000000e+00	5.709227000000e-01	-1.328041000000e-05	5.722651000000e-01	-1.337499000000e-05	1.155807000000e-04
3.873711000000e+00	5.482381000000e-01	-1.276078000000e-05	5.494697000000e-01	-1.284239000000e-05	1.109765000000e-04
3.963941000000e+00	5.264617000000e-01	-1.225089000000e-05	5.275905000000e-01	-1.233087000000e-05	1.065577000000e-04
4.056273000000e+00	5.055326000000e-01	-1.177176000000e-05	5.065678000000e-01	-1.184001000000e-05	1.023113000000e-04
4.150756000000e+00	4.854242000000e-01	-1.130616000000e-05	4.863745000000e-01	-1.136838000000e-05	9.823249000000e-05
4.247439000000e+00	4.660969000000e-01	-1.085426000000e-05	4.669674000000e-01	-1.091536000000e-05	9.431226000000e-05
4.346375000000e+00	4.475220000000e-01	-1.043034000000e-05	4.483203000000e-01	-1.047947000000e-05	9.054616000000e-05
4.447615000000e+00	4.296804000000e-01	-1.000744000000e-05	4.304125000000e-01	-1.006118000000e-05	8.692907000000e-05
4.551213000000e+00	4.125442000000e-01	-9.615100000000e-06	4.132154000000e-01	-9.659755000000e-06	8.345526000000e-05
4.657225000000e+00	3.960742000000e-01	-9.228517000000e-06	3.966905000000e-01	-9.273656000000e-06	8.011759000000e-05
4.765705000000e+00	3.802515000000e-01	-8.865274000000e-06	3.808154000000e-01	-8.902865000000e-06	7.691105000000e-05
4.876713000000e+00	3.650484000000e-01	-8.510891000000e-06	3.655661000000e-01	-8.546575000000e-06	7.383102000000e-05
4.990306000000e+00	3.504441000000e-01	-8.173716000000e-06	3.509178000000e-01	-8.204100000000e-06	7.087261000000e-05
