# power spectrum of zeta (dimensionless)
# redshift z=0.995972
# k              Pk             sigma(k)       sigma(Pk)      count
  1.256637e-01   1.339106e-14   0.000000e+00   4.320029e-15   6
  1.777153e-01   8.614840e-15   0.000000e+00   2.222205e-15   12
  2.176559e-01   1.292694e-14   2.384186e-09   9.491607e-16   8
  2.513274e-01   7.708539e-14   0.000000e+00   1.864936e-14   6
  2.809926e-01   5.061878e-14   4.495664e-09   1.594321e-14   24
  3.078120e-01   6.693325e-14   4.495664e-09   1.310974e-14   24
  3.554306e-01   4.126693e-14   0.000000e+00   1.448157e-14   12
  3.769911e-01   5.169987e-14   5.086263e-09   8.286696e-15   30
  3.973835e-01   7.110289e-14   0.000000e+00   1.485220e-14   24
  4.167794e-01   5.092186e-14   7.786718e-09   1.390969e-14   24
  4.353118e-01   6.988402e-14   4.768372e-09   8.102591e-15   8
  4.530869e-01   5.860000e-14   6.357829e-09   1.045269e-14   24
  4.701905e-01   6.445086e-14   0.000000e+00   9.382307e-15   48
  5.026548e-01   5.343446e-14   0.000000e+00   2.031286e-14   6
  5.181247e-01   5.526525e-14   6.357829e-09   8.917084e-15   48
  5.331460e-01   5.867069e-14   5.994218e-09   8.632721e-15   36
  5.477554e-01   9.707586e-14   6.357829e-09   2.503554e-14   24
  5.619852e-01   5.398870e-14   8.991328e-09   9.867930e-15   24
  5.758634e-01   5.716512e-14   0.000000e+00   6.152743e-15   48
  5.894150e-01   6.190240e-14   8.991328e-09   1.056904e-14   24
  6.156239e-01   8.001609e-14   8.991328e-09   1.026334e-14   24
  6.283185e-01   4.015275e-14   0.000000e+00   8.025513e-15   30
  6.407617e-01   5.579807e-14   0.000000e+00   5.463327e-15   72
  6.529678e-01   5.901290e-14   9.536743e-09   1.389343e-14   32
  6.767198e-01   7.418435e-14   0.000000e+00   8.267833e-15   72
  6.882885e-01   3.762694e-14   0.000000e+00   6.015060e-15   48
  7.108613e-01   2.912697e-14   0.000000e+00   1.069986e-14   12
  7.218830e-01   5.075057e-14   0.000000e+00   5.903336e-15   48
  7.327390e-01   4.708628e-14   0.000000e+00   5.616055e-15   48
  7.434365e-01   4.428452e-14   8.991328e-09   6.349168e-15   48
  7.539822e-01   6.032766e-14   1.017253e-08   1.147037e-14   30
  7.643825e-01   6.571111e-14   0.000000e+00   8.407463e-15   24
  7.746431e-01   7.789648e-14   1.895538e-08   7.642933e-15   72
  7.947671e-01   3.297791e-14   0.000000e+00   9.074396e-15   24
  8.046403e-01   5.374844e-14   0.000000e+00   5.179300e-15   96
  8.143939e-01   4.392248e-14   0.000000e+00   7.504881e-15   48
  8.240320e-01   2.961920e-14   1.557344e-08   4.600955e-15   24
  8.335587e-01   4.015609e-14   1.557344e-08   8.684722e-15   24
  8.429778e-01   5.751141e-14   0.000000e+00   6.368859e-15   72
  8.522927e-01   4.959425e-14   0.000000e+00   7.475238e-15   48
  8.706237e-01   3.801525e-14   9.536743e-09   6.250129e-15   8
  8.796459e-01   6.594381e-14   1.130281e-08   1.016964e-14   54
  8.885766e-01   5.383778e-14   0.000000e+00   5.252963e-15   84
  8.974184e-01   6.257332e-14   0.000000e+00   8.057347e-15   48
  9.061739e-01   4.028748e-14   1.271566e-08   4.729387e-15   24
  9.148456e-01   5.266981e-14   1.695421e-08   5.995912e-15   72
  9.234359e-01   4.552137e-14   0.000000e+00   4.918696e-15   96
  9.403811e-01   5.239777e-14   0.000000e+00   5.715490e-15   48
  9.487402e-01   4.969780e-14   0.000000e+00   7.426247e-15   48
  9.570263e-01   5.660295e-14   0.000000e+00   1.094749e-14   24
  9.652412e-01   4.529211e-14   0.000000e+00   3.747144e-15   72
  9.814649e-01   4.718121e-14   0.000000e+00   4.865146e-15   72
  9.894770e-01   4.237855e-14   0.000000e+00   4.320062e-15   96
  1.005310e+00   6.144058e-14   0.000000e+00   2.518264e-14   6
  1.013133e+00   4.677835e-14   0.000000e+00   4.529519e-15   96
  1.020897e+00   4.868749e-14   1.271566e-08   4.425730e-15   96
  1.028602e+00   4.113770e-14   0.000000e+00   9.355845e-15   24
  1.036249e+00   5.134375e-14   1.271566e-08   5.081716e-15   48
  1.043841e+00   3.773442e-14   0.000000e+00   4.097109e-15   96
  1.051378e+00   3.954962e-14   0.000000e+00   9.590810e-15   48
  1.066292e+00   3.248013e-14   1.198844e-08   7.737018e-15   36
  1.073671e+00   3.871717e-14   2.202416e-08   5.510335e-15   48
  1.081000e+00   3.843890e-14   2.491750e-08   3.065126e-15   120
  1.088280e+00   4.328011e-14   0.000000e+00   6.419280e-15   56
  1.095511e+00   2.928856e-14   1.271566e-08   4.395636e-15   24
  1.102695e+00   3.716836e-14   0.000000e+00   3.305221e-15   96
  1.109832e+00   4.270199e-14   0.000000e+00   6.814905e-15   48
  1.123970e+00   4.059478e-14   1.798266e-08   9.057851e-15   24
  1.130973e+00   4.519241e-14   0.000000e+00   4.102218e-15   102
  1.137933e+00   4.751732e-14   1.271566e-08   6.537384e-15   48
  1.144851e+00   4.273372e-14   0.000000e+00   4.016950e-15   72
  1.151727e+00   2.848860e-14   0.000000e+00   2.937640e-15   48
  1.158562e+00   6.103388e-14   0.000000e+00   9.790376e-15   48
  1.165357e+00   5.087447e-14   2.877225e-08   4.679609e-15   120
  1.178830e+00   4.096939e-14   1.798266e-08   6.934234e-15   24
  1.185509e+00   3.672627e-14   1.695421e-08   2.960142e-15   144
  1.192151e+00   3.570890e-14   2.034505e-08   3.507927e-15   120
  1.198755e+00   3.420159e-14   1.798266e-08   5.149161e-15   48
  1.211857e+00   5.022713e-14   1.798266e-08   7.841354e-15   48
  1.218355e+00   3.446254e-14   1.798266e-08   2.623436e-15   96
  1.235512e+00   3.854679e-14   3.015167e-03   4.001056e-15   72
  1.244007e+00   4.279453e-14   1.598458e-08   3.483584e-15   108
  1.250338e+00   3.714154e-14   0.000000e+00   3.796380e-15   72
  1.256637e+00   4.012260e-14   0.000000e+00   5.500448e-15   30
  1.262905e+00   3.266651e-14   0.000000e+00   2.344617e-15   168
  1.269141e+00   3.552599e-14   0.000000e+00   5.151582e-15   48
  1.281523e+00   2.990883e-14   0.000000e+00   2.755846e-15   72
  1.287670e+00   3.562309e-14   0.000000e+00   3.568604e-15   96
  1.293787e+00   2.701083e-14   3.390842e-08   3.012594e-15   72
  1.299875e+00   3.223288e-14   0.000000e+00   4.320794e-15   72
  1.310112e+00   3.664346e-14   2.784031e-03   3.881226e-15   104
  1.317972e+00   3.465680e-14   2.397687e-08   2.895499e-15   144
  1.335824e+00   3.007348e-14   4.021044e-08   2.412111e-15   96
  1.341721e+00   3.674310e-14   0.000000e+00   4.623852e-15   96
  1.351101e+00   3.617339e-14   2.864148e-03   3.129010e-15   120
  1.359261e+00   3.176241e-14   0.000000e+00   2.991269e-15   120
  1.365057e+00   3.680818e-14   0.000000e+00   3.196764e-15   72
  1.376577e+00   3.397170e-14   0.000000e+00   4.559310e-15   48
  1.382301e+00   3.483761e-14   3.130008e-08   4.997375e-15   78
  1.389623e+00   3.277097e-14   2.564571e-03   2.700572e-15   168
  1.404963e+00   3.926308e-14   2.936555e-08   3.917837e-15   144
  1.410572e+00   4.359516e-14   2.397687e-08   5.511012e-15   144
  1.426839e+00   2.787715e-14   1.476986e-03   2.128913e-15   156
  1.432787e+00   2.450092e-14   3.114687e-08   2.933418e-15   48
  1.438287e+00   2.779416e-14   2.034505e-08   2.155433e-15   120
  1.443766e+00   2.385184e-14   0.000000e+00   3.272262e-15   48
  1.453454e+00   2.854997e-14   2.260797e-03   2.016463e-15   216
  1.465478e+00   2.781947e-14   0.000000e+00   3.296790e-15   48
  1.470856e+00   3.879667e-14   1.798266e-08   3.688607e-15   96
  1.478502e+00   3.282696e-14   2.642094e-03   2.185661e-15   168
  1.486873e+00   1.977693e-14   1.798266e-08   2.432996e-15   48
  1.492174e+00   2.560538e-14   0.000000e+00   2.719154e-15   96
  1.497456e+00   2.592138e-14   0.000000e+00   3.767897e-15   48
  1.507964e+00   3.078235e-14   2.034505e-08   6.658751e-15   30
  1.513191e+00   2.924285e-14   0.000000e+00   2.634458e-15   96
  1.519439e+00   2.658933e-14   2.076451e-03   1.590767e-15   240
  1.527472e+00   1.669075e-14   2.240191e-03   2.487620e-15   32
  1.533921e+00   2.916858e-14   0.000000e+00   2.246364e-15   168
  1.539060e+00   3.111352e-14   0.000000e+00   2.902247e-15   120
  1.549286e+00   2.962212e-14   3.791077e-08   3.745120e-15   72
  1.554374e+00   3.413441e-14   1.695421e-08   2.602072e-15   144
  1.559446e+00   2.271255e-14   0.000000e+00   2.450162e-15   96
  1.564501e+00   2.638731e-14   0.000000e+00   2.352633e-15   96
  1.574562e+00   2.502640e-14   0.000000e+00   2.169642e-15   72
  1.579568e+00   2.358397e-14   2.543132e-08   2.126616e-15   96
  1.589534e+00   2.907939e-14   0.000000e+00   4.202265e-15   24
  1.594494e+00   2.880253e-14   0.000000e+00   1.752553e-15   192
  1.600334e+00   2.777277e-14   1.901066e-03   2.090094e-15   132
  1.609281e+00   2.222953e-14   0.000000e+00   2.240718e-15   96
  1.614180e+00   2.543981e-14   0.000000e+00   2.637993e-15   96
  1.619064e+00   2.587145e-14   2.034505e-08   2.465249e-15   120
  1.628788e+00   2.214658e-14   0.000000e+00   2.812304e-15   48
  1.636759e+00   2.337611e-14   2.303939e-03   1.561147e-15   222
  1.643266e+00   2.628544e-14   0.000000e+00   2.537446e-15   120
  1.648064e+00   1.951402e-14   3.114687e-08   3.357658e-15   24
  1.655050e+00   2.493847e-14   2.378000e-03   1.491652e-15   312
  1.670270e+00   2.722669e-14   2.229470e-03   3.152509e-15   72
  1.676563e+00   2.549067e-14   3.114687e-08   2.609275e-15   96
  1.683024e+00   2.321079e-14   2.270407e-03   1.711633e-15   192
  1.690632e+00   2.386038e-14   2.877225e-08   2.221735e-15   120
  1.695296e+00   2.358470e-14   0.000000e+00   1.773259e-15   144
  1.704585e+00   1.766645e-14   0.000000e+00   2.010414e-15   48
  1.711188e+00   2.568607e-14   2.282974e-03   1.318477e-15   336
  1.718425e+00   2.963823e-14   0.000000e+00   5.404645e-15   48
  1.727590e+00   1.994803e-14   0.000000e+00   1.234033e-15   192
  1.732155e+00   2.075137e-14   0.000000e+00   2.973081e-15   48
  1.745129e+00   2.360120e-14   1.584683e-03   2.463892e-15   56
  1.751580e+00   2.319925e-14   2.035272e-03   1.236329e-15   336
  1.759292e+00   2.657338e-14   2.260561e-08   3.682322e-15   54
  1.766010e+00   2.522646e-14   2.235459e-03   1.795565e-15   240
  1.779956e+00   2.369744e-14   2.140470e-03   1.599746e-15   228
  1.786017e+00   2.605257e-14   2.397687e-08   3.107017e-15   72
  1.791900e+00   2.638344e-14   2.076308e-03   2.252247e-15   144
  1.799230e+00   1.837709e-14   0.000000e+00   1.514440e-15   96
  1.803613e+00   2.471128e-14   2.877225e-08   1.674527e-15   240
  1.812348e+00   2.025878e-14   2.543132e-08   2.788914e-15   24
  1.817939e+00   2.190597e-14   1.961057e-03   1.093492e-15   336
  1.825371e+00   1.597837e-14   0.000000e+00   1.631733e-15   72
  1.832154e+00   2.170338e-14   2.133012e-03   1.541710e-15   168
  1.838302e+00   3.094034e-14   0.000000e+00   3.009239e-15   72
  1.846872e+00   2.228936e-14   0.000000e+00   1.811690e-15   96
  1.853509e+00   2.263630e-14   2.117011e-03   1.682717e-15   216
  1.859653e+00   1.637510e-14   0.000000e+00   1.275101e-15   96
  1.868125e+00   2.061516e-14   2.543132e-08   1.445409e-15   192
  1.872347e+00   2.158787e-14   2.397687e-08   1.660651e-15   144
  1.880762e+00   1.440374e-14   0.000000e+00   1.567583e-15   48
  1.886588e+00   1.765178e-14   2.041047e-03   1.191032e-15   246
  1.894505e+00   2.118177e-14   1.881878e-03   1.730550e-15   168
  1.901637e+00   2.117468e-14   4.983500e-08   2.158029e-15   120
  1.905784e+00   2.231374e-14   0.000000e+00   1.257965e-15   240
  1.914053e+00   1.918143e-14   0.000000e+00   3.463502e-15   24
  1.920640e+00   2.019352e-14   2.014384e-03   9.648969e-16   360
  1.928845e+00   2.310432e-14   2.005812e-03   1.938653e-15   120
  1.934568e+00   2.038939e-14   0.000000e+00   1.801194e-15   144
  1.938645e+00   2.247101e-14   0.000000e+00   2.056326e-15   96
  1.950825e+00   2.336463e-14   0.000000e+00   2.404676e-15   144
  1.954868e+00   1.773464e-14   0.000000e+00   1.553999e-15   132
  1.960551e+00   2.056561e-14   1.979707e-03   1.567780e-15   176
  1.968799e+00   1.658879e-14   1.999105e-03   9.912698e-16   312
  1.978954e+00   2.227941e-14   0.000000e+00   2.535139e-15   96
  1.982940e+00   1.879601e-14   0.000000e+00   1.287548e-15   144
  1.989055e+00   1.771425e-14   1.979053e-03   9.655514e-16   312
  1.998804e+00   2.254450e-14   0.000000e+00   2.833590e-15   48
  2.002750e+00   1.589482e-14   2.543132e-08   1.395382e-15   192
  2.010619e+00   1.970525e-14   0.000000e+00   2.633234e-15   6
  2.015848e+00   1.799715e-14   1.845802e-03   9.302490e-16   288
  2.024316e+00   1.631626e-14   1.950210e-03   1.053839e-15   192
  2.030159e+00   1.785758e-14   5.980883e-08   1.109096e-15   216
  2.034045e+00   1.902355e-14   0.000000e+00   2.443295e-15   72
  2.043725e+00   2.002308e-14   1.931689e-03   1.494693e-15   192
  2.050154e+00   2.075900e-14   1.434383e-03   1.294987e-15   288
  2.057204e+00   1.558602e-14   0.000000e+00   2.512775e-15   24
  2.062650e+00   1.628953e-14   1.889681e-03   7.455109e-16   456
  2.072499e+00   2.482772e-14   0.000000e+00   3.758527e-15   48
  2.078585e+00   1.871173e-14   1.861260e-03   1.160697e-15   240
  2.085579e+00   1.651750e-14   1.881013e-03   1.193826e-15   216
  2.091461e+00   2.085718e-14   0.000000e+00   1.966023e-15   72
  2.095233e+00   1.814950e-14   6.498988e-08   1.357631e-15   168
  2.105882e+00   1.730487e-14   1.398129e-03   1.246903e-15   288
  2.111855e+00   1.567821e-14   1.849965e-03   1.356819e-15   168
  2.121448e+00   1.234495e-14   0.000000e+00   8.091050e-16   192
  2.125166e+00   1.687632e-14   2.397687e-08   1.367353e-15   144
  2.132584e+00   2.127810e-14   2.397687e-08   3.392408e-15   36
  2.138874e+00   1.521876e-14   1.689411e-03   7.980230e-16   342
  2.144889e+00   2.075883e-14   1.734820e-03   1.562997e-15   144
  2.152621e+00   1.762001e-14   1.819392e-03   1.017920e-15   384
  2.162000e+00   1.704004e-14   4.983500e-08   1.366846e-15   120
  2.166643e+00   1.757061e-14   1.622368e-03   1.026082e-15   264
  2.172929e+00   2.008359e-14   8.042088e-08   1.544164e-15   192
  2.178848e+00   1.677585e-14   1.748412e-03   1.505864e-15   152
  2.183802e+00   1.310040e-14   4.795375e-08   1.014829e-15   144
  2.194222e+00   1.659536e-14   1.131589e-03   1.086685e-15   216
  2.199045e+00   1.551546e-14   1.512105e-03   8.433140e-16   312
  2.207535e+00   1.465901e-14   1.752500e-03   9.409754e-16   240
  2.212538e+00   1.401577e-14   2.543132e-08   1.438927e-15   96
  2.222033e+00   1.103983e-14   1.675517e-03   1.132729e-15   144
  2.227885e+00   1.597630e-14   1.646885e-03   7.905049e-16   456
  2.237379e+00   1.676743e-14   0.000000e+00   1.579014e-15   120
  2.240905e+00   1.175494e-14   0.000000e+00   1.080910e-15   144
  2.247941e+00   1.486109e-14   3.596531e-08   3.511293e-15   24
  2.252452e+00   1.316603e-14   1.583038e-03   7.883089e-16   336
  2.260253e+00   1.445879e-14   1.745876e-03   9.928252e-16   198
  2.267563e+00   1.335454e-14   1.697764e-03   6.879211e-16   432
  2.275867e+00   1.780475e-14   5.086263e-08   2.966695e-15   48
  2.280199e+00   1.583008e-14   1.498832e-03   8.871227e-16   384
  2.287976e+00   1.504135e-14   1.725473e-03   9.905252e-16   144
  2.295024e+00   1.883146e-14   1.713168e-03   1.058468e-15   264
  2.303454e+00   1.363101e-14   0.000000e+00   1.744683e-15   48
  2.309110e+00   1.494425e-14   1.628943e-03   9.294383e-16   276
  2.314567e+00   1.451107e-14   1.476593e-03   1.215727e-15   192
  2.321860e+00   1.535327e-14   1.659366e-03   7.382256e-16   552
  2.330715e+00   1.546643e-14   4.069010e-08   1.432385e-15   120
  2.335978e+00   1.197586e-14   1.679687e-03   7.342165e-16   216
  2.340855e+00   1.027199e-14   4.069010e-08   9.130382e-16   120
  2.349569e+00   1.490735e-14   1.654080e-03   7.565735e-16   408
  2.357660e+00   1.751404e-14   3.596531e-08   2.343561e-15   24
  2.362678e+00   1.262924e-14   1.670919e-03   6.366738e-16   384
  2.369685e+00   1.503591e-14   1.632547e-03   9.865889e-16   240
  2.375770e+00   1.230647e-14   1.644502e-03   8.845354e-16   168
  2.384301e+00   1.331559e-14   0.000000e+00   1.546976e-15   120
  2.389801e+00   1.285956e-14   1.714308e-03   6.341071e-16   350
  2.398744e+00   1.223479e-14   2.822081e-03   6.479096e-16   384
  2.404088e+00   1.414694e-14   0.000000e+00   9.824851e-16   144
  2.413921e+00   1.334367e-14   3.390842e-08   7.703552e-16   288
  2.419055e+00   1.247314e-14   1.615394e-03   6.954117e-16   336
  2.426039e+00   1.188494e-14   1.470682e-03   9.440549e-16   168
  2.430220e+00   1.280894e-14   9.639558e-08   7.849467e-16   336
  2.438868e+00   1.237886e-14   1.526480e-03   8.570538e-16   288
  2.444062e+00   1.428351e-14   1.438335e-03   8.923573e-16   264
  2.452858e+00   1.273160e-14   0.000000e+00   7.082491e-16   240
  2.456075e+00   1.139446e-14   0.000000e+00   1.100137e-15   96
  2.467620e+00   1.383618e-14   1.956039e-03   7.562268e-16   360
  2.473008e+00   1.598223e-14   1.441936e-03   1.202001e-15   168
  2.479816e+00   1.181988e-14   1.571860e-03   5.791854e-16   456
  2.488014e+00   9.793462e-15   4.521123e-08   9.008780e-16   108
  2.492626e+00   1.157239e-14   1.577159e-03   7.178042e-16   264
  2.498378e+00   1.177376e-14   1.407083e-03   7.186663e-16   264
  2.506256e+00   1.235630e-14   1.327788e-03   6.355793e-16   312
  2.516065e+00   1.189356e-14   9.866910e-04   7.287345e-16   270
  2.520176e+00   1.175251e-14   1.252729e-03   8.130519e-16   240
  2.527567e+00   1.521525e-14   1.549783e-03   8.615172e-16   384
  2.532054e+00   1.180437e-14   5.086263e-08   8.064797e-16   192
  2.540769e+00   1.133563e-14   1.243495e-03   6.971991e-16   240
  2.545825e+00   1.081825e-14   1.534673e-03   5.861492e-16   336
  2.555333e+00   1.308449e-14   1.544942e-03   6.064322e-16   480
  2.563047e+00   1.281341e-14   3.390842e-08   2.174513e-15   72
  2.567356e+00   1.120417e-14   1.506459e-03   8.069740e-16   240
  2.573216e+00   1.293885e-14   1.415865e-03   8.363926e-16   312
  2.579934e+00   1.258795e-14   1.530210e-03   7.956029e-16   240
  2.590086e+00   1.198661e-14   1.162564e-03   5.523200e-16   408
  2.594104e+00   1.177213e-14   1.064628e-03   6.243029e-16   336
  2.601958e+00   1.188260e-14   1.351816e-03   8.274761e-16   264
  2.605818e+00   1.104394e-14   0.000000e+00   9.808942e-16   144
  2.616557e+00   1.218577e-14   1.873697e-03   6.889477e-16   464
  2.622215e+00   9.794311e-15   1.489973e-03   6.831451e-16   168
  2.627801e+00   1.053302e-14   1.357041e-03   6.469974e-16   336
  2.637897e+00   1.039499e-14   1.425837e-03   5.721360e-16   414
  2.643588e+00   1.196034e-14   1.484211e-03   6.735662e-16   216
  2.650879e+00   1.384140e-14   3.596531e-08   1.174843e-15   96
  2.653856e+00   1.095222e-14   8.809666e-08   5.220823e-16   384
  2.664284e+00   1.172748e-14   1.481344e-03   5.935034e-16   492
  2.669873e+00   1.145677e-14   1.448627e-03   6.775567e-16   240
  2.676189e+00   1.125548e-14   1.470864e-03   7.302711e-16   312
  2.684913e+00   1.025948e-14   1.470380e-03   7.326056e-16   192
  2.690439e+00   1.015661e-14   1.424976e-03   4.839739e-16   504
  2.697770e+00   1.076046e-14   9.433586e-04   5.617535e-16   408
  2.703542e+00   1.216753e-14   2.890096e-03   9.573478e-16   168
  2.710765e+00   1.043366e-14   1.372821e-03   6.821366e-16   288
  2.716826e+00   9.794593e-15   1.432656e-03   5.865008e-16   288
  2.723035e+00   1.056575e-14   1.440903e-03   6.247934e-16   432
  2.732042e+00   1.013417e-14   1.362614e-03   6.924677e-16   216
  2.736854e+00   9.512322e-15   1.359739e-03   5.247045e-16   360
  2.745421e+00   1.006167e-14   1.327092e-03   6.082919e-16   312
  2.753154e+00   1.075519e-14   0.000000e+00   1.545723e-15   48
  2.757611e+00   8.926668e-15   1.422834e-03   3.716572e-16   432
  2.765594e+00   8.948455e-15   2.373302e-03   4.687899e-16   414
  2.770308e+00   9.645903e-15   5.421333e-08   5.476794e-16   312
  2.779102e+00   9.777088e-15   2.082441e-03   4.495130e-16   528
  2.785037e+00   8.225180e-15   1.093105e-03   5.354700e-16   264
  2.792167e+00   1.038808e-14   1.296122e-03   4.878260e-16   480
  2.801483e+00   8.868260e-15   0.000000e+00   5.381021e-16   288
  2.805506e+00   9.820028e-15   1.392643e-03   7.165187e-16   168
  2.812867e+00   9.799547e-15   2.204550e-03   4.527109e-16   504
  2.821143e+00   1.110206e-14   3.390842e-08   8.427134e-16   144
  2.826350e+00   8.537334e-15   1.415850e-03   3.777799e-16   464
  2.834173e+00   9.985812e-15   2.077839e-03   4.542066e-16   432
  2.837886e+00   1.114407e-14   3.596531e-08   7.832050e-16   192
  2.847481e+00   9.150485e-15   1.540373e-03   4.552612e-16   396
  2.853147e+00   7.848613e-15   1.383680e-03   5.178420e-16   288
  2.858874e+00   8.976055e-15   1.366839e-03   4.954661e-16   336
  2.868021e+00   8.530882e-15   8.655099e-04   4.893020e-16   432
  2.873827e+00   9.246637e-15   2.243281e-03   4.882580e-16   360
  2.880345e+00   8.811092e-15   1.326934e-03   4.969486e-16   384
  2.889603e+00   9.508157e-15   1.171274e-03   7.091398e-16   198
  2.894063e+00   8.469416e-15   1.331357e-03   3.414605e-16   552
  2.902381e+00   9.714781e-15   1.863809e-03   5.224999e-16   432
  2.909325e+00   1.135517e-14   7.119285e-08   1.123712e-15   168
  2.915153e+00   1.065624e-14   2.310442e-03   5.738918e-16   480
  2.922863e+00   7.971952e-15   0.000000e+00   7.324175e-16   120
  2.926334e+00   8.568033e-15   1.887069e-03   4.797650e-16   336
  2.934802e+00   8.299473e-15   1.331298e-03   3.259058e-16   672
  2.943175e+00   9.082142e-15   1.936554e-03   3.928239e-16   528
  2.947075e+00   8.197309e-15   5.812872e-08   6.288632e-16   168
  2.956085e+00   8.634325e-15   2.160213e-03   4.808234e-16   456
  2.961583e+00   7.820351e-15   1.319260e-03   7.161905e-16   168
  2.967291e+00   8.876575e-15   1.316892e-03   3.949443e-16   504
  2.976778e+00   7.902236e-15   1.694638e-03   4.337617e-16   336
  2.982515e+00   7.373786e-15   1.221633e-03   4.379479e-16   312
  2.988879e+00   8.648228e-15   1.193619e-03   3.753228e-16   504
  2.997254e+00   7.642724e-15   8.281656e-04   3.903099e-16   432
  3.001192e+00   7.753596e-15   1.279790e-03   4.170552e-16   312
  3.009377e+00   8.384833e-15   1.311847e-03   4.914948e-16   384
  3.017923e+00   7.583812e-15   1.114566e-03   6.006255e-16   126
  3.023199e+00   8.935755e-15   1.956913e-03   4.858112e-16   492
  3.029938e+00   7.691435e-15   1.253405e-03   3.840211e-16   528
  3.038360e+00   7.846122e-15   1.273190e-03   3.669505e-16   480
  3.043581e+00   8.796131e-15   1.758905e-03   4.675260e-16   432
  3.051137e+00   8.335494e-15   1.383146e-03   4.296514e-16   440
  3.059913e+00   8.127007e-15   6.878330e-04   5.488573e-16   312
  3.063206e+00   6.777418e-15   1.030775e-03   3.605432e-16   480
  3.069960e+00   7.643802e-15   2.018238e-03   4.241260e-16   408
  3.079829e+00   8.966509e-15   1.208696e-03   5.759655e-16   360
  3.083998e+00   8.400951e-15   1.166348e-03   4.048975e-16   408
  3.091725e+00   6.372940e-15   1.186907e-03   3.156811e-16   456
  3.100425e+00   7.239425e-15   1.134390e-03   4.983586e-16   264
  3.105254e+00   8.354332e-15   1.231098e-03   4.074871e-16   384
  3.112283e+00   7.529448e-15   2.072640e-03   2.988054e-16   672
  3.120409e+00   8.666503e-15   1.239707e-03   6.892077e-16   240
  3.125099e+00   6.943636e-15   1.257992e-03   4.181275e-16   264
  3.131717e+00   6.712594e-15   1.551526e-03   2.903152e-16   624
  3.141593e+00   7.270290e-15   0.000000e+00   5.300688e-16   150
  3.145109e+00   7.663846e-15   1.738607e-03   3.971267e-16   600
  3.152524e+00   7.658303e-15   1.199942e-03   3.205076e-16   672
  3.160921e+00   7.139490e-15   1.128630e-03   4.117734e-16   336
  3.165599e+00   7.474166e-15   1.227621e-03   3.872277e-16   408
  3.173072e+00   8.252010e-15   1.224729e-03   4.403076e-16   408
  3.181385e+00   7.516563e-15   6.192886e-04   3.723175e-16   360
  3.186510e+00   6.633363e-15   2.273829e-03   3.710358e-16   456
  3.192699e+00   7.041461e-15   1.236522e-03   4.188014e-16   384
  3.200577e+00   6.481678e-15   1.141466e-03   3.584769e-16   348
  3.204835e+00   7.159878e-15   1.407202e-03   2.978432e-16   576
  3.212832e+00   6.956131e-15   1.158646e-03   3.599444e-16   504
  3.221013e+00   6.955144e-15   1.634203e-03   4.044300e-16   432
  3.228154e+00   7.089366e-15   2.223325e-03   3.138197e-16   576
  3.233247e+00   7.237614e-15   0.000000e+00   6.004825e-16   264
  3.241325e+00   7.037458e-15   1.769212e-03   2.741158e-16   768
  3.248351e+00   6.661752e-15   2.381921e-03   4.134611e-16   240
  3.253937e+00   5.900538e-15   2.100629e-03   4.797311e-16   192
  3.262073e+00   6.599265e-15   1.546319e-03   2.750108e-16   504
  3.268108e+00   7.361195e-15   2.083724e-03   3.426589e-16   590
  3.273894e+00   7.318939e-15   2.334698e-03   3.708583e-16   384
  3.281151e+00   6.744376e-15   1.951120e-03   3.202335e-16   504
  3.289911e+00   6.940029e-15   1.877651e-03   2.808919e-16   648
  3.298409e+00   6.125227e-15   5.099453e-04   3.005945e-16   504
  3.301835e+00   6.421589e-15   1.163281e-03   4.008011e-16   312
  3.307884e+00   7.058213e-15   1.676002e-03   3.583087e-16   576
  3.316189e+00   8.595367e-15   1.166339e-03   5.887268e-16   240
  3.321030e+00   6.412081e-15   1.178530e-03   3.032782e-16   552
  3.327882e+00   6.070247e-15   1.106612e-03   2.762350e-16   600
  3.337643e+00   6.104227e-15   1.351639e-03   2.599896e-16   600
  3.343511e+00   6.505244e-15   2.164544e-03   5.032674e-16   312
  3.349356e+00   7.301477e-15   1.885103e-03   3.983027e-16   480
  3.356656e+00   5.712725e-15   1.176123e-03   2.877149e-16   576
  3.363084e+00   5.860929e-15   1.893814e-03   3.192142e-16   408
  3.368787e+00   5.070203e-15   2.209222e-03   3.228261e-16   216
  3.376156e+00   6.098036e-15   1.692015e-03   2.639308e-16   516
  3.384050e+00   6.183544e-15   1.614354e-03   2.587812e-16   744
  3.392194e+00   7.187428e-15   1.078246e-03   3.575713e-16   462
  3.396796e+00   5.487866e-15   1.095881e-03   2.939603e-16   432
  3.403934e+00   6.083518e-15   1.016670e-03   2.628701e-16   648
  3.412327e+00   6.394247e-15   1.487578e-03   2.901316e-16   528
  3.419069e+00   5.881814e-15   1.791415e-03   2.776510e-16   600
  3.425805e+00   7.533824e-15   2.258506e-03   5.752886e-16   240
  3.432329e+00   6.289065e-15   1.729994e-03   2.644209e-16   720
  3.439912e+00   5.662636e-15   1.368738e-03   2.615907e-16   720
  3.448318e+00   4.288053e-15   0.000000e+00   4.284927e-16   144
  3.452742e+00   6.415320e-15   1.764713e-03   3.034852e-16   720
  3.459035e+00   5.660146e-15   1.058157e-03   3.230211e-16   384
  3.466913e+00   6.671736e-15   1.173023e-03   3.108953e-16   672
  3.474387e+00   6.217914e-15   2.053834e-03   3.849282e-16   336
  3.477957e+00   6.666579e-15   0.000000e+00   3.695860e-16   288
  3.486699e+00   5.219717e-15   1.625472e-03   2.105408e-16   776
  3.494792e+00   4.748374e-15   1.390838e-03   1.881486e-16   720
  3.501588e+00   4.951047e-15   1.120422e-03   2.483816e-16   432
  3.507024e+00   6.055833e-15   1.597303e-03   2.968288e-16   504
  3.513071e+00   4.900196e-15   1.119137e-03   2.507629e-16   528
  3.521533e+00   5.148763e-15   1.524759e-03   2.770929e-16   438
  3.528495e+00   5.805926e-15   1.774680e-03   2.557310e-16   624
  3.533741e+00   6.752080e-15   2.173744e-03   3.970392e-16   312
  3.540952e+00   6.093245e-15   1.171159e-03   2.726006e-16   696
  3.548410e+00   6.117214e-15   1.059686e-03   3.123976e-16   552
  3.556166e+00   5.847711e-15   8.198436e-04   3.447130e-16   516
  3.560964e+00   6.538495e-15   1.637576e-03   3.576317e-16   528
  3.566805e+00   4.772503e-15   1.064960e-03   2.210401e-16   528
  3.575102e+00   5.386972e-15   1.404467e-03   2.586378e-16   864
  3.580734e+00   5.938996e-15   1.923830e-03   3.472596e-16   408
  3.586372e+00   6.491901e-15   1.906039e-03   4.757790e-16   192
  3.594362e+00   5.142854e-15   1.577339e-03   2.020573e-16   720
  3.601108e+00   5.420157e-15   1.454384e-03   2.584423e-16   696
  3.609123e+00   5.937579e-15   1.570748e-03   2.826951e-16   720
  3.616456e+00   5.294818e-15   2.128961e-03   2.810035e-16   432
  3.620733e+00   4.554980e-15   1.253189e-03   2.675857e-16   264
  3.628427e+00   5.292458e-15   1.730599e-03   2.400172e-16   672
  3.635310e+00   5.118184e-15   1.771868e-03   2.604970e-16   600
  3.643477e+00   4.926100e-15   1.037427e-03   3.148535e-16   270
  3.647594e+00   5.224748e-15   1.561617e-03   2.475634e-16   528
  3.654138e+00   4.892450e-15   1.069340e-03   2.260650e-16   840
  3.663112e+00   6.131312e-15   2.044769e-03   2.591903e-16   888
  3.671403e+00   4.973448e-15   1.523504e-03   2.056557e-16   744
  3.678411e+00   5.375267e-15   7.828584e-04   3.007601e-16   456
  3.681896e+00   6.097445e-15   1.069824e-03   3.761536e-16   360
  3.687860e+00   5.231173e-15   9.269427e-04   3.924330e-16   384
  3.697011e+00   4.867131e-15   1.486807e-03   2.205918e-16   816
  3.703877e+00   5.045337e-15   2.157150e-03   2.136473e-16   824
  3.712223e+00   4.559866e-15   1.002746e-03   2.713111e-16   360
  3.716692e+00   5.273593e-15   1.479676e-03   2.466657e-16   624
  3.722842e+00   5.314142e-15   9.998850e-04   3.679484e-16   360
  3.731036e+00   4.915216e-15   1.360137e-03   2.092656e-16   876
  3.738436e+00   4.975633e-15   1.615436e-03   2.096086e-16   696
  3.745899e+00   4.555084e-15   1.043143e-03   2.466437e-16   336
  3.749811e+00   5.176121e-15   1.041971e-03   3.183018e-16   504
  3.756273e+00   4.589592e-15   1.051000e-03   2.057169e-16   672
  3.765859e+00   4.572389e-15   2.092296e-03   1.884461e-16   720
  3.772508e+00   4.796046e-15   1.580506e-03   2.284504e-16   774
  3.779846e+00   5.605939e-15   9.046409e-04   4.241632e-16   384
  3.783690e+00   4.915152e-15   1.740917e-03   2.755860e-16   528
  3.789655e+00   5.288991e-15   1.659191e-03   2.502341e-16   744
  3.799249e+00   5.624490e-15   1.368481e-03   2.514646e-16   768
  3.805620e+00   4.809768e-15   1.536223e-03   3.505436e-16   552
  3.813568e+00   4.093276e-15   1.674309e-03   1.715379e-16   696
  3.819481e+00   6.245970e-15   2.034577e-03   3.973876e-16   408
  3.824174e+00   5.027022e-15   8.789532e-04   2.491437e-16   504
  3.831615e+00   4.478322e-15   1.579007e-03   1.764703e-16   888
  3.838937e+00   4.357249e-15   1.641044e-03   2.309227e-16   648
  3.846547e+00   5.000847e-15   1.626978e-03   2.649283e-16   648
  3.853707e+00   4.568694e-15   1.754281e-03   1.780908e-16   792
  3.861291e+00   4.709572e-15   2.566633e-03   2.500654e-16   600
  3.866880e+00   3.907929e-15   1.739428e-03   2.171067e-16   456
  3.872762e+00   5.108808e-15   8.477229e-04   2.823440e-16   648
  3.880317e+00   4.685725e-15   1.653183e-03   1.996101e-16   936
  3.888474e+00   4.851445e-15   1.015268e-03   2.904414e-16   384
  3.895575e+00   4.064336e-15   0.000000e+00   3.159707e-16   198
  3.901055e+00   4.818716e-15   2.575821e-03   2.053466e-16   1224
  3.906966e+00   5.574287e-15   1.875990e-03   3.947397e-16   420
  3.913957e+00   4.708698e-15   1.815566e-03   2.044738e-16   792
  3.920793e+00   4.656096e-15   1.501318e-03   2.161275e-16   680
  3.928594e+00   5.574644e-15   1.378581e-03   3.389597e-16   600
  3.934870e+00   5.108893e-15   1.999321e-03   3.012994e-16   840
  3.943251e+00   4.336550e-15   9.439865e-04   2.207024e-16   432
  3.946454e+00   5.424538e-15   8.846397e-04   3.779276e-16   720
  3.953417e+00   4.527357e-15   1.771778e-03   1.911474e-16   960
  3.962077e+00   4.860202e-15   1.579411e-03   2.792451e-16   528
  3.968405e+00   4.721553e-15   1.614459e-03   2.849453e-16   624
  3.975938e+00   4.275007e-15   1.268954e-03   2.051942e-16   816
  3.983415e+00   4.444791e-15   2.086821e-03   2.116025e-16   696
  3.991678e+00   4.156898e-15   1.150890e-07   2.660578e-16   240
  3.994784e+00   4.390057e-15   1.230648e-03   1.961608e-16   672
  4.001719e+00   4.134437e-15   2.199344e-03   1.734550e-16   864
  4.009498e+00   3.898842e-15   1.687640e-03   2.059751e-16   816
  4.016509e+00   4.075368e-15   9.659469e-04   2.245049e-16   648
  4.024060e+00   4.816020e-15   9.873737e-04   2.196698e-16   843
  4.030471e+00   3.850026e-15   1.776528e-03   1.742005e-16   780
  4.038111e+00   4.477579e-15   9.532520e-04   3.828230e-16   216
  4.042823e+00   4.452597e-15   2.298663e-03   1.893737e-16   1056
  4.050071e+00   3.477446e-15   1.880564e-03   3.307270e-16   228
  4.056781e+00   4.453294e-15   2.341349e-03   2.927406e-16   924
  4.063670e+00   4.691710e-15   8.685094e-04   2.096280e-16   696
  4.070964e+00   4.068827e-15   1.545698e-03   1.762945e-16   996
  4.078428e+00   3.536435e-15   9.125493e-04   1.859669e-16   576
  4.086192e+00   4.022452e-15   1.408459e-03   2.428511e-16   552
  4.091852e+00   4.414099e-15   1.681651e-03   2.697233e-16   516
  4.097596e+00   4.377785e-15   2.445470e-03   1.934688e-16   744
  4.104159e+00   3.439420e-15   1.199649e-03   1.589519e-16   576
  4.109868e+00   3.834919e-15   1.234742e-03   1.777403e-16   792
  4.117982e+00   3.749746e-15   1.411539e-03   1.898004e-16   792
  4.123927e+00   3.917040e-15   1.522330e-03   1.922544e-16   720
  4.131968e+00   3.834548e-15   1.735107e-03   1.860838e-16   656
  4.139503e+00   3.506039e-15   1.894646e-03   1.564697e-16   816
  4.147227e+00   3.638026e-15   1.021561e-03   2.431712e-16   492
  4.151618e+00   4.273944e-15   1.469588e-03   2.756824e-16   552
  4.159858e+00   3.343871e-15   2.555435e-03   1.412043e-16   780
  4.165209e+00   4.213438e-15   1.569773e-03   2.391712e-16   528
  4.170975e+00   3.478967e-15   1.832403e-03   1.964206e-16   600
  4.179472e+00   3.826155e-15   1.522872e-03   1.370927e-16   900
  4.185329e+00   3.430781e-15   8.430879e-04   1.890040e-16   696
  4.193388e+00   3.130007e-15   2.131780e-03   1.469742e-16   696
  4.201183e+00   3.086568e-15   8.648430e-04   1.461575e-16   552
  4.207739e+00   3.309230e-15   1.005732e-03   1.690098e-16   708
  4.214606e+00   3.284896e-15   1.660522e-03   1.599046e-16   876
  4.221752e+00   4.674510e-15   8.817041e-04   3.970611e-16   216
  4.226547e+00   3.745345e-15   2.411580e-03   1.344169e-16   1032
  4.233729e+00   3.007298e-15   2.685028e-03   1.468453e-16   600
  4.241182e+00   2.872582e-15   1.281196e-03   1.627272e-16   600
  4.246868e+00   3.872767e-15   2.262472e-03   1.986679e-16   528
  4.253589e+00   3.630959e-15   1.241998e-03   2.014533e-16   732
  4.260669e+00   3.593942e-15   9.171027e-04   2.239317e-16   336
  4.268820e+00   2.923785e-15   1.307053e-03   1.079929e-16   912
  4.274911e+00   2.810169e-15   1.311885e-03   1.543578e-16   624
  4.281565e+00   3.083189e-15   1.105498e-03   1.370727e-16   768
  4.289333e+00   3.014664e-15   1.994537e-03   1.226412e-16   792
  4.296957e+00   3.255716e-15   9.888090e-04   1.547680e-16   660
  4.302382e+00   3.095826e-15   1.457169e-03   2.342941e-16   504
  4.307992e+00   2.804033e-15   2.380735e-03   1.449431e-16   480
  4.316401e+00   2.765525e-15   2.201870e-03   1.071865e-16   912
  4.322985e+00   3.081246e-15   2.452123e-03   1.900560e-16   432
  4.329203e+00   2.731013e-15   1.456013e-03   1.312735e-16   564
  4.334724e+00   2.885293e-15   1.393605e-03   1.420021e-16   600
  4.342496e+00   3.316334e-15   1.942553e-03   1.399641e-16   876
  4.348334e+00   2.793251e-15   8.734307e-04   2.017548e-16   264
  4.356382e+00   2.961642e-15   1.694799e-03   1.768792e-16   560
  4.362850e+00   2.640823e-15   1.151652e-03   1.335635e-16   840
  4.370702e+00   2.335047e-15   1.775516e-03   8.425270e-17   1008
  4.377963e+00   1.986627e-15   7.942467e-04   9.515396e-17   456
  4.384595e+00   2.869621e-15   1.028834e-03   1.313943e-16   576
  4.390725e+00   2.642460e-15   1.580913e-03   1.191350e-16   612
  4.398809e+00   2.704952e-15   1.412012e-03   1.097650e-16   780
  4.405404e+00   2.795754e-15   1.618102e-03   1.323100e-16   648
  4.412155e+00   2.356386e-15   7.540562e-04   1.578179e-16   312
  4.416470e+00   2.654626e-15   1.915933e-03   1.465402e-16   528
  4.423945e+00   2.245293e-15   2.502113e-03   9.112160e-17   720
  4.431093e+00   2.265251e-15   2.509948e-03   1.160762e-16   576
  4.439759e+00   2.484086e-15   2.165154e-03   1.521011e-16   444
  4.445151e+00   2.586471e-15   2.123318e-03   1.038065e-16   996
  4.451759e+00   2.247265e-15   1.773610e-03   1.140533e-16   432
  4.458005e+00   2.257389e-15   1.941754e-03   1.265766e-16   504
  4.463400e+00   2.196035e-15   8.754449e-04   1.087155e-16   504
  4.471082e+00   2.511153e-15   1.722886e-03   9.583776e-17   876
  4.478033e+00   2.295552e-15   1.982878e-03   1.165793e-16   504
  4.485271e+00   2.120481e-15   1.264576e-03   8.019640e-17   696
  4.491253e+00   2.069290e-15   1.081079e-03   9.180794e-17   492
  4.499392e+00   2.516294e-15   1.547618e-03   1.641368e-16   432
  4.505420e+00   2.326269e-15   1.449174e-03   8.911632e-17   768
  4.512567e+00   2.101480e-15   1.805141e-03   1.007505e-16   648
  4.519390e+00   2.057499e-15   1.177661e-03   8.759900e-17   456
  4.527231e+00   2.367032e-15   1.619475e-03   1.207271e-16   552
  4.532676e+00   2.123197e-15   1.109989e-03   1.008442e-16   648
  4.540170e+00   2.041591e-15   1.809220e-03   9.505748e-17   840
  4.547491e+00   2.099948e-15   8.627791e-04   1.081768e-16   432
  4.554820e+00   1.943793e-15   1.056757e-03   8.890192e-17   600
  4.559917e+00   2.284628e-15   1.125905e-03   1.346439e-16   432
  4.568479e+00   2.177205e-15   1.120948e-03   1.063469e-16   560
  4.574277e+00   2.016976e-15   1.774344e-03   7.085868e-17   840
  4.581537e+00   1.826932e-15   1.050970e-03   9.050969e-17   504
  4.587303e+00   1.885032e-15   2.144966e-03   7.356183e-17   696
  4.595432e+00   2.046777e-15   1.171504e-03   1.085567e-16   384
  4.601763e+00   1.962007e-15   1.716116e-03   9.449557e-17   576
  4.609420e+00   2.207459e-15   1.059101e-03   2.216602e-16   360
  4.615593e+00   2.112918e-15   1.577258e-03   8.552858e-17   828
  4.622251e+00   1.938663e-15   1.404841e-03   1.149776e-16   372
  4.628352e+00   1.939543e-15   2.145462e-03   9.314005e-17   576
  4.636434e+00   2.060940e-15   8.985170e-04   8.147395e-17   636
  4.642192e+00   1.870800e-15   1.732109e-03   7.751929e-17   648
  4.649981e+00   1.655374e-15   1.408015e-03   7.796413e-17   576
  4.655573e+00   1.759756e-15   2.271277e-03   8.421128e-17   528
  4.663010e+00   2.108132e-15   9.710647e-04   1.525074e-16   360
  4.669165e+00   1.572927e-15   2.233813e-03   5.901433e-17   672
  4.677203e+00   2.056271e-15   1.144196e-03   7.568202e-17   804
  4.683893e+00   1.852782e-15   1.262185e-03   1.009658e-16   408
  4.691293e+00   1.919411e-15   7.801673e-04   9.395459e-17   384
  4.696276e+00   1.500970e-15   1.785323e-03   7.553193e-17   480
  4.703304e+00   1.971153e-15   1.153580e-03   1.029758e-16   432
  4.710045e+00   1.899769e-15   2.125802e-03   7.256475e-17   648
  4.718024e+00   1.768528e-15   1.319050e-03   8.192683e-17   624
  4.723861e+00   1.555696e-15   1.199787e-03   7.656631e-17   456
  4.731831e+00   1.587538e-15   1.639016e-03   6.614659e-17   588
  4.737172e+00   1.696772e-15   1.045685e-03   8.279589e-17   600
  4.744970e+00   1.638479e-15   1.631013e-03   6.666972e-17   708
  4.751130e+00   1.622199e-15   1.027507e-03   8.829761e-17   360
  4.757936e+00   1.905101e-15   1.181146e-03   9.050526e-17   552
  4.764461e+00   1.275398e-15   8.286020e-04   8.865315e-17   288
  4.771085e+00   1.608851e-15   1.557998e-03   6.933630e-17   528
  4.777309e+00   1.823943e-15   1.051098e-03   7.852314e-17   456
  4.784262e+00   1.736993e-15   1.863824e-03   7.662702e-17   608
  4.791256e+00   1.465475e-15   9.017389e-04   6.380914e-17   504
  4.798898e+00   1.295735e-15   1.935982e-03   6.174885e-17   540
  4.804891e+00   1.735270e-15   2.078222e-03   8.670197e-17   360
  4.811350e+00   1.634142e-15   9.411255e-04   7.835142e-17   540
  4.817063e+00   1.473548e-15   8.080679e-04   6.889726e-17   576
  4.825371e+00   1.475620e-15   1.873635e-03   6.205046e-17   588
  4.833270e+00   1.529488e-15   2.585051e-03   6.097229e-17   672
  4.840056e+00   1.773022e-15   1.975777e-03   7.897313e-17   552
  4.845526e+00   1.216525e-15   1.976776e-03   1.083433e-16   144
  4.852507e+00   1.690926e-15   1.679474e-03   8.182338e-17   600
  4.859125e+00   1.306592e-15   2.104747e-03   7.246861e-17   504
  4.866470e+00   1.420253e-15   2.162000e-03   8.578810e-17   336
  4.874196e+00   1.329157e-15   2.430098e-03   5.780132e-17   600
  4.881116e+00   1.527999e-15   1.568306e-03   6.881896e-17   636
  4.888585e+00   1.349656e-15   1.260932e-03   9.963114e-17   384
  4.893821e+00   1.599788e-15   1.758851e-03   6.684196e-17   504
  4.901368e+00   1.360810e-15   7.381651e-04   8.714554e-17   240
  4.907324e+00   1.371399e-15   1.734055e-03   6.222641e-17   744
  4.914470e+00   1.386626e-15   1.184096e-03   5.641987e-17   648
  4.920821e+00   1.771066e-15   7.860381e-04   2.292178e-16   120
  4.928265e+00   1.416556e-15   1.234764e-03   6.307014e-17   564
  4.933890e+00   1.554074e-15   1.939271e-03   8.274348e-17   432
  4.941396e+00   1.292985e-15   1.505258e-03   5.464909e-17   480
  4.947049e+00   1.257561e-15   1.107908e-03   6.042724e-17   456
  4.953721e+00   1.369062e-15   1.833424e-03   7.546737e-17   444
  4.961293e+00   1.177879e-15   2.805235e-03   5.106998e-17   528
  4.967944e+00   1.415153e-15   2.083390e-03   1.006033e-16   264
  4.974399e+00   1.387346e-15   2.135165e-03   8.214455e-17   444
  4.983082e+00   1.468919e-15   2.338759e-03   5.414781e-17   696
  4.990289e+00   1.363632e-15   1.250847e-03   7.420709e-17   384
  4.995560e+00   1.197930e-15   1.580550e-03   5.419425e-17   432
  5.003759e+00   1.152702e-15   1.092086e-03   5.221073e-17   488
  5.009082e+00   1.315005e-15   1.645909e-03   6.624786e-17   480
  5.016800e+00   1.187965e-15   1.835529e-03   5.531063e-17   480
  5.022777e+00   1.183389e-15   7.701318e-04   7.017587e-17   240
  5.029563e+00   1.364031e-15   1.798967e-03   6.146708e-17   600
  5.035964e+00   1.063546e-15   1.567616e-03   7.026517e-17   288
  5.042780e+00   1.226388e-15   1.507931e-03   5.809506e-17   480
  5.049682e+00   1.074783e-15   2.682341e-03   5.140133e-17   504
  5.056479e+00   1.073675e-15   1.150891e-03   7.062472e-17   216
  5.065146e+00   1.096451e-15   1.884192e-03   5.200669e-17   504
  5.071897e+00   1.195310e-15   1.515464e-03   6.421098e-17   456
  5.079286e+00   1.315892e-15   8.691442e-04   6.436274e-17   384
  5.084180e+00   1.444939e-15   1.764049e-03   6.371081e-17   480
  5.091134e+00   1.224606e-15   1.549032e-03   6.848840e-17   504
  5.097578e+00   1.110051e-15   9.826093e-04   6.353707e-17   312
  5.104521e+00   1.181035e-15   1.583441e-03   6.058297e-17   492
  5.110667e+00   1.370265e-15   1.484108e-03   8.204931e-17   312
  5.118579e+00   1.213820e-15   2.410815e-03   5.866831e-17   576
  5.125543e+00   1.042865e-15   2.225378e-03   5.481298e-17   336
  5.131328e+00   8.396545e-16   1.713438e-03   6.324036e-17   240
  5.139346e+00   1.138168e-15   2.271584e-03   5.515438e-17   468
  5.146270e+00   9.667500e-16   1.422340e-03   6.301212e-17   192
  5.153517e+00   1.067818e-15   1.426580e-03   5.233628e-17   324
  5.158828e+00   1.152698e-15   1.035388e-03   4.953239e-17   600
  5.166066e+00   1.136393e-15   1.679811e-03   4.922442e-17   456
  5.171442e+00   1.231098e-15   7.555789e-04   7.442878e-17   336
  5.180350e+00   1.153456e-15   2.262417e-03   5.093386e-17   612
  5.186832e+00   9.624588e-16   1.898719e-03   7.190008e-17   144
  5.192961e+00   1.194702e-15   2.216292e-03   5.144067e-17   552
  5.201296e+00   1.033207e-15   8.728032e-04   7.716105e-17   264
  5.206006e+00   1.109777e-15   2.020762e-03   5.670193e-17   336
  5.213435e+00   1.089514e-15   1.335250e-03   5.667508e-17   384
  5.219878e+00   1.145190e-15   7.516140e-04   8.923554e-17   216
  5.227010e+00   9.779959e-16   1.593577e-03   4.812562e-17   344
  5.233513e+00   1.115250e-15   2.377692e-03   6.232910e-17   408
  5.241438e+00   1.151665e-15   1.827101e-03   8.548345e-17   264
  5.248460e+00   1.143972e-15   2.547069e-03   5.438679e-17   612
  5.255476e+00   1.202599e-15   1.310917e-03   5.710274e-17   408
  5.262692e+00   1.109932e-15   1.312801e-03   6.092533e-17   444
  5.267993e+00   1.279505e-15   7.342396e-04   1.123109e-16   120
  5.275096e+00   1.265480e-15   2.028570e-03   9.323602e-17   336
  5.280368e+00   9.107044e-16   7.049199e-04   4.741824e-17   288
  5.287493e+00   9.979093e-16   2.193723e-03   4.665717e-17   552
  5.297288e+00   1.216692e-15   0.000000e+00   1.482907e-16   72
  5.302324e+00   9.754168e-16   2.178926e-03   4.816032e-17   504
  5.308207e+00   9.410649e-16   7.011571e-04   8.118107e-17   216
  5.315829e+00   9.057702e-16   1.251868e-03   5.354915e-17   312
  5.322672e+00   8.596281e-16   1.425448e-03   5.780915e-17   336
  5.329194e+00   9.588600e-16   1.975831e-03   6.393986e-17   204
  5.335689e+00   1.030842e-15   2.296216e-03   4.869949e-17   504
  5.342577e+00   1.209403e-15   2.186657e-03   9.487652e-17   396
  5.349201e+00   1.230200e-15   2.005279e-03   8.979802e-17   312
  5.357232e+00   1.325873e-15   1.225440e-03   9.322380e-17   216
  5.362890e+00   9.345822e-16   6.650698e-04   7.499155e-17   168
  5.369766e+00   9.999402e-16   1.679338e-03   4.228781e-17   588
  5.377613e+00   8.008003e-16   2.279505e-03   6.034354e-17   240
  5.383710e+00   9.635836e-16   2.013185e-03   6.379188e-17   264
  5.390860e+00   8.576755e-16   2.489717e-03   5.352080e-17   288
  5.397204e+00   8.332792e-16   1.243261e-03   5.131080e-17   288
  5.405244e+00   9.886263e-16   1.167620e-03   7.004209e-17   288
  5.410658e+00   7.688490e-16   1.352591e-03   5.564498e-17   192
  5.417469e+00   7.263403e-16   1.439292e-03   4.333416e-17   264
  5.423957e+00   1.046816e-15   2.367436e-03   5.875183e-17   372
  5.430940e+00   1.141572e-15   2.556933e-03   8.004007e-17   360
  5.439463e+00   8.511752e-16   1.082118e-03   6.654009e-17   144
  5.443868e+00   7.981545e-16   1.503015e-03   5.643017e-17   296
  5.450821e+00   8.463493e-16   1.619421e-03   4.813972e-17   288
  5.458782e+00   8.355592e-16   2.420184e-03   3.924996e-17   480
  5.465649e+00   6.627118e-16   2.010942e-03   4.697647e-17   192
  5.472326e+00   9.369183e-16   2.157009e-03   7.028484e-17   192
  5.478395e+00   8.128141e-16   1.374687e-03   4.756963e-17   288
  5.486835e+00   9.025385e-16   1.196646e-03   6.898948e-17   108
  5.491087e+00   8.097025e-16   1.150429e-03   5.399045e-17   240
  5.498595e+00   6.732000e-16   2.146152e-03   3.325954e-17   384
  5.506307e+00   9.927514e-16   2.618062e-03   1.018782e-16   108
  5.513127e+00   1.047103e-15   1.535018e-03   5.929321e-17   348
  5.520298e+00   1.016204e-15   1.602006e-03   6.744894e-17   312
  5.526703e+00   8.268355e-16   1.556684e-03   1.072059e-16   96
  5.532593e+00   8.099694e-16   2.072444e-03   4.316761e-17   384
  5.539190e+00   8.333281e-16   1.425422e-03   7.279867e-17   144
  5.545642e+00   9.219852e-16   2.190224e-03   4.704440e-17   408
  5.553663e+00   8.134331e-16   9.769946e-04   6.556169e-17   144
  5.561240e+00   7.932647e-16   1.878283e-03   6.454494e-17   192
  5.565734e+00   8.508899e-16   2.114042e-03   6.612800e-17   144
  5.573059e+00   6.256913e-16   1.718794e-03   5.960665e-17   144
  5.579969e+00   7.610482e-16   2.100644e-03   3.713171e-17   336
  5.588433e+00   5.453236e-16   1.554210e-03   3.466849e-17   240
  5.593800e+00   8.758239e-16   7.057532e-04   8.451554e-17   96
  5.601284e+00   8.816265e-16   2.069634e-03   5.508468e-17   372
  5.608856e+00   7.048509e-16   2.461786e-03   6.686061e-17   132
  5.615507e+00   6.439759e-16   1.523323e-03   3.953389e-17   264
  5.621457e+00   9.734098e-16   1.169843e-03   9.769007e-17   168
  5.627807e+00   8.419086e-16   1.870354e-03   5.614437e-17   216
  5.633417e+00   5.879257e-16   1.144306e-03   4.280778e-17   216
  5.641586e+00   6.201828e-16   2.099325e-03   6.655593e-17   96
  5.648999e+00   8.635611e-16   1.369618e-03   8.052278e-17   120
  5.655797e+00   7.814761e-16   1.741170e-03   4.787063e-17   216
  5.661397e+00   6.522564e-16   7.608972e-04   5.065802e-17   200
  5.668812e+00   6.654002e-16   1.969636e-03   4.478308e-17   288
  5.678322e+00   4.774583e-16   5.182495e-04   3.174479e-17   144
  5.682326e+00   6.402948e-16   1.612761e-03   6.490086e-17   168
  5.690504e+00   6.565128e-16   1.815012e-03   9.084636e-17   159
  5.696887e+00   6.311169e-16   1.904384e-03   4.102020e-17   174
  5.703065e+00   6.943355e-16   1.726829e-03   6.296926e-17   144
  5.711154e+00   5.106959e-16   9.971188e-04   3.287957e-17   222
  5.716564e+00   5.567425e-16   1.006181e-03   4.575097e-17   168
  5.725909e+00   7.694897e-16   2.206942e-03   1.143604e-16   30
  5.729769e+00   4.494015e-16   1.948567e-03   4.490513e-17   72
  5.737039e+00   5.819835e-16   1.739073e-03   3.774539e-17   258
  5.745032e+00   5.638964e-16   1.089226e-03   3.422836e-17   264
  5.749029e+00   7.766134e-16   1.174622e-07   1.098767e-16   72
  5.757357e+00   4.519653e-16   2.158892e-03   3.733256e-17   174
  5.764898e+00   6.131112e-16   2.298822e-03   4.824306e-17   168
  5.770961e+00   5.612043e-16   7.193062e-08   6.423893e-17   48
  5.777470e+00   6.776021e-16   1.298199e-03   6.112604e-17   150
  5.785016e+00   7.989995e-16   2.388130e-03   6.919108e-17   168
  5.792583e+00   5.351637e-16   1.454738e-03   3.915972e-17   144
  5.799541e+00   7.103671e-16   1.359056e-03   7.526831e-17   102
  5.804724e+00   6.168696e-16   2.011636e-03   6.682238e-17   96
  5.812948e+00   4.273349e-16   1.996414e-03   3.957581e-17   120
  5.819038e+00   4.222677e-16   2.141206e-03   3.538743e-17   168
  5.825625e+00   7.107662e-16   1.581111e-03   6.112457e-17   126
  5.831237e+00   6.199503e-16   1.192474e-03   5.041646e-17   168
  5.838969e+00   4.671415e-16   1.912134e-03   4.468905e-17   72
  5.845726e+00   5.868021e-16   2.394418e-03   5.382464e-17   168
  5.851646e+00   8.090413e-16   6.564276e-04   1.150264e-16   78
  5.859757e+00   4.710794e-16   1.077805e-03   5.659300e-17   60
  5.866288e+00   5.844227e-16   1.748374e-03   6.110770e-17   96
  5.873062e+00   5.792648e-16   2.121507e-03   4.493456e-17   168
  5.879428e+00   4.295595e-16   1.342407e-03   3.669275e-17   86
  5.886107e+00   4.071339e-16   1.199794e-03   3.547036e-17   120
  5.895681e+00   4.431545e-16   8.556122e-04   3.697588e-17   168
  5.900844e+00   4.122078e-16   0.000000e+00   5.947056e-17   48
  5.907798e+00   7.050405e-16   1.558833e-03   7.026441e-17   120
  5.911793e+00   5.865675e-16   1.137231e-03   5.079091e-17   126
  5.921548e+00   4.671055e-16   2.000073e-03   4.607401e-17   96
  5.927878e+00   5.382414e-16   5.767223e-04   5.061069e-17   96
  5.932871e+00   4.281575e-16   6.781684e-08   4.418523e-17   72
  5.943508e+00   4.462623e-16   7.193062e-08   6.549893e-17   24
  5.950147e+00   4.232589e-16   1.186881e-03   4.324009e-17   120
  5.955326e+00   4.883576e-16   1.731294e-03   4.333758e-17   126
  5.961084e+00   5.110566e-16   1.443268e-03   4.612789e-17   96
  5.967813e+00   4.205160e-16   2.494389e-03   3.625835e-17   72
  5.975306e+00   4.852303e-16   1.078907e-03   3.780055e-17   144
  5.981469e+00   4.819729e-16   6.222882e-04   5.511636e-17   72
  5.987626e+00   3.751272e-16   1.242932e-03   4.849953e-17   54
  5.993045e+00   3.948863e-16   1.095319e-03   3.607422e-17   108
  6.004306e+00   4.232093e-16   1.073696e-03   6.535160e-17   72
  6.007812e+00   4.791820e-16   6.195595e-04   5.461809e-17   72
  6.016129e+00   5.253522e-16   1.245875e-07   7.062941e-17   24
  6.023999e+00   3.802916e-16   1.310705e-03   4.799067e-17   48
  6.028777e+00   5.087473e-16   9.984188e-04   5.018036e-17   102
  6.035970e+00   4.346940e-16   2.258008e-03   3.145764e-17   168
  6.045369e+00   4.281999e-16   1.231465e-03   5.434170e-17   72
  6.048851e+00   5.031672e-16   0.000000e+00   8.216804e-17   48
  6.056156e+00   5.670047e-16   2.118194e-03   5.545596e-17   120
  6.065796e+00   3.444854e-16   1.301673e-03   3.176862e-17   96
  6.074901e+00   5.676275e-16   1.150890e-07   8.127566e-17   30
  6.085723e+00   5.190964e-16   6.115837e-04   6.199246e-17   72
  6.090478e+00   3.369180e-16   7.193062e-08   6.766763e-17   24
  6.096586e+00   3.929158e-16   9.065181e-04   4.608807e-17   56
  6.103428e+00   4.031133e-16   1.293647e-03   2.993699e-17   96
  6.111616e+00   3.409299e-16   1.428503e-03   2.909601e-17   144
  6.117928e+00   3.950060e-16   8.110480e-04   5.503916e-17   54
  6.127099e+00   4.172901e-16   1.215036e-03   3.315642e-17   108
  6.136327e+00   5.520384e-16   6.433558e-04   6.879377e-17   48
  6.145113e+00   4.616641e-16   2.422440e-03   6.986003e-17   72
  6.166195e+00   3.996767e-16   1.600514e-03   4.358753e-17   78
  6.172037e+00   3.443782e-16   1.206188e-03   4.732912e-17   72
  6.178856e+00   3.311507e-16   1.204690e-03   3.579586e-17   72
  6.185986e+00   3.835833e-16   2.907051e-03   3.447283e-17   96
  6.191621e+00   3.463509e-16   1.202207e-03   3.362958e-17   72
  6.198419e+00   3.584562e-16   0.000000e+00   7.119132e-17   24
  6.205208e+00   3.002125e-16   2.398986e-03   2.614398e-17   72
  6.220544e+00   7.445738e-16   1.523430e-03   9.142226e-17   30
  6.223843e+00   3.868708e-16   0.000000e+00   4.770541e-17   24
  6.241578e+00   4.132329e-16   1.265014e-03   5.159291e-17   48
  6.247142e+00   3.679985e-16   2.722309e-03   3.586816e-17   120
  6.254637e+00   3.616785e-16   1.190257e-03   3.924172e-17   72
  6.262206e+00   3.338639e-16   1.188818e-03   4.284865e-17   36
  6.267409e+00   3.527028e-16   2.349657e-03   3.765808e-17   78
  6.281928e+00   4.328721e-16   1.256888e-03   5.107728e-17   48
  6.300754e+00   4.554255e-16   1.017253e-07   9.228310e-17   24
  6.314166e+00   3.934226e-16   8.752715e-04   6.890802e-17   56
  6.320919e+00   3.597377e-16   1.346877e-03   3.539442e-17   102
  6.329510e+00   3.444145e-16   9.590750e-08   4.719552e-17   72
  6.334498e+00   5.178175e-16   7.193062e-08   7.037466e-17   24
  6.343217e+00   2.601608e-16   1.244744e-03   3.311439e-17   48
  6.359378e+00   4.986583e-16   0.000000e+00   1.171214e-16   24
  6.379213e+00   4.190534e-16   0.000000e+00   8.399158e-18   6
  6.385398e+00   2.988855e-16   0.000000e+00   6.610856e-17   24
  6.389518e+00   2.881349e-16   1.165127e-03   2.928015e-17   72
  6.397046e+00   4.027948e-16   2.173655e-03   4.929996e-17   84
  6.405152e+00   2.123214e-16   0.000000e+00   3.481654e-17   24
  6.407617e+00   4.417296e-16   1.017253e-07   9.096831e-17   24
  6.419927e+00   3.969005e-16   1.245875e-07   5.432316e-17   24
  6.437123e+00   2.141915e-16   0.000000e+00   1.717210e-17   6
  6.459163e+00   4.348502e-16   1.222400e-03   5.608061e-17   48
  6.464458e+00   2.834098e-16   2.302802e-03   3.725985e-17   72
  6.471376e+00   4.099880e-16   1.220094e-03   4.688917e-17   48
  6.482347e+00   3.773760e-16   0.000000e+00   4.559997e-17   24
  6.496947e+00   2.586842e-16   0.000000e+00   1.269497e-16   6
  6.529678e+00   3.239256e-16   0.000000e+00   3.749811e-17   8
  6.532096e+00   4.627773e-16   7.193062e-08   5.794975e-17   48
  6.537895e+00   3.832614e-16   1.183236e-03   3.689848e-17   60
  6.546585e+00   4.002009e-16   0.000000e+00   4.874825e-17   24
  6.558634e+00   2.580320e-16   0.000000e+00   4.967904e-17   6
  6.603027e+00   3.123944e-16   0.000000e+00   4.512923e-17   24
  6.606613e+00   5.174075e-16   1.195118e-03   7.491101e-17   48
  6.612586e+00   4.388344e-16   0.000000e+00   8.094021e-17   24
  6.622132e+00   4.368953e-17   0.000000e+00   8.119299e-18   6
  6.676359e+00   3.574643e-16   1.114931e-03   4.335708e-17   36
  6.680300e+00   3.782948e-16   0.000000e+00   8.062215e-17   24
  6.687387e+00   1.295154e-16   0.000000e+00   3.307973e-17   6
  6.749089e+00   3.649703e-16   1.013241e-03   6.899908e-17   32
  6.754351e+00   3.376752e-16   0.000000e+00   9.839840e-17   6
  6.820657e+00   3.023796e-16   0.000000e+00   8.981469e-17   12
  6.822972e+00   3.116081e-16   0.000000e+00   8.282705e-17   6
  6.893201e+00   2.984798e-16   0.000000e+00   1.041464e-16   6
