# power spectrum of phi_prime/H (dimensionless)
# redshift z=29.767710
# k              Pk             sigma(k)       sigma(Pk)      count
  9.713012e-03   1.519737e-14   2.406229e-03   1.500459e-15   146
  2.072432e-02   1.174099e-14   3.528511e-03   3.573429e-16   1042
  3.284725e-02   8.216484e-15   3.519819e-03   1.676385e-16   2698
  4.516399e-02   6.937016e-15   3.571852e-03   9.957965e-17   5206
  5.773095e-02   6.838412e-15   3.674394e-03   7.318426e-17   8752
  7.053126e-02   7.154416e-15   3.718866e-03   6.263509e-17   13258
  8.325183e-02   7.319148e-15   3.633038e-03   5.476369e-17   18070
  9.586244e-02   7.288255e-15   3.646001e-03   4.710733e-17   24050
  1.086731e-01   7.174799e-15   3.743375e-03   4.070236e-17   31720
  1.214673e-01   7.207782e-15   3.655693e-03   3.632902e-17   38722
  1.341503e-01   7.043382e-15   3.664149e-03   3.239843e-17   47398
  1.468737e-01   6.901767e-15   3.676840e-03   2.903664e-17   56986
  1.596345e-01   6.766784e-15   3.691904e-03   2.600511e-17   67552
  1.723758e-01   6.656055e-15   3.670421e-03   2.385397e-17   78310
  1.850973e-01   6.394175e-15   3.676755e-03   2.115304e-17   90514
  1.978078e-01   6.248164e-15   3.661019e-03   1.961466e-17   102938
  2.105352e-01   6.118666e-15   3.688328e-03   1.785222e-17   117412
  2.233038e-01   5.869179e-15   3.687633e-03   1.617705e-17   132106
  2.360543e-01   5.711280e-15   3.674616e-03   1.483242e-17   147154
  2.487863e-01   5.577022e-15   3.675727e-03   1.377022e-17   163522
  2.615607e-01   5.383964e-15   3.698362e-03   1.279497e-17   181804
  2.742948e-01   5.274957e-15   3.657995e-03   1.187969e-17   197722
  2.870326e-01   5.082233e-15   3.695982e-03   1.087039e-17   218866
  2.998036e-01   4.958505e-15   3.677083e-03   1.021772e-17   237542
  3.125403e-01   4.816478e-15   3.676719e-03   9.493866e-18   258136
  3.252883e-01   4.665588e-15   3.682574e-03   8.865905e-18   280066
  3.380302e-01   4.567346e-15   3.674707e-03   8.361823e-18   301774
  3.507809e-01   4.436558e-15   3.685866e-03   7.843260e-18   326050
  3.635453e-01   4.347211e-15   3.682723e-03   7.396828e-18   349792
  3.763059e-01   4.236419e-15   3.686387e-03   6.995031e-18   375154
  3.890549e-01   4.139957e-15   3.673994e-03   6.607488e-18   399742
  4.017814e-01   4.047470e-15   3.673301e-03   6.253495e-18   426266
  4.145262e-01   3.935819e-15   3.683104e-03   5.919896e-18   454960
  4.272780e-01   3.852716e-15   3.679614e-03   5.625267e-18   482734
  4.400302e-01   3.768123e-15   3.684412e-03   5.354255e-18   512746
  4.527916e-01   3.691640e-15   3.682552e-03   5.097547e-18   542746
  4.655520e-01   3.608259e-15   3.684426e-03   4.839237e-18   573952
  4.783045e-01   3.527342e-15   3.678870e-03   4.620846e-18   604918
  4.910489e-01   3.459150e-15   3.679488e-03   4.422988e-18   637666
  5.038054e-01   3.392890e-15   3.685840e-03   4.229551e-18   672482
  5.165640e-01   3.327555e-15   3.679909e-03   4.047270e-18   705748
  5.293052e-01   3.257154e-15   3.678052e-03   3.880523e-18   740482
  5.420630e-01   3.204003e-15   3.688653e-03   3.728528e-18   779026
  5.548129e-01   3.140971e-15   3.672495e-03   3.572234e-18   812614
  5.675646e-01   3.079629e-15   3.688923e-03   3.426351e-18   854200
  5.803275e-01   3.030992e-15   3.679836e-03   3.299004e-18   890746
  5.930743e-01   2.972693e-15   3.680017e-03   3.181702e-18   930394
  6.058234e-01   2.925186e-15   3.680076e-03   3.072501e-18   970982
  6.185756e-01   2.875578e-15   3.681715e-03   2.956449e-18   1012600
  6.313355e-01   2.826374e-15   3.685773e-03   2.847002e-18   1055890
  6.440885e-01   2.781950e-15   3.677546e-03   2.762381e-18   1096630
  6.568331e-01   2.735466e-15   3.679931e-03   2.659092e-18   1141378
  6.695858e-01   2.702410e-15   3.681602e-03   2.580196e-18   1186552
  6.823378e-01   2.654860e-15   3.681238e-03   2.497503e-18   1231798
  6.950926e-01   2.610766e-15   3.683520e-03   2.407214e-18   1279234
  7.078494e-01   2.571057e-15   3.681308e-03   2.329054e-18   1325906
  7.206034e-01   2.536660e-15   3.681998e-03   2.264811e-18   1374352
  7.333523e-01   2.504099e-15   3.678754e-03   2.204020e-18   1421950
  7.460986e-01   2.466496e-15   3.681438e-03   2.132548e-18   1472962
  7.588478e-01   2.434113e-15   3.678790e-03   2.079900e-18   1522954
  7.715908e-01   2.402580e-15   3.677970e-03   2.020109e-18   1573804
  7.843534e-01   2.362990e-15   3.691683e-03   1.948239e-18   1632274
  7.971185e-01   2.336633e-15   3.678939e-03   1.906531e-18   1680226
  8.098559e-01   2.302435e-15   3.674931e-03   1.848889e-18   1732682
  8.226044e-01   2.280399e-15   3.684362e-03   1.801609e-18   1792204
  8.353683e-01   2.243594e-15   3.685360e-03   1.752399e-18   1848298
  8.481180e-01   2.215342e-15   3.676906e-03   1.710559e-18   1901050
  8.608642e-01   2.187753e-15   3.681435e-03   1.667126e-18   1961326
  8.736200e-01   2.163910e-15   3.682643e-03   1.622372e-18   2020312
  8.863805e-01   2.141601e-15   3.684838e-03   1.583386e-18   2080930
  8.991420e-01   2.113965e-15   3.683140e-03   1.549223e-18   2140390
  9.118910e-01   2.086884e-15   3.677128e-03   1.510849e-18   2198162
  9.246418e-01   2.062929e-15   3.683722e-03   1.476437e-18   2263864
  9.374012e-01   2.039270e-15   3.683606e-03   1.438259e-18   2326426
  9.501557e-01   2.018526e-15   3.680653e-03   1.407313e-18   2388550
  9.629062e-01   1.998437e-15   3.680356e-03   1.378596e-18   2453098
  9.756546e-01   1.974803e-15   3.679357e-03   1.344678e-18   2517592
  9.884059e-01   1.954744e-15   3.683066e-03   1.317738e-18   2586070
  1.001159e+00   1.930641e-15   3.680738e-03   1.283778e-18   2651842
  1.013911e+00   1.908826e-15   3.680987e-03   1.259773e-18   2720330
  1.026668e+00   1.889882e-15   3.684024e-03   1.231253e-18   2791156
  1.039424e+00   1.871059e-15   3.681208e-03   1.202529e-18   2858554
  1.052176e+00   1.852501e-15   3.681647e-03   1.180125e-18   2929594
  1.064923e+00   1.835297e-15   3.678395e-03   1.158762e-18   2998762
  1.077674e+00   1.815176e-15   3.682468e-03   1.130381e-18   3074188
  1.090422e+00   1.797160e-15   3.678360e-03   1.110181e-18   3143482
  1.103180e+00   1.779105e-15   3.687908e-03   1.085909e-18   3226186
  1.115936e+00   1.761310e-15   3.676634e-03   1.065864e-18   3291158
  1.128688e+00   1.745006e-15   3.685737e-03   1.045985e-18   3375112
  1.141448e+00   1.730886e-15   3.681431e-03   1.026778e-18   3447658
  1.154199e+00   1.713287e-15   3.680732e-03   1.007713e-18   3524626
  1.166950e+00   1.697422e-15   3.680340e-03   9.900921e-19   3602998
  1.179695e+00   1.680974e-15   3.677316e-03   9.702218e-19   3678592
  1.192442e+00   1.667961e-15   3.682841e-03   9.523165e-19   3764122
  1.205202e+00   1.651627e-15   3.684112e-03   9.351627e-19   3846598
  1.217954e+00   1.636172e-15   3.678173e-03   9.195169e-19   3922250
  1.230710e+00   1.622244e-15   3.685590e-03   9.026621e-19   4013032
  1.243470e+00   1.609531e-15   3.681062e-03   8.872803e-19   4091182
  1.256219e+00   1.595380e-15   3.679790e-03   8.732057e-19   4174282
  1.268971e+00   1.581070e-15   3.681900e-03   8.554550e-19   4261978
  1.281726e+00   1.568996e-15   3.682600e-03   8.410867e-19   4348624
  1.294477e+00   1.556471e-15   3.679148e-03   8.283502e-19   4431430
  1.307227e+00   1.545324e-15   3.682586e-03   8.161169e-19   4523290
  1.319983e+00   1.529594e-15   3.681902e-03   8.002065e-19   4611386
  1.332735e+00   1.517952e-15   3.680296e-03   7.882207e-19   4698814
  1.345489e+00   1.504740e-15   3.683391e-03   7.736201e-19   4792984
  1.358246e+00   1.492921e-15   3.682510e-03   7.614491e-19   4883194
  1.370998e+00   1.481764e-15   3.679847e-03   7.513975e-19   4971694
  1.383751e+00   1.470071e-15   3.683258e-03   7.389573e-19   5069434
  1.396503e+00   1.460129e-15   3.679348e-03   7.277828e-19   5157736
  1.409253e+00   1.446776e-15   3.682013e-03   7.151675e-19   5256202
  1.422008e+00   1.437106e-15   3.682033e-03   7.053630e-19   5351990
  1.434759e+00   1.423852e-15   3.679659e-03   6.939035e-19   5444914
  1.447515e+00   1.415274e-15   3.684860e-03   6.833886e-19   5550088
  1.460276e+00   1.404838e-15   3.682696e-03   6.741593e-19   5644774
  1.473027e+00   1.393901e-15   3.679557e-03   6.634521e-19   5739034
  1.485777e+00   1.383321e-15   3.680933e-03   6.529138e-19   5841154
  1.498530e+00   1.375465e-15   3.681993e-03   6.455264e-19   5943448
  1.511286e+00   1.364380e-15   3.682434e-03   6.344855e-19   6045670
  1.524036e+00   1.353170e-15   3.679211e-03   6.267747e-19   6142586
  1.536786e+00   1.344628e-15   3.681853e-03   6.178728e-19   6250738
  1.549543e+00   1.334474e-15   3.683337e-03   6.076832e-19   6357172
  1.562298e+00   1.326134e-15   3.681419e-03   5.995384e-19   6458506
  1.575052e+00   1.316857e-15   3.682170e-03   5.916011e-19   6566290
  1.587803e+00   1.307962e-15   3.679052e-03   5.837467e-19   6667414
  1.600551e+00   1.298722e-15   3.681081e-03   5.756277e-19   6778336
  1.613305e+00   1.290567e-15   3.683166e-03   5.676382e-19   6890218
  1.626056e+00   1.281564e-15   3.679040e-03   5.607823e-19   6992306
  1.638811e+00   1.272435e-15   3.684406e-03   5.527122e-19   7113454
  1.651568e+00   1.264791e-15   3.680582e-03   5.461490e-19   7216216
  1.664317e+00   1.257139e-15   3.680762e-03   5.385611e-19   7328218
  1.677070e+00   1.249233e-15   3.682190e-03   5.325111e-19   7444414
  1.689821e+00   1.239930e-15   3.679673e-03   5.254401e-19   7553290
  1.702576e+00   1.234183e-15   3.684026e-03   5.186512e-19   7676368
  1.715331e+00   1.225500e-15   3.680267e-03   5.122895e-19   7783150
  1.728082e+00   1.216888e-15   3.682357e-03   5.046168e-19   7904570
  1.740836e+00   1.210096e-15   3.680236e-03   4.996474e-19   8017570
  1.753592e+00   1.202327e-15   3.684218e-03   4.927588e-19   8143840
  1.766349e+00   1.195368e-15   3.680993e-03   4.870450e-19   8255134
  1.779097e+00   1.186814e-15   3.679373e-03   4.806708e-19   8371450
  1.791848e+00   1.179912e-15   3.682049e-03   4.749434e-19   8498578
  1.804607e+00   1.173377e-15   3.683747e-03   4.694200e-19   8623180
  1.817364e+00   1.166072e-15   3.682371e-03   4.640721e-19   8742034
  1.830116e+00   1.159917e-15   3.679631e-03   4.582541e-19   8859194
  1.842864e+00   1.151230e-15   3.680027e-03   4.520738e-19   8984386
  1.855615e+00   1.146256e-15   3.681221e-03   4.485573e-19   9111652
  1.868371e+00   1.139467e-15   3.683946e-03   4.433090e-19   9243322
  1.881126e+00   1.131855e-15   3.680271e-03   4.375105e-19   9361378
  1.893877e+00   1.125940e-15   3.681448e-03   4.327377e-19   9491998
  1.906629e+00   1.119462e-15   3.680822e-03   4.275928e-19   9618016
  1.919381e+00   1.113632e-15   3.682003e-03   4.234427e-19   9750178
  1.932133e+00   1.106103e-15   3.680253e-03   4.178260e-19   9875558
  1.944887e+00   1.100390e-15   3.683525e-03   4.133078e-19   10015834
  1.957639e+00   1.093849e-15   3.678626e-03   4.091123e-19   10133344
  1.970392e+00   1.089472e-15   3.684706e-03   4.046667e-19   10282522
  1.983150e+00   1.082947e-15   3.681133e-03   4.004562e-19   10406974
  1.995898e+00   1.077222e-15   3.678810e-03   3.960038e-19   10534378
  2.008651e+00   1.070377e-15   3.684003e-03   3.909396e-19   10684456
  2.021409e+00   1.065335e-15   3.681823e-03   3.871444e-19   10813894
  2.034159e+00   1.059589e-15   3.679680e-03   3.835406e-19   10944626
  2.046911e+00   1.053688e-15   3.682687e-03   3.789870e-19   11091802
  2.059666e+00   1.047932e-15   3.681058e-03   3.750081e-19   11224756
  2.072419e+00   1.042336e-15   3.682125e-03   3.712683e-19   11367730
  2.085174e+00   1.037929e-15   3.681936e-03   3.678005e-19   11507890
  2.097925e+00   1.032372e-15   3.679320e-03   3.644000e-19   11640658
  2.110678e+00   1.026156e-15   3.683383e-03   3.595511e-19   11795380
  2.123435e+00   1.021108e-15   3.682010e-03   3.569272e-19   11933434
  2.136188e+00   1.016381e-15   3.681227e-03   3.528830e-19   12074954
  2.148943e+00   1.010800e-15   3.682833e-03   3.490053e-19   12225142
  2.161693e+00   1.005893e-15   3.678591e-03   3.458029e-19   12356104
  2.174441e+00   1.000735e-15   3.681911e-03   3.423396e-19   12513442
  2.187198e+00   9.951447e-16   3.683046e-03   3.388023e-19   12664810
  2.199955e+00   9.895520e-16   3.682461e-03   3.350177e-19   12811246
  2.212709e+00   9.851737e-16   3.680738e-03   3.320812e-19   12953536
  2.225459e+00   9.813554e-16   3.681278e-03   3.292811e-19   13105042
  2.238213e+00   9.766108e-16   3.681995e-03   3.263476e-19   13258670
  2.250966e+00   9.706656e-16   3.681453e-03   3.226097e-19   13408738
  2.263720e+00   9.658386e-16   3.681812e-03   3.194140e-19   13562320
  2.276472e+00   9.614581e-16   3.680281e-03   3.165503e-19   13709062
  2.289223e+00   9.569291e-16   3.682002e-03   3.137091e-19   13870258
  2.301982e+00   9.523442e-16   3.683866e-03   3.103697e-19   14032714
  2.314735e+00   9.481254e-16   3.678901e-03   3.079232e-19   14169232
  2.327485e+00   9.434934e-16   3.682472e-03   3.050195e-19   14339422
  2.340238e+00   9.395058e-16   3.680575e-03   3.023765e-19   14489330
  2.352991e+00   9.348165e-16   3.682051e-03   2.996799e-19   14654458
  2.365744e+00   9.307180e-16   3.680808e-03   2.969019e-19   14808292
  2.378495e+00   9.261787e-16   3.681362e-03   2.941377e-19   14970130
  2.391248e+00   9.214768e-16   3.681409e-03   2.912666e-19   15131626
  2.403999e+00   9.175050e-16   3.680405e-03   2.888820e-19   15289198
  2.416755e+00   9.136051e-16   3.683835e-03   2.860974e-19   15466552
  2.429511e+00   9.090364e-16   3.680792e-03   2.837112e-19   15616714
  2.442261e+00   9.045234e-16   3.680631e-03   2.810674e-19   15780506
  2.455014e+00   9.004904e-16   3.682312e-03   2.785110e-19   15953542
  2.467771e+00   8.972393e-16   3.682809e-03   2.764725e-19   16121296
  2.480521e+00   8.934781e-16   3.678892e-03   2.744250e-19   16270762
  2.493272e+00   8.886808e-16   3.683074e-03   2.716044e-19   16457182
  2.506029e+00   8.849058e-16   3.682337e-03   2.690689e-19   16623562
  2.518783e+00   8.812745e-16   3.680725e-03   2.668827e-19   16785784
  2.531534e+00   8.774993e-16   3.681653e-03   2.647463e-19   16959370
  2.544288e+00   8.732471e-16   3.682022e-03   2.622148e-19   17132774
  2.557041e+00   8.699922e-16   3.680981e-03   2.603973e-19   17300602
  2.569795e+00   8.663210e-16   3.682396e-03   2.581513e-19   17480656
  2.582549e+00   8.627156e-16   3.681028e-03   2.559804e-19   17647558
  2.595301e+00   8.588948e-16   3.681358e-03   2.542620e-19   17823778
  2.608054e+00   8.546060e-16   3.681613e-03   2.513564e-19   18001594
  2.620806e+00   8.514181e-16   3.680526e-03   2.494087e-19   18172300
  2.633559e+00   8.478331e-16   3.682066e-03   2.478559e-19   18356770
  2.646316e+00   8.443006e-16   3.683321e-03   2.456134e-19   18541082
  2.659073e+00   8.406185e-16   3.681934e-03   2.434779e-19   18713914
  2.671823e+00   8.373439e-16   3.679083e-03   2.417762e-19   18879742
  2.684574e+00   8.343413e-16   3.682617e-03   2.397956e-19   19077592
  2.697329e+00   8.307196e-16   3.681921e-03   2.376716e-19   19255474
  2.710083e+00   8.266087e-16   3.681561e-03   2.356621e-19   19436278
  2.722832e+00   8.237725e-16   3.678954e-03   2.345579e-19   19605994
  2.735585e+00   8.207643e-16   3.684099e-03   2.324395e-19   19817344
  2.748342e+00   8.170191e-16   3.681109e-03   2.306107e-19   19985702
  2.761094e+00   8.135233e-16   3.681644e-03   2.287089e-19   20175730
  2.773845e+00   8.102669e-16   3.679912e-03   2.269854e-19   20352682
  2.786598e+00   8.077791e-16   3.683498e-03   2.253304e-19   20559616
  2.799356e+00   8.039958e-16   3.682280e-03   2.233504e-19   20741518
  2.812105e+00   8.008874e-16   3.678894e-03   2.217410e-19   20912026
  2.824855e+00   7.971695e-16   3.682015e-03   2.199078e-19   21121018
  2.837610e+00   7.947734e-16   3.681802e-03   2.184079e-19   21310012
  2.850362e+00   7.916065e-16   3.680813e-03   2.168763e-19   21496154
  2.863118e+00   7.883848e-16   3.683473e-03   2.152431e-19   21705946
  2.875873e+00   7.852789e-16   3.680669e-03   2.135770e-19   21882562
  2.888626e+00   7.827801e-16   3.682162e-03   2.121528e-19   22085428
  2.901384e+00   7.791658e-16   3.683214e-03   2.105564e-19   22287106
  2.914134e+00   7.757762e-16   3.678437e-03   2.088923e-19   22455010
  2.926883e+00   7.733741e-16   3.681607e-03   2.072860e-19   22671694
  2.939638e+00   7.702250e-16   3.682507e-03   2.059539e-19   22874368
  2.952394e+00   7.677316e-16   3.682002e-03   2.043918e-19   23070146
  2.965147e+00   7.644341e-16   3.681033e-03   2.029532e-19   23264038
  2.977898e+00   7.614820e-16   3.680981e-03   2.012345e-19   23464210
  2.990653e+00   7.586929e-16   3.683188e-03   2.000050e-19   23679208
  3.003408e+00   7.557844e-16   3.681184e-03   1.984095e-19   23868658
  3.016160e+00   7.529775e-16   3.680900e-03   1.971783e-19   24070582
  3.028912e+00   7.501223e-16   3.681593e-03   1.956332e-19   24278842
  3.041665e+00   7.480274e-16   3.681417e-03   1.946950e-19   24482272
  3.054418e+00   7.447388e-16   3.681719e-03   1.929074e-19   24689510
  3.067171e+00   7.427202e-16   3.681372e-03   1.919303e-19   24894634
  3.079925e+00   7.392284e-16   3.682228e-03   1.901394e-19   25108474
  3.092680e+00   7.366526e-16   3.681825e-03   1.889263e-19   25313116
  3.105433e+00   7.341448e-16   3.680868e-03   1.877401e-19   25515970
  3.118184e+00   7.312041e-16   3.681155e-03   1.863527e-19   25727962
  3.130938e+00   7.284864e-16   3.682510e-03   1.849484e-19   25948954
  3.143694e+00   7.261429e-16   3.682026e-03   1.836953e-19   26157220
  3.156445e+00   7.234129e-16   3.679581e-03   1.826022e-19   26351546
  3.169196e+00   7.208345e-16   3.682249e-03   1.813297e-19   26585314
  3.181952e+00   7.188401e-16   3.682365e-03   1.802105e-19   26800630
  3.194706e+00   7.162827e-16   3.680714e-03   1.790928e-19   27003376
  3.207455e+00   7.134925e-16   3.679962e-03   1.778692e-19   27213202
  3.220208e+00   7.113898e-16   3.683357e-03   1.768183e-19   27455194
  3.232966e+00   7.084375e-16   3.682253e-03   1.754502e-19   27666070
  3.245719e+00   7.063712e-16   3.680401e-03   1.744412e-19   27870280
  3.258468e+00   7.034822e-16   3.680260e-03   1.732595e-19   28088090
  3.271220e+00   7.011181e-16   3.682540e-03   1.721075e-19   28326262
  3.283977e+00   6.984780e-16   3.682410e-03   1.708734e-19   28546906
  3.296732e+00   6.963861e-16   3.681571e-03   1.698839e-19   28762552
  3.309484e+00   6.942307e-16   3.681027e-03   1.688825e-19   28979734
  3.322237e+00   6.915558e-16   3.681948e-03   1.676103e-19   29211106
  3.334990e+00   6.894117e-16   3.681286e-03   1.666365e-19   29431738
  3.347741e+00   6.873095e-16   3.680281e-03   1.655679e-19   29648776
  3.360493e+00   6.848577e-16   3.682059e-03   1.645937e-19   29888654
  3.373249e+00   6.824009e-16   3.682995e-03   1.633746e-19   30123490
  3.386003e+00   6.799172e-16   3.680742e-03   1.623563e-19   30334570
  3.398755e+00   6.778043e-16   3.681166e-03   1.614199e-19   30566524
  3.411507e+00   6.758305e-16   3.681508e-03   1.605023e-19   30798370
  3.424265e+00   6.733888e-16   3.684101e-03   1.593601e-19   31052026
  3.437018e+00   6.710154e-16   3.679094e-03   1.583164e-19   31241782
  3.449769e+00   6.690509e-16   3.682408e-03   1.575087e-19   31502128
  3.462523e+00   6.668411e-16   3.680952e-03   1.564788e-19   31721474
  3.475274e+00   6.643125e-16   3.681379e-03   1.554268e-19   31960210
  3.488028e+00   6.621804e-16   3.681819e-03   1.545669e-19   32200582
  3.500782e+00   6.598513e-16   3.681186e-03   1.535132e-19   32429512
  3.513537e+00   6.583609e-16   3.683389e-03   1.526984e-19   32685226
  3.526292e+00   6.561942e-16   3.680900e-03   1.518668e-19   32900830
  3.539043e+00   6.538906e-16   3.680394e-03   1.509306e-19   33135682
  3.551794e+00   6.518797e-16   3.681624e-03   1.498225e-19   33385288
  3.564548e+00   6.497236e-16   3.681804e-03   1.490139e-19   33625706
  3.577303e+00   6.479593e-16   3.682363e-03   1.482151e-19   33873550
  3.590054e+00   6.458284e-16   3.679768e-03   1.473958e-19   34091770
  3.602807e+00   6.435550e-16   3.682821e-03   1.463722e-19   34362160
  3.615563e+00   6.417484e-16   3.681948e-03   1.454964e-19   34597030
  3.628316e+00   6.394057e-16   3.681090e-03   1.446747e-19   34833682
  3.641068e+00   6.376041e-16   3.681731e-03   1.438207e-19   35086546
  3.653823e+00   6.355902e-16   3.681844e-03   1.430190e-19   35332420
  3.666574e+00   6.341667e-16   3.680323e-03   1.423156e-19   35564114
  3.679325e+00   6.318196e-16   3.681651e-03   1.415287e-19   35826586
  3.692079e+00   6.298023e-16   3.681421e-03   1.406079e-19   36074074
  3.704833e+00   6.278545e-16   3.681826e-03   1.397081e-19   36327004
  3.717588e+00   6.263166e-16   3.682262e-03   1.391204e-19   36580138
  3.730342e+00   6.242853e-16   3.681546e-03   1.382905e-19   36825370
  3.743095e+00   6.223223e-16   3.681310e-03   1.374684e-19   37076638
  3.755847e+00   6.206292e-16   3.681002e-03   1.368095e-19   37325632
  3.768601e+00   6.185547e-16   3.682320e-03   1.358155e-19   37592090
  3.781354e+00   6.169636e-16   3.680929e-03   1.352672e-19   37832974
  3.794105e+00   6.152647e-16   3.680587e-03   1.346571e-19   38086018
  3.806858e+00   6.133015e-16   3.682497e-03   1.337795e-19   38361616
  3.819613e+00   6.111368e-16   3.681493e-03   1.329655e-19   38608210
  3.832368e+00   6.095870e-16   3.682549e-03   1.322305e-19   38877934
  3.845120e+00   6.078183e-16   3.679880e-03   1.315758e-19   39108874
  3.857872e+00   6.061995e-16   3.682666e-03   1.309279e-19   39398656
  3.870627e+00   6.042422e-16   3.681502e-03   1.301543e-19   39645902
  3.883377e+00   6.023343e-16   3.679998e-03   1.293944e-19   39891802
  3.896132e+00   6.007720e-16   3.683785e-03   1.286536e-19   40195954
  3.908885e+00   5.989262e-16   3.679214e-03   1.280440e-19   40409056
  3.921637e+00   5.971889e-16   3.683363e-03   1.272985e-19   40719214
  3.934394e+00   5.956185e-16   3.681635e-03   1.267575e-19   40964602
  3.947146e+00   5.938347e-16   3.680814e-03   1.259431e-19   41222506
  3.959897e+00   5.922986e-16   3.680985e-03   1.253642e-19   41491060
  3.972651e+00   5.907181e-16   3.682511e-03   1.247037e-19   41775242
  3.985407e+00   5.888274e-16   3.682394e-03   1.240387e-19   42043402
  3.998161e+00   5.873563e-16   3.680902e-03   1.234675e-19   42295582
  4.010911e+00   5.855268e-16   3.680538e-03   1.227251e-19   42562282
  4.023664e+00   5.843865e-16   3.682186e-03   1.222064e-19   42852256
  4.036415e+00   5.827288e-16   3.679854e-03   1.215757e-19   43096474
  4.049171e+00   5.806820e-16   3.684328e-03   1.207365e-19   43423174
  4.061928e+00   5.792058e-16   3.680727e-03   1.202446e-19   43653706
  4.074677e+00   5.775103e-16   3.680138e-03   1.196088e-19   43920752
  4.087430e+00   5.758021e-16   3.683008e-03   1.188910e-19   44230510
  4.100187e+00   5.747168e-16   3.682094e-03   1.185490e-19   44496178
  4.112938e+00   5.730963e-16   3.679615e-03   1.179873e-19   44743978
  4.125690e+00   5.712038e-16   3.682714e-03   1.171666e-19   45058492
  4.138445e+00   5.698450e-16   3.681752e-03   1.166304e-19   45325234
  4.151200e+00   5.684249e-16   3.682465e-03   1.161254e-19   45614434
  4.163954e+00   5.667749e-16   3.680911e-03   1.155304e-19   45876514
  4.176705e+00   5.653358e-16   3.681028e-03   1.149385e-19   46159076
  4.189458e+00   5.638180e-16   3.681726e-03   1.143098e-19   46448722
  4.202212e+00   5.620767e-16   3.682149e-03   1.137795e-19   46738210
  4.214966e+00   5.608523e-16   3.681147e-03   1.132605e-19   47010094
  4.227717e+00   5.594279e-16   3.680877e-03   1.127220e-19   47291608
  4.240469e+00   5.580563e-16   3.681630e-03   1.122148e-19   47586538
  4.253223e+00   5.568438e-16   3.681757e-03   1.118171e-19   47875162
  4.265977e+00   5.552668e-16   3.681761e-03   1.111901e-19   48164470
  4.278730e+00   5.538470e-16   3.680836e-03   1.106465e-19   48439232
  4.291484e+00   5.523328e-16   3.682803e-03   1.100665e-19   48754090
  4.304239e+00   5.506769e-16   3.681614e-03   1.094624e-19   49029406
  4.316992e+00   5.494164e-16   3.681084e-03   1.090282e-19   49313602
  4.329744e+00   5.482268e-16   3.681225e-03   1.085914e-19   49606816
  4.342495e+00   5.468013e-16   3.680363e-03   1.080512e-19   49886086
  4.355247e+00   5.451678e-16   3.682234e-03   1.074445e-19   50206858
  4.368003e+00   5.440982e-16   3.682395e-03   1.069591e-19   50504674
  4.380756e+00   5.428995e-16   3.680466e-03   1.066307e-19   50771552
  4.393510e+00   5.411795e-16   3.682988e-03   1.059835e-19   51101686
  4.406265e+00   5.399558e-16   3.680931e-03   1.055605e-19   51370378
  4.419016e+00   5.387045e-16   3.681140e-03   1.051276e-19   51672682
  4.431769e+00   5.374598e-16   3.681865e-03   1.046287e-19   51980788
  4.444523e+00   5.362704e-16   3.681425e-03   1.041948e-19   52272682
  4.457276e+00   5.348094e-16   3.681745e-03   1.036803e-19   52579498
  4.470029e+00   5.333898e-16   3.681265e-03   1.031613e-19   52874566
  4.482781e+00   5.323895e-16   3.680730e-03   1.028620e-19   53167808
  4.495536e+00   5.311593e-16   3.683918e-03   1.023730e-19   53515714
  4.508292e+00   5.297708e-16   3.680582e-03   1.018448e-19   53772202
  4.521042e+00   5.284765e-16   3.680429e-03   1.014503e-19   54076486
  4.533794e+00   5.270461e-16   3.682062e-03   1.008901e-19   54404584
  4.546549e+00   5.261664e-16   3.682183e-03   1.005801e-19   54711802
  4.559301e+00   5.247505e-16   3.680221e-03   1.001177e-19   54991006
  4.572053e+00   5.235098e-16   3.681999e-03   9.969249e-20   55327306
  4.584808e+00   5.222569e-16   3.681685e-03   9.926713e-20   55630256
  4.597560e+00   5.211701e-16   3.681080e-03   9.883253e-20   55929562
  4.610314e+00   5.198617e-16   3.682477e-03   9.835723e-20   56263678
  4.623070e+00   5.186214e-16   3.681716e-03   9.796272e-20   56564050
  4.635823e+00   5.174850e-16   3.681149e-03   9.753536e-20   56866744
  4.648576e+00   5.163579e-16   3.681989e-03   9.712856e-20   57191926
  4.661330e+00   5.151263e-16   3.681688e-03   9.670567e-20   57502690
  4.674083e+00   5.139857e-16   3.680937e-03   9.635939e-20   57807346
  4.686835e+00   5.130261e-16   3.681444e-03   9.594302e-20   58128860
  4.699589e+00   5.118448e-16   3.682375e-03   9.560726e-20   58460482
  4.712343e+00   5.104484e-16   3.681371e-03   9.514230e-20   58763242
  4.725096e+00   5.092815e-16   3.681393e-03   9.468667e-20   59082106
  4.737849e+00   5.079643e-16   3.681806e-03   9.425089e-20   59407348
  4.750604e+00   5.070926e-16   3.681980e-03   9.394918e-20   59728954
  4.763357e+00   5.058885e-16   3.681619e-03   9.354869e-20   60046258
  4.776110e+00   5.048953e-16   3.680922e-03   9.321853e-20   60357214
  4.788860e+00   5.039489e-16   3.680590e-03   9.287896e-20   60673376
  4.801613e+00   5.029461e-16   3.682071e-03   9.251540e-20   61021858
  4.814366e+00   5.019335e-16   3.681015e-03   9.219202e-20   61328446
  4.827119e+00   5.008620e-16   3.682167e-03   9.179017e-20   61674178
  4.839874e+00   4.995671e-16   3.681809e-03   9.139547e-20   61993840
  4.852627e+00   4.985410e-16   3.681176e-03   9.098374e-20   62309914
  4.865380e+00   4.976212e-16   3.681915e-03   9.069572e-20   62652022
  4.878135e+00   4.965537e-16   3.681617e-03   9.033425e-20   62975410
  4.890886e+00   4.956210e-16   3.680135e-03   9.000235e-20   63279512
  4.903640e+00   4.944153e-16   3.683366e-03   8.957502e-20   63665182
  4.916395e+00   4.934625e-16   3.681000e-03   8.931806e-20   63955858
  4.929147e+00   4.924226e-16   3.681495e-03   8.894261e-20   64297714
  4.941901e+00   4.914984e-16   3.681491e-03   8.856862e-20   64629700
  4.954655e+00   4.906257e-16   3.682203e-03   8.828778e-20   64975930
  4.967408e+00   4.894760e-16   3.680854e-03   8.796750e-20   65286826
  4.980159e+00   4.885110e-16   3.681155e-03   8.763354e-20   65628514
  4.992912e+00   4.874701e-16   3.681833e-03   8.726618e-20   65976716
  5.005667e+00   4.865610e-16   3.681993e-03   8.694207e-20   66316330
  5.018421e+00   4.855989e-16   3.682041e-03   8.665707e-20   66656650
  5.031174e+00   4.847174e-16   3.680617e-03   8.637928e-20   66970006
  5.043925e+00   4.836235e-16   3.681263e-03   8.601812e-20   67322080
  5.056679e+00   4.828106e-16   3.682422e-03   8.573255e-20   67682866
  5.069434e+00   4.818615e-16   3.681779e-03   8.538254e-20   68012842
  5.082187e+00   4.809253e-16   3.680824e-03   8.507374e-20   68339494
  5.094937e+00   4.800757e-16   3.680452e-03   8.476680e-20   68675096
  5.107691e+00   4.792816e-16   3.682837e-03   8.450891e-20   69064042
  5.120446e+00   4.783080e-16   3.681785e-03   8.419800e-20   69389686
  5.133201e+00   4.774135e-16   3.681867e-03   8.391075e-20   69738706
  5.145953e+00   4.763345e-16   3.680602e-03   8.360583e-20   70061896
  5.158705e+00   4.755983e-16   3.681614e-03   8.328679e-20   70425790
  5.171459e+00   4.747896e-16   3.681997e-03   8.302440e-20   70782370
  5.184212e+00   4.738189e-16   3.681078e-03   8.272570e-20   71116186
  5.196965e+00   4.729276e-16   3.681783e-03   8.241112e-20   71480024
  5.209718e+00   4.721966e-16   3.680998e-03   8.216179e-20   71814742
  5.222470e+00   4.712656e-16   3.681275e-03   8.187612e-20   72171202
  5.235224e+00   4.704348e-16   3.682150e-03   8.158277e-20   72543490
  5.247977e+00   4.696993e-16   3.681124e-03   8.135245e-20   72876820
  5.260731e+00   4.689660e-16   3.682103e-03   8.110891e-20   73248754
  5.273485e+00   4.681061e-16   3.681898e-03   8.083679e-20   73600714
  5.286238e+00   4.673580e-16   3.680948e-03   8.063003e-20   73939270
  5.298989e+00   4.664616e-16   3.680682e-03   8.032029e-20   74291714
  5.311742e+00   4.658325e-16   3.682409e-03   8.007248e-20   74682904
  5.324498e+00   4.648749e-16   3.682306e-03   7.978314e-20   75039298
  5.337251e+00   4.640997e-16   3.680707e-03   7.956390e-20   75368014
  5.350002e+00   4.632700e-16   3.681154e-03   7.926147e-20   75738490
  5.362756e+00   4.626464e-16   3.682386e-03   7.901621e-20   76124728
  5.375512e+00   4.615314e-16   3.682370e-03   7.873085e-20   76485862
  5.388265e+00   4.610372e-16   3.680561e-03   7.853341e-20   76813090
  5.401016e+00   4.601856e-16   3.681354e-03   7.824759e-20   77193586
  5.413770e+00   4.594157e-16   3.681880e-03   7.800122e-20   77568920
  5.426524e+00   4.586689e-16   3.681748e-03   7.777390e-20   77932510
  5.439277e+00   4.579615e-16   3.681287e-03   7.753260e-20   78289906
  5.452030e+00   4.572063e-16   3.681109e-03   7.731069e-20   78654682
  5.464784e+00   4.566685e-16   3.682443e-03   7.711719e-20   79049980
  5.477538e+00   4.560216e-16   3.681280e-03   7.691480e-20   79394074
  5.490292e+00   4.551035e-16   3.682295e-03   7.663481e-20   79787746
  5.503045e+00   4.542777e-16   3.680401e-03   7.640250e-20   80116310
  5.515798e+00   4.537241e-16   3.682677e-03   7.615828e-20   80537248
  5.528552e+00   4.531419e-16   3.681060e-03   7.597743e-20   80874346
  5.541305e+00   4.523522e-16   3.681845e-03   7.571173e-20   81267106
  5.554057e+00   4.517020e-16   3.680287e-03   7.548746e-20   81607390
  5.566810e+00   4.510128e-16   3.682701e-03   7.528001e-20   82033216
  5.579565e+00   4.503088e-16   3.681781e-03   7.509777e-20   82389442
  5.592318e+00   4.497169e-16   3.681298e-03   7.491110e-20   82756750
  5.605070e+00   4.489086e-16   3.680961e-03   7.465992e-20   83127570
  5.617824e+00   4.485123e-16   3.682464e-03   7.446213e-20   83539896
  5.630577e+00   4.479169e-16   3.680651e-03   7.430938e-20   83876998
  5.643328e+00   4.470442e-16   3.681207e-03   7.405067e-20   84272266
  5.656080e+00   4.464274e-16   3.681086e-03   7.382713e-20   84651082
  5.668834e+00   4.459303e-16   3.682143e-03   7.366732e-20   85056616
  5.681589e+00   4.454164e-16   3.682379e-03   7.347302e-20   85445494
  5.694343e+00   4.448269e-16   3.680784e-03   7.326950e-20   85792786
  5.707094e+00   4.440402e-16   3.680855e-03   7.305163e-20   86180690
  5.719848e+00   4.436353e-16   3.682873e-03   7.288202e-20   86612164
  5.732604e+00   4.430635e-16   3.681751e-03   7.270399e-20   86971186
  5.745355e+00   4.425105e-16   3.680253e-03   7.254382e-20   87324466
  5.758107e+00   4.417261e-16   3.681881e-03   7.229541e-20   87752002
  5.770862e+00   4.412837e-16   3.681833e-03   7.215902e-20   88139236
  5.783616e+00   4.406464e-16   3.682054e-03   7.195207e-20   88533010
  5.796371e+00   4.400671e-16   3.681668e-03   7.175471e-20   88915954
  5.809122e+00   4.396363e-16   3.680143e-03   7.165778e-20   89270822
  5.821874e+00   4.391074e-16   3.682487e-03   7.146383e-20   89718808
  5.834629e+00   4.386469e-16   3.681588e-03   7.131851e-20   90089986
  5.847382e+00   4.379492e-16   3.681660e-03   7.109945e-20   90486622
  5.860135e+00   4.373691e-16   3.681163e-03   7.088421e-20   90871474
  5.872887e+00   4.371147e-16   3.681101e-03   7.080142e-20   91264264
  5.885640e+00   4.364373e-16   3.682135e-03   7.058004e-20   91685746
  5.898395e+00   4.358482e-16   3.681938e-03   7.038151e-20   92079934
  5.911148e+00   4.354501e-16   3.680944e-03   7.028696e-20   92453258
  5.923902e+00   4.350946e-16   3.682434e-03   7.015675e-20   92890216
  5.936657e+00   4.346144e-16   3.681516e-03   6.999615e-20   93266086
  5.949409e+00   4.339680e-16   3.681343e-03   6.981536e-20   93664042
  5.962161e+00   4.333184e-16   3.680764e-03   6.958046e-20   94053754
  5.974913e+00   4.330873e-16   3.681670e-03   6.946713e-20   94478140
  5.987667e+00   4.327068e-16   3.681916e-03   6.934519e-20   94886986
  6.000421e+00   4.321214e-16   3.681737e-03   6.920294e-20   95286706
  6.013174e+00   4.315390e-16   3.681157e-03   6.902927e-20   95678762
  6.025928e+00   4.313132e-16   3.681865e-03   6.891731e-20   96104164
  6.038681e+00   4.309567e-16   3.681385e-03   6.879340e-20   96496690
  6.051435e+00   4.304227e-16   3.681869e-03   6.862982e-20   96918514
  6.064188e+00   4.299395e-16   3.681079e-03   6.849577e-20   97307278
  6.076939e+00   4.295498e-16   3.680992e-03   6.834948e-20   97714024
  6.089692e+00   4.292266e-16   3.681770e-03   6.821096e-20   98144122
  6.102446e+00   4.287428e-16   3.682053e-03   6.811229e-20   98563450
  6.115200e+00   4.282547e-16   3.681322e-03   6.789332e-20   98958470
  6.127954e+00   4.278737e-16   3.681953e-03   6.780654e-20   99387304
  6.140707e+00   4.276511e-16   3.681338e-03   6.768941e-20   99783106
  6.153460e+00   4.272622e-16   3.681763e-03   6.756256e-20   100210006
  6.166215e+00   4.268546e-16   3.681832e-03   6.744959e-20   100629538
  6.178967e+00   4.265901e-16   3.680983e-03   6.735874e-20   101022376
  6.191720e+00   4.263035e-16   3.681831e-03   6.723688e-20   101460742
  6.204474e+00   4.259527e-16   3.681697e-03   6.713773e-20   101877442
  6.217227e+00   4.253924e-16   3.681513e-03   6.697023e-20   102292778
  6.229980e+00   4.248590e-16   3.681298e-03   6.682139e-20   102706408
  6.242733e+00   4.248521e-16   3.681193e-03   6.676987e-20   103122910
  6.255487e+00   4.243617e-16   3.682817e-03   6.659593e-20   103590466
  6.268241e+00   4.239262e-16   3.680625e-03   6.648650e-20   103954594
  6.280993e+00   4.237052e-16   3.681677e-03   6.640156e-20   104405908
  6.293747e+00   4.234895e-16   3.681461e-03   6.629204e-20   104822674
  6.306499e+00   4.231636e-16   3.681412e-03   6.619608e-20   105248338
  6.319253e+00   4.226988e-16   3.681593e-03   6.605985e-20   105680174
  6.332006e+00   4.225174e-16   3.681617e-03   6.598921e-20   106107160
  6.344760e+00   4.224052e-16   3.681638e-03   6.592650e-20   106532746
  6.357514e+00   4.221084e-16   3.682321e-03   6.582307e-20   106983178
  6.370268e+00   4.215376e-16   3.680819e-03   6.567432e-20   107371678
  6.383020e+00   4.214904e-16   3.681738e-03   6.562995e-20   107825992
  6.395774e+00   4.211288e-16   3.681750e-03   6.551325e-20   108256762
  6.408528e+00   4.209788e-16   3.681997e-03   6.544413e-20   108697078
  6.421280e+00   4.204508e-16   3.680386e-03   6.527403e-20   109084106
  6.434032e+00   4.202521e-16   3.681952e-03   6.517583e-20   109563256
  6.446786e+00   4.202959e-16   3.681685e-03   6.519244e-20   109987786
  6.459539e+00   4.199823e-16   3.681160e-03   6.508281e-20   110410582
  6.472291e+00   4.196758e-16   3.681375e-03   6.497985e-20   110853658
  6.485044e+00   4.192588e-16   3.681484e-03   6.483350e-20   111292432
  6.497798e+00   4.194095e-16   3.682104e-03   6.486196e-20   111749038
  6.510552e+00   4.190968e-16   3.681371e-03   6.475755e-20   112167322
  6.523304e+00   4.187994e-16   3.680849e-03   6.468953e-20   112593170
  6.536056e+00   4.186314e-16   3.681738e-03   6.454894e-20   113059180
  6.548812e+00   4.186002e-16   3.682466e-03   6.453311e-20   113522842
  6.561566e+00   4.183238e-16   3.681581e-03   6.448235e-20   113938834
  6.574319e+00   4.181591e-16   3.680969e-03   6.439317e-20   114363730
  6.587071e+00   4.178859e-16   3.681580e-03   6.431974e-20   114826132
  6.599825e+00   4.177489e-16   3.682014e-03   6.424340e-20   115283146
  6.612579e+00   4.176834e-16   3.681518e-03   6.423391e-20   115714858
  6.625332e+00   4.174063e-16   3.681075e-03   6.411458e-20   116148350
  6.638085e+00   4.172253e-16   3.681854e-03   6.405278e-20   116621074
  6.650840e+00   4.173027e-16   3.682119e-03   6.403346e-20   117076912
  6.663592e+00   4.171240e-16   3.680587e-03   6.397473e-20   117476014
  6.676345e+00   4.168650e-16   3.682127e-03   6.390283e-20   117977266
  6.689099e+00   4.168581e-16   3.681616e-03   6.386672e-20   118411330
  6.701852e+00   4.167490e-16   3.681646e-03   6.384437e-20   118863808
  6.714606e+00   4.166807e-16   3.681437e-03   6.376095e-20   119309926
  6.727357e+00   4.163725e-16   3.680898e-03   6.370807e-20   119746154
  6.740110e+00   4.163760e-16   3.681516e-03   6.366795e-20   120222466
  6.752864e+00   4.162905e-16   3.682052e-03   6.362446e-20   120693652
  6.765618e+00   4.162127e-16   3.681740e-03   6.358620e-20   121138738
  6.778371e+00   4.163369e-16   3.681430e-03   6.358326e-20   121586722
  6.791124e+00   4.159316e-16   3.681445e-03   6.344712e-20   122046106
  6.803877e+00   4.160454e-16   3.681199e-03   6.350182e-20   122497588
  6.816631e+00   4.160619e-16   3.682353e-03   6.346603e-20   122993482
  6.829384e+00   4.159894e-16   3.680740e-03   6.343544e-20   123400850
  6.842137e+00   4.157641e-16   3.682003e-03   6.333969e-20   123906406
  6.854890e+00   4.159006e-16   3.680999e-03   6.336663e-20   124333864
  6.867643e+00   4.158843e-16   3.682040e-03   6.333014e-20   124831762
  6.880397e+00   4.156197e-16   3.681182e-03   6.327455e-20   125266318
  6.893149e+00   4.156243e-16   3.681224e-03   6.324963e-20   125733850
  6.905903e+00   4.157412e-16   3.682416e-03   6.323981e-20   126239536
  6.918658e+00   4.155853e-16   3.681993e-03   6.321420e-20   126690322
  6.931410e+00   4.158268e-16   3.680200e-03   6.322285e-20   127097390
  6.944162e+00   4.156150e-16   3.682057e-03   6.317231e-20   127630450
  6.956915e+00   4.156609e-16   3.681046e-03   6.315394e-20   128063512
  6.969668e+00   4.157011e-16   3.681846e-03   6.316738e-20   128559646
  6.982423e+00   4.155640e-16   3.682308e-03   6.309004e-20   129048946
  6.995178e+00   4.156791e-16   3.681594e-03   6.312797e-20   129496258
  7.007930e+00   4.157475e-16   3.680798e-03   6.312649e-20   129937804
  7.020683e+00   4.158036e-16   3.682178e-03   6.311177e-20   130460146
  7.033436e+00   4.157337e-16   3.681163e-03   6.308904e-20   130899986
  7.046190e+00   4.158038e-16   3.682038e-03   6.308277e-20   131408914
  7.058943e+00   4.158403e-16   3.680741e-03   6.306363e-20   131836660
  7.071695e+00   4.161488e-16   3.681801e-03   6.313839e-20   132349330
  7.084448e+00   4.159844e-16   3.681552e-03   6.311650e-20   132821674
  7.097202e+00   4.159492e-16   3.681500e-03   6.307933e-20   133298662
  7.109956e+00   4.161694e-16   3.681917e-03   6.310781e-20   133791832
  7.122710e+00   4.163154e-16   3.681655e-03   6.312722e-20   134261290
  7.135463e+00   4.162736e-16   3.681357e-03   6.311307e-20   134732858
  7.148216e+00   4.162621e-16   3.681339e-03   6.311371e-20   135217750
  7.160969e+00   4.165226e-16   3.681576e-03   6.316652e-20   135706048
  7.173721e+00   4.165739e-16   3.681258e-03   6.315889e-20   136176274
  7.186475e+00   4.166268e-16   3.682151e-03   6.317923e-20   136696294
  7.199229e+00   4.167363e-16   3.681348e-03   6.323536e-20   137152594
  7.211983e+00   4.168643e-16   3.681671e-03   6.321569e-20   137650312
  7.224735e+00   4.169999e-16   3.681277e-03   6.323892e-20   138119974
  7.237488e+00   4.170383e-16   3.681495e-03   6.324392e-20   138618410
  7.250242e+00   4.170280e-16   3.681657e-03   6.322073e-20   139115074
  7.262995e+00   4.173069e-16   3.681550e-03   6.330709e-20   139598296
  7.275748e+00   4.174794e-16   3.681624e-03   6.336494e-20   140091382
  7.288501e+00   4.175852e-16   3.681125e-03   6.338507e-20   140564770
  7.301253e+00   4.176386e-16   3.681487e-03   6.338422e-20   141072898
  7.314008e+00   4.176888e-16   3.682271e-03   6.343202e-20   141593980
  7.326762e+00   4.180010e-16   3.681332e-03   6.348544e-20   142050106
  7.339514e+00   4.180818e-16   3.681039e-03   6.356573e-20   142536194
  7.352265e+00   4.182217e-16   3.681235e-03   6.357805e-20   143040214
  7.365020e+00   4.182438e-16   3.682797e-03   6.356021e-20   143596672
  7.377774e+00   4.184449e-16   3.680331e-03   6.365289e-20   143996722
  7.390526e+00   4.184781e-16   3.682130e-03   6.367517e-20   144568426
  7.403281e+00   4.185485e-16   3.681832e-03   6.370875e-20   145057342
  7.416034e+00   4.186222e-16   3.681406e-03   6.377077e-20   145537888
  7.428788e+00   4.186526e-16   3.681949e-03   6.378128e-20   146059714
  7.441541e+00   4.188628e-16   3.681350e-03   6.387214e-20   146538542
  7.454293e+00   4.187298e-16   3.681007e-03   6.386323e-20   147029794
  7.467047e+00   4.187353e-16   3.682133e-03   6.390563e-20   147577264
  7.479801e+00   4.190675e-16   3.681747e-03   6.405699e-20   148064890
  7.492555e+00   4.188966e-16   3.681388e-03   6.411717e-20   148557886
  7.505308e+00   4.185382e-16   3.681806e-03   6.407302e-20   149080594
  7.518061e+00   4.183392e-16   3.680990e-03   6.412060e-20   149553256
  7.530814e+00   4.174618e-16   3.682033e-03   6.413916e-20   150102646
  7.543563e+00   4.066863e-16   3.681143e-03   6.262342e-20   150339167
  7.556315e+00   3.976584e-16   3.681486e-03   6.091895e-20   150110332
  7.569068e+00   3.888792e-16   3.681645e-03   5.920088e-20   149857372
  7.581821e+00   3.804053e-16   3.681273e-03   5.756070e-20   149584516
  7.594574e+00   3.721809e-16   3.681604e-03   5.597113e-20   149337736
  7.607327e+00   3.643781e-16   3.681317e-03   5.445930e-20   149061952
  7.620080e+00   3.567819e-16   3.681424e-03   5.300778e-20   148802188
  7.632833e+00   3.495106e-16   3.681922e-03   5.162654e-20   148556272
  7.645587e+00   3.425795e-16   3.681412e-03   5.029889e-20   148269512
  7.658340e+00   3.355247e-16   3.681688e-03   4.893219e-20   148010200
  7.671093e+00   3.290030e-16   3.681331e-03   4.771972e-20   147723904
  7.683847e+00   3.225472e-16   3.681958e-03   4.647612e-20   147477676
  7.696601e+00   3.163131e-16   3.681551e-03   4.533123e-20   147185992
  7.709354e+00   3.104572e-16   3.681329e-03   4.423942e-20   146900644
  7.722107e+00   3.046981e-16   3.681565e-03   4.314645e-20   146631880
  7.734859e+00   2.990015e-16   3.680872e-03   4.210498e-20   146325472
  7.747611e+00   2.934702e-16   3.681615e-03   4.107317e-20   146072660
  7.760366e+00   2.881730e-16   3.682414e-03   4.006395e-20   145819096
  7.773121e+00   2.831028e-16   3.681422e-03   3.915595e-20   145495612
  7.785874e+00   2.780485e-16   3.681492e-03   3.824711e-20   145211068
  7.798627e+00   2.732199e-16   3.681699e-03   3.736379e-20   144930616
  7.811380e+00   2.684237e-16   3.681437e-03   3.648008e-20   144629560
  7.824132e+00   2.638612e-16   3.681069e-03   3.567968e-20   144324232
  7.836885e+00   2.593697e-16   3.681821e-03   3.486859e-20   144060712
  7.849639e+00   2.551060e-16   3.681687e-03   3.410355e-20   143757068
  7.862393e+00   2.509224e-16   3.681755e-03   3.338020e-20   143463640
  7.875146e+00   2.467746e-16   3.681388e-03   3.264141e-20   143150992
  7.887899e+00   2.427832e-16   3.681522e-03   3.195218e-20   142855228
  7.900653e+00   2.390267e-16   3.681847e-03   3.129093e-20   142566664
  7.913407e+00   2.352406e-16   3.681894e-03   3.063278e-20   142262920
  7.926159e+00   2.315591e-16   3.680608e-03   2.999833e-20   141909196
  7.938912e+00   2.278816e-16   3.682097e-03   2.936913e-20   141658924
  7.951666e+00   2.244962e-16   3.681485e-03   2.878251e-20   141324932
  7.964420e+00   2.210679e-16   3.681942e-03   2.818920e-20   141033184
  7.977173e+00   2.178204e-16   3.681094e-03   2.765803e-20   140687188
  7.989927e+00   2.146350e-16   3.682094e-03   2.710322e-20   140411716
  8.002680e+00   2.114657e-16   3.681065e-03   2.658217e-20   140055724
  8.015432e+00   2.084217e-16   3.681618e-03   2.607942e-20   139758220
  8.028186e+00   2.054189e-16   3.681723e-03   2.557885e-20   139444756
  8.040940e+00   2.026014e-16   3.681575e-03   2.512013e-20   139116736
  8.053692e+00   1.997043e-16   3.681045e-03   2.464586e-20   138773468
  8.066444e+00   1.969597e-16   3.681291e-03   2.419580e-20   138458392
  8.079198e+00   1.942487e-16   3.681880e-03   2.375090e-20   138154300
  8.091952e+00   1.917105e-16   3.681723e-03   2.334182e-20   137819908
  8.104705e+00   1.890872e-16   3.681377e-03   2.291067e-20   137475340
  8.117458e+00   1.866410e-16   3.681876e-03   2.252820e-20   137163196
  8.130212e+00   1.841864e-16   3.681457e-03   2.213703e-20   136814716
  8.142965e+00   1.818379e-16   3.681611e-03   2.177381e-20   136485964
  8.155717e+00   1.795325e-16   3.680844e-03   2.140947e-20   136120808
  8.168470e+00   1.772771e-16   3.681903e-03   2.105784e-20   135821260
  8.181224e+00   1.750787e-16   3.681810e-03   2.071788e-20   135477340
  8.193978e+00   1.729280e-16   3.681842e-03   2.038255e-20   135135100
  8.206731e+00   1.707555e-16   3.681228e-03   2.003855e-20   134770696
  8.219484e+00   1.687215e-16   3.681554e-03   1.973149e-20   134437708
  8.232236e+00   1.667025e-16   3.680894e-03   1.942067e-20   134066500
  8.244989e+00   1.647693e-16   3.681817e-03   1.912240e-20   133752712
  8.257743e+00   1.628242e-16   3.681907e-03   1.883923e-20   133404284
  8.270497e+00   1.609886e-16   3.681586e-03   1.857288e-20   133041004
  8.283251e+00   1.590974e-16   3.681821e-03   1.829066e-20   132694456
  8.296004e+00   1.573512e-16   3.681131e-03   1.803301e-20   132313660
  8.308758e+00   1.556094e-16   3.682053e-03   1.777424e-20   131991472
  8.321512e+00   1.538759e-16   3.681329e-03   1.752385e-20   131604388
  8.334264e+00   1.522651e-16   3.681320e-03   1.729015e-20   131243368
  8.347018e+00   1.505991e-16   3.681929e-03   1.704685e-20   130902220
  8.359770e+00   1.490062e-16   3.680918e-03   1.681824e-20   130501724
  8.372523e+00   1.474322e-16   3.681722e-03   1.659355e-20   130164916
  8.385276e+00   1.459222e-16   3.681387e-03   1.638103e-20   129783760
  8.398031e+00   1.443997e-16   3.682525e-03   1.616441e-20   129455752
  8.410785e+00   1.429324e-16   3.681022e-03   1.596337e-20   129031288
  8.423536e+00   1.415106e-16   3.681162e-03   1.576022e-20   128662564
  8.436288e+00   1.401360e-16   3.681428e-03   1.557394e-20   128297836
  8.449041e+00   1.387540e-16   3.681440e-03   1.538683e-20   127920652
  8.461795e+00   1.374128e-16   3.682234e-03   1.520609e-20   127571336
  8.474550e+00   1.360900e-16   3.681438e-03   1.502438e-20   127164388
  8.487301e+00   1.348575e-16   3.680771e-03   1.486198e-20   126760960
  8.500053e+00   1.335676e-16   3.681628e-03   1.468977e-20   126407464
  8.512808e+00   1.323191e-16   3.682163e-03   1.452868e-20   126039568
  8.525562e+00   1.311309e-16   3.681315e-03   1.436976e-20   125624524
  8.538316e+00   1.299426e-16   3.682070e-03   1.421622e-20   125261068
  8.551070e+00   1.287827e-16   3.681616e-03   1.406903e-20   124856200
  8.563821e+00   1.276578e-16   3.680484e-03   1.392408e-20   124426292
  8.576574e+00   1.265719e-16   3.682102e-03   1.378490e-20   124087552
  8.589328e+00   1.254863e-16   3.681633e-03   1.364655e-20   123676768
  8.602082e+00   1.244682e-16   3.681495e-03   1.352317e-20   123273472
  8.614835e+00   1.234244e-16   3.681965e-03   1.339112e-20   122890852
  8.627589e+00   1.223814e-16   3.681174e-03   1.326713e-20   122463208
  8.640342e+00   1.213831e-16   3.681748e-03   1.314573e-20   122080756
  8.653096e+00   1.204402e-16   3.681865e-03   1.303029e-20   121682008
  8.665848e+00   1.194676e-16   3.680528e-03   1.291653e-20   121230104
  8.678601e+00   1.185133e-16   3.682452e-03   1.280364e-20   120886588
  8.691354e+00   1.176115e-16   3.680554e-03   1.269918e-20   120414880
  8.704106e+00   1.167140e-16   3.681742e-03   1.259109e-20   120043228
  8.716860e+00   1.158085e-16   3.682159e-03   1.249085e-20   119645356
  8.729614e+00   1.149397e-16   3.681412e-03   1.238970e-20   119205016
  8.742367e+00   1.141001e-16   3.681782e-03   1.229851e-20   118802680
  8.755121e+00   1.132916e-16   3.681641e-03   1.220974e-20   118379512
  8.767873e+00   1.124883e-16   3.680802e-03   1.212113e-20   117932660
  8.780627e+00   1.116619e-16   3.682350e-03   1.202587e-20   117563104
  8.793381e+00   1.108991e-16   3.681372e-03   1.194446e-20   117107632
  8.806135e+00   1.101041e-16   3.681969e-03   1.185897e-20   116702908
  8.818888e+00   1.093732e-16   3.681075e-03   1.178390e-20   116248540
  8.831641e+00   1.086227e-16   3.681766e-03   1.170624e-20   115842928
  8.844394e+00   1.078911e-16   3.681502e-03   1.163131e-20   115405216
  8.857147e+00   1.071974e-16   3.681045e-03   1.156050e-20   114957772
  8.869900e+00   1.065367e-16   3.682126e-03   1.149137e-20   114559364
  8.882654e+00   1.058594e-16   3.681499e-03   1.142884e-20   114104656
  8.895407e+00   1.051578e-16   3.681276e-03   1.135700e-20   113661280
  8.908160e+00   1.045141e-16   3.681741e-03   1.129745e-20   113237740
  8.920913e+00   1.039020e-16   3.680877e-03   1.123716e-20   112770880
  8.933665e+00   1.032451e-16   3.681889e-03   1.117730e-20   112359904
  8.946420e+00   1.026180e-16   3.681956e-03   1.111989e-20   111916864
  8.959174e+00   1.020353e-16   3.681581e-03   1.106817e-20   111460696
  8.971926e+00   1.014074e-16   3.680828e-03   1.100861e-20   110991224
  8.984678e+00   1.008306e-16   3.681901e-03   1.096291e-20   110575528
  8.997433e+00   1.002495e-16   3.681987e-03   1.091109e-20   110127664
  9.010184e+00   9.971856e-17   3.680132e-03   1.086927e-20   109618288
  9.022937e+00   9.917397e-17   3.682949e-03   1.081587e-20   109249240
  9.035693e+00   9.859763e-17   3.681353e-03   1.077604e-20   108746104
  9.048445e+00   9.804808e-17   3.681233e-03   1.072595e-20   108286000
  9.061198e+00   9.755394e-17   3.681761e-03   1.069106e-20   107843224
  9.073951e+00   9.706391e-17   3.681159e-03   1.065682e-20   107363840
  9.086704e+00   9.655142e-17   3.681859e-03   1.061600e-20   106923976
  9.099458e+00   9.603479e-17   3.681717e-03   1.057737e-20   106454320
  9.112212e+00   9.556378e-17   3.681763e-03   1.054279e-20   105989452
  9.124966e+00   9.507345e-17   3.681589e-03   1.050628e-20   105518308
  9.137718e+00   9.459200e-17   3.680908e-03   1.047783e-20   105028288
  9.150470e+00   9.415260e-17   3.681436e-03   1.044966e-20   104573752
  9.163224e+00   9.369058e-17   3.681589e-03   1.041827e-20   104104072
  9.175977e+00   9.327437e-17   3.681513e-03   1.039487e-20   103627328
  9.188731e+00   9.282408e-17   3.682253e-03   1.036348e-20   103172776
  9.201484e+00   9.239034e-17   3.680704e-03   1.034148e-20   102649708
  9.214237e+00   9.199352e-17   3.682376e-03   1.031922e-20   102217348
  9.226991e+00   9.156648e-17   3.681122e-03   1.029780e-20   101700736
  9.239744e+00   9.116324e-17   3.681905e-03   1.027887e-20   101239684
  9.252497e+00   9.075063e-17   3.680641e-03   1.025614e-20   100720660
  9.265249e+00   9.036277e-17   3.681838e-03   1.023334e-20   100266136
  9.278003e+00   8.999677e-17   3.681827e-03   1.021843e-20   99778100
  9.290757e+00   8.960548e-17   3.681851e-03   1.020136e-20   99287620
  9.303511e+00   8.921454e-17   3.681446e-03   1.018367e-20   98785756
  9.316263e+00   8.888285e-17   3.681375e-03   1.017359e-20   98290744
  9.329016e+00   8.848941e-17   3.681525e-03   1.015711e-20   97799956
  9.341769e+00   8.815570e-17   3.681308e-03   1.014572e-20   97297588
  9.354522e+00   8.778361e-17   3.681714e-03   1.013353e-20   96807856
  9.367276e+00   8.747519e-17   3.681836e-03   1.012552e-20   96311704
  9.380029e+00   8.710512e-17   3.681196e-03   1.011383e-20   95792888
  9.392783e+00   8.676195e-17   3.681874e-03   1.010415e-20   95307208
  9.405536e+00   8.647376e-17   3.681452e-03   1.010294e-20   94791100
  9.418289e+00   8.613004e-17   3.681386e-03   1.009913e-20   94280704
  9.431043e+00   8.581653e-17   3.681890e-03   1.008801e-20   93786136
  9.443796e+00   8.550602e-17   3.681311e-03   1.008711e-20   93259576
  9.456548e+00   8.517817e-17   3.681339e-03   1.008124e-20   92748448
  9.469302e+00   8.489071e-17   3.681902e-03   1.008099e-20   92250064
  9.482055e+00   8.459468e-17   3.681083e-03   1.007968e-20   91711820
  9.494808e+00   8.428896e-17   3.681970e-03   1.007695e-20   91217224
  9.507561e+00   8.400125e-17   3.680990e-03   1.008145e-20   90672604
  9.520314e+00   8.371840e-17   3.682256e-03   1.008025e-20   90183628
  9.533069e+00   8.342558e-17   3.681638e-03   1.007832e-20   89647216
  9.545821e+00   8.312532e-17   3.680567e-03   1.008405e-20   89094328
  9.558573e+00   8.289081e-17   3.682125e-03   1.008839e-20   88606888
  9.571327e+00   8.258900e-17   3.680921e-03   1.009185e-20   88049632
  9.584079e+00   8.233627e-17   3.682056e-03   1.009615e-20   87547700
  9.596835e+00   8.206758e-17   3.682145e-03   1.010356e-20   87018844
  9.609588e+00   8.179000e-17   3.680842e-03   1.011177e-20   86453428
  9.622341e+00   8.157626e-17   3.682608e-03   1.012179e-20   85961620
  9.635095e+00   8.129466e-17   3.680686e-03   1.012709e-20   85379956
  9.647847e+00   8.106315e-17   3.681495e-03   1.013559e-20   84860440
  9.660601e+00   8.079648e-17   3.682278e-03   1.014614e-20   84338596
  9.673355e+00   8.055623e-17   3.681139e-03   1.016023e-20   83770780
  9.686107e+00   8.032532e-17   3.681316e-03   1.017358e-20   83232380
  9.698859e+00   8.004480e-17   3.681308e-03   1.017814e-20   82685920
  9.711613e+00   7.980587e-17   3.682335e-03   1.019042e-20   82162552
  9.724367e+00   7.960906e-17   3.680925e-03   1.021447e-20   81583120
  9.737120e+00   7.933795e-17   3.681778e-03   1.021773e-20   81051772
  9.749873e+00   7.911826e-17   3.681443e-03   1.023671e-20   80492080
  9.762626e+00   7.887538e-17   3.681460e-03   1.024952e-20   79937728
  9.775379e+00   7.868795e-17   3.681859e-03   1.027493e-20   79392292
  9.788132e+00   7.842311e-17   3.680802e-03   1.028427e-20   78811832
  9.800884e+00   7.819095e-17   3.681943e-03   1.029858e-20   78277768
  9.813639e+00   7.796689e-17   3.681744e-03   1.032311e-20   77713156
  9.826392e+00   7.772828e-17   3.681150e-03   1.033954e-20   77137396
  9.839145e+00   7.751690e-17   3.682233e-03   1.035445e-20   76597252
  9.851899e+00   7.729582e-17   3.681095e-03   1.037769e-20   76006060
  9.864651e+00   7.707569e-17   3.681614e-03   1.039858e-20   75450580
  9.877405e+00   7.688578e-17   3.681700e-03   1.042864e-20   74884264
  9.890157e+00   7.662885e-17   3.680404e-03   1.044459e-20   74285432
  9.902910e+00   7.643087e-17   3.682953e-03   1.046421e-20   73765288
  9.915666e+00   7.616770e-17   3.681317e-03   1.048503e-20   73156660
  9.928417e+00   7.596193e-17   3.680963e-03   1.050821e-20   72574816
  9.941171e+00   7.573081e-17   3.682509e-03   1.053518e-20   72028000
  9.953925e+00   7.554512e-17   3.680928e-03   1.056319e-20   71415808
  9.966677e+00   7.534962e-17   3.681407e-03   1.059302e-20   70845868
  9.979431e+00   7.507369e-17   3.681972e-03   1.060617e-20   70272388
  9.992184e+00   7.488698e-17   3.681325e-03   1.064117e-20   69675308
  1.000494e+01   7.460913e-17   3.681250e-03   1.065584e-20   69088144
  1.001769e+01   7.441186e-17   3.681694e-03   1.068743e-20   68507884
  1.003044e+01   7.419433e-17   3.681570e-03   1.070931e-20   67917004
  1.004320e+01   7.395191e-17   3.681611e-03   1.074114e-20   67324480
  1.005595e+01   7.371986e-17   3.681742e-03   1.076637e-20   66733744
  1.006870e+01   7.350981e-17   3.681297e-03   1.079814e-20   66131224
  1.008146e+01   7.326487e-17   3.681933e-03   1.082364e-20   65545936
  1.009421e+01   7.304255e-17   3.680789e-03   1.085254e-20   64927556
  1.010696e+01   7.277148e-17   3.681482e-03   1.087424e-20   64338388
  1.011972e+01   7.254505e-17   3.682297e-03   1.090488e-20   63752068
  1.013247e+01   7.234112e-17   3.681110e-03   1.094378e-20   63127552
  1.014522e+01   7.206049e-17   3.681518e-03   1.096689e-20   62528716
  1.015797e+01   7.180951e-17   3.681490e-03   1.099762e-20   61921192
  1.017073e+01   7.156929e-17   3.681519e-03   1.102623e-20   61312336
  1.018348e+01   7.130765e-17   3.681940e-03   1.105256e-20   60710332
  1.019623e+01   7.104223e-17   3.680618e-03   1.108775e-20   60075140
  1.020899e+01   7.077397e-17   3.681981e-03   1.111269e-20   59484148
  1.022174e+01   7.052617e-17   3.681746e-03   1.114852e-20   58864996
  1.023449e+01   7.023985e-17   3.681061e-03   1.116520e-20   58235308
  1.024725e+01   6.995075e-17   3.681714e-03   1.120077e-20   57628036
  1.026000e+01   6.965187e-17   3.681610e-03   1.122405e-20   57004144
  1.027275e+01   6.936992e-17   3.682048e-03   1.125483e-20   56389540
  1.028551e+01   6.905669e-17   3.681645e-03   1.127472e-20   55759408
  1.029826e+01   6.871737e-17   3.680172e-03   1.130157e-20   55109720
  1.031101e+01   6.848789e-17   3.682514e-03   1.133852e-20   54519076
  1.032377e+01   6.811460e-17   3.681463e-03   1.134672e-20   53872468
  1.033652e+01   6.781879e-17   3.681930e-03   1.138484e-20   53248276
  1.034927e+01   6.748081e-17   3.680838e-03   1.140225e-20   52600132
  1.036202e+01   6.710104e-17   3.681628e-03   1.141534e-20   51976144
  1.037478e+01   6.678428e-17   3.682216e-03   1.144703e-20   51349900
  1.038753e+01   6.635662e-17   3.681192e-03   1.145311e-20   50695384
  1.040028e+01   6.605090e-17   3.681347e-03   1.148485e-20   50057984
  1.041304e+01   6.564513e-17   3.681487e-03   1.148758e-20   49419508
  1.042579e+01   6.522904e-17   3.681560e-03   1.149254e-20   48776488
  1.043854e+01   6.485817e-17   3.681655e-03   1.151697e-20   48133384
  1.045129e+01   6.440634e-17   3.680747e-03   1.151341e-20   47474236
  1.046405e+01   6.398831e-17   3.682068e-03   1.151088e-20   46843636
  1.047680e+01   6.351373e-17   3.681922e-03   1.151147e-20   46191052
  1.048956e+01   6.305145e-17   3.681120e-03   1.150584e-20   45529264
  1.050231e+01   6.257682e-17   3.681553e-03   1.150490e-20   44881736
  1.051506e+01   6.202821e-17   3.681578e-03   1.147356e-20   44225644
  1.052781e+01   6.157837e-17   3.682098e-03   1.146263e-20   43576192
  1.054057e+01   6.096098e-17   3.681121e-03   1.141870e-20   42904780
  1.055332e+01   6.039249e-17   3.681021e-03   1.137794e-20   42243280
  1.056607e+01   5.985301e-17   3.681880e-03   1.133920e-20   41592304
  1.057883e+01   5.921333e-17   3.681386e-03   1.128485e-20   40921504
  1.059158e+01   5.863070e-17   3.681768e-03   1.122863e-20   40260364
  1.060433e+01   5.794534e-17   3.680310e-03   1.114538e-20   39577280
  1.061708e+01   5.726596e-17   3.682721e-03   1.105807e-20   38934796
  1.062984e+01   5.655136e-17   3.681500e-03   1.095629e-20   38251060
  1.064259e+01   5.577289e-17   3.681143e-03   1.082361e-20   37573912
  1.065534e+01   5.501425e-17   3.681208e-03   1.068956e-20   36901072
  1.066810e+01   5.422898e-17   3.681733e-03   1.053705e-20   36243835
  1.068085e+01   5.357043e-17   3.681978e-03   1.042518e-20   35631178
  1.069361e+01   5.299738e-17   3.681462e-03   1.034126e-20   35038834
  1.070636e+01   5.242619e-17   3.680976e-03   1.025484e-20   34467356
  1.071911e+01   5.190119e-17   3.682448e-03   1.017141e-20   33932020
  1.073187e+01   5.144538e-17   3.681493e-03   1.012464e-20   33386890
  1.074462e+01   5.094198e-17   3.680953e-03   1.004380e-20   32859112
  1.075737e+01   5.052038e-17   3.681747e-03   9.993092e-21   32356054
  1.077013e+01   5.010568e-17   3.682061e-03   9.958723e-21   31858198
  1.078288e+01   4.968410e-17   3.680986e-03   9.912738e-21   31358896
  1.079563e+01   4.929755e-17   3.681441e-03   9.870957e-21   30881506
  1.080838e+01   4.890002e-17   3.681256e-03   9.823862e-21   30407522
  1.082114e+01   4.854053e-17   3.682788e-03   9.792888e-21   29957086
  1.083389e+01   4.816507e-17   3.681274e-03   9.757463e-21   29488294
  1.084665e+01   4.782800e-17   3.680678e-03   9.726590e-21   29035384
  1.085940e+01   4.748801e-17   3.681334e-03   9.702018e-21   28600522
  1.087215e+01   4.720891e-17   3.681709e-03   9.689863e-21   28168888
  1.088490e+01   4.688649e-17   3.681938e-03   9.670177e-21   27743284
  1.089766e+01   4.657541e-17   3.681796e-03   9.656979e-21   27321316
  1.091041e+01   4.628610e-17   3.680395e-03   9.634216e-21   26896532
  1.092317e+01   4.599450e-17   3.683215e-03   9.620902e-21   26509150
  1.093592e+01   4.570552e-17   3.680973e-03   9.612252e-21   26089648
  1.094867e+01   4.545680e-17   3.680735e-03   9.611890e-21   25691308
  1.096142e+01   4.521253e-17   3.682149e-03   9.604891e-21   25310632
  1.097418e+01   4.492739e-17   3.681389e-03   9.600174e-21   24918688
  1.098693e+01   4.470464e-17   3.681890e-03   9.606539e-21   24541360
  1.099968e+01   4.443551e-17   3.680453e-03   9.598393e-21   24156514
  1.101244e+01   4.422806e-17   3.681358e-03   9.601710e-21   23792042
  1.102519e+01   4.399982e-17   3.683475e-03   9.606169e-21   23440270
  1.103795e+01   4.376153e-17   3.680855e-03   9.613089e-21   23061724
  1.105070e+01   4.355494e-17   3.680249e-03   9.622092e-21   22702210
  1.106345e+01   4.333198e-17   3.682376e-03   9.626700e-21   22364644
  1.107620e+01   4.313777e-17   3.681772e-03   9.642308e-21   22012804
  1.108896e+01   4.292932e-17   3.681535e-03   9.654197e-21   21668428
  1.110171e+01   4.274134e-17   3.680842e-03   9.675634e-21   21326230
  1.111446e+01   4.256413e-17   3.681192e-03   9.702621e-21   20994284
  1.112722e+01   4.238023e-17   3.682119e-03   9.713132e-21   20669938
  1.113997e+01   4.220758e-17   3.682068e-03   9.739252e-21   20342638
  1.115272e+01   4.200913e-17   3.680664e-03   9.748858e-21   20013358
  1.116548e+01   4.184255e-17   3.682698e-03   9.778663e-21   19707214
  1.117823e+01   4.167178e-17   3.680731e-03   9.805925e-21   19381486
  1.119098e+01   4.153467e-17   3.681323e-03   9.835339e-21   19074238
  1.120374e+01   4.135977e-17   3.682229e-03   9.859763e-21   18772624
  1.121649e+01   4.118542e-17   3.680362e-03   9.889374e-21   18460526
  1.122924e+01   4.104683e-17   3.682937e-03   9.923874e-21   18174472
  1.124200e+01   4.089002e-17   3.681186e-03   9.958917e-21   17869018
  1.125475e+01   4.077426e-17   3.680677e-03   1.000253e-20   17574688
  1.126750e+01   4.065596e-17   3.682736e-03   1.003753e-20   17296672
  1.128026e+01   4.047139e-17   3.680363e-03   1.006630e-20   16999528
  1.129301e+01   4.036852e-17   3.682119e-03   1.011752e-20   16725952
  1.130576e+01   4.022422e-17   3.682165e-03   1.015909e-20   16447546
  1.131852e+01   4.011113e-17   3.680116e-03   1.020086e-20   16162976
  1.133127e+01   3.997007e-17   3.682346e-03   1.024505e-20   15901480
  1.134402e+01   3.985673e-17   3.681113e-03   1.029793e-20   15626866
  1.135677e+01   3.974069e-17   3.681793e-03   1.034506e-20   15364096
  1.136953e+01   3.962304e-17   3.681554e-03   1.039612e-20   15101074
  1.138228e+01   3.954631e-17   3.681420e-03   1.045242e-20   14840482
  1.139503e+01   3.941608e-17   3.681658e-03   1.050079e-20   14585698
  1.140779e+01   3.930672e-17   3.682040e-03   1.055722e-20   14333860
  1.142054e+01   3.921832e-17   3.679618e-03   1.062125e-20   14073794
  1.143329e+01   3.913512e-17   3.683202e-03   1.068858e-20   13840834
  1.144605e+01   3.902767e-17   3.680955e-03   1.074891e-20   13587610
  1.145880e+01   3.893002e-17   3.681332e-03   1.081050e-20   13347532
  1.147155e+01   3.883989e-17   3.682413e-03   1.086980e-20   13113010
  1.148431e+01   3.876663e-17   3.680708e-03   1.095772e-20   12870418
  1.149706e+01   3.865825e-17   3.682326e-03   1.101232e-20   12643618
  1.150981e+01   3.859822e-17   3.680797e-03   1.108630e-20   12408220
  1.152256e+01   3.853359e-17   3.680382e-03   1.117705e-20   12178826
  1.153532e+01   3.840010e-17   3.683647e-03   1.122742e-20   11965252
  1.154807e+01   3.835973e-17   3.681124e-03   1.132174e-20   11734570
  1.156082e+01   3.828886e-17   3.680067e-03   1.140215e-20   11512084
  1.157358e+01   3.819155e-17   3.683051e-03   1.147108e-20   11304874
  1.158633e+01   3.816589e-17   3.681705e-03   1.156773e-20   11085628
  1.159909e+01   3.809184e-17   3.680546e-03   1.165369e-20   10871212
  1.161184e+01   3.799818e-17   3.681578e-03   1.173422e-20   10665436
  1.162459e+01   3.798269e-17   3.679992e-03   1.185020e-20   10454018
  1.163734e+01   3.789994e-17   3.683975e-03   1.191018e-20   10261756
  1.165010e+01   3.781376e-17   3.681447e-03   1.201274e-20   10052716
  1.166285e+01   3.777648e-17   3.679604e-03   1.211988e-20   9849052
  1.167560e+01   3.772492e-17   3.682185e-03   1.221069e-20   9659884
  1.168836e+01   3.769241e-17   3.681880e-03   1.234146e-20   9464068
  1.170111e+01   3.765986e-17   3.681969e-03   1.244190e-20   9273118
  1.171386e+01   3.759448e-17   3.681558e-03   1.254712e-20   9082996
  1.172661e+01   3.754816e-17   3.678522e-03   1.266632e-20   8888324
  1.173937e+01   3.752424e-17   3.684176e-03   1.277197e-20   8717860
  1.175212e+01   3.748309e-17   3.680640e-03   1.290571e-20   8526892
  1.176487e+01   3.744564e-17   3.681975e-03   1.301223e-20   8350294
  1.177763e+01   3.738218e-17   3.682917e-03   1.313862e-20   8175196
  1.179038e+01   3.736895e-17   3.679310e-03   1.328060e-20   7991188
  1.180313e+01   3.734088e-17   3.682410e-03   1.338539e-20   7825390
  1.181589e+01   3.733209e-17   3.682668e-03   1.354827e-20   7655212
  1.182864e+01   3.727825e-17   3.678199e-03   1.368887e-20   7477166
  1.184139e+01   3.726240e-17   3.684473e-03   1.380736e-20   7324060
  1.185415e+01   3.724740e-17   3.680504e-03   1.396629e-20   7151566
  1.186690e+01   3.718265e-17   3.680532e-03   1.411322e-20   6989950
  1.187965e+01   3.719458e-17   3.683869e-03   1.426364e-20   6836908
  1.189241e+01   3.722563e-17   3.679807e-03   1.444959e-20   6671038
  1.190516e+01   3.717714e-17   3.682681e-03   1.458902e-20   6521230
  1.191791e+01   3.716585e-17   3.681171e-03   1.478134e-20   6365332
  1.193066e+01   3.712782e-17   3.677843e-03   1.492540e-20   6208238
  1.194341e+01   3.713576e-17   3.685830e-03   1.511093e-20   6073126
  1.195617e+01   3.710480e-17   3.680579e-03   1.529852e-20   5916982
  1.196892e+01   3.707223e-17   3.679971e-03   1.546386e-20   5771308
  1.198168e+01   3.706424e-17   3.682878e-03   1.564808e-20   5633446
  1.199443e+01   3.706378e-17   3.680571e-03   1.584162e-20   5488414
  1.200718e+01   3.708004e-17   3.682674e-03   1.605836e-20   5353270
  1.201994e+01   3.711328e-17   3.683186e-03   1.626725e-20   5217238
  1.203269e+01   3.707008e-17   3.675702e-03   1.650648e-20   5071646
  1.204544e+01   3.709642e-17   3.685897e-03   1.669631e-20   4953394
  1.205820e+01   3.709720e-17   3.680607e-03   1.691847e-20   4815046
  1.207095e+01   3.710485e-17   3.680617e-03   1.717897e-20   4686502
  1.208370e+01   3.712941e-17   3.683845e-03   1.737255e-20   4564246
  1.209645e+01   3.708775e-17   3.677634e-03   1.764546e-20   4431088
  1.210920e+01   3.715089e-17   3.684383e-03   1.790211e-20   4316734
  1.212196e+01   3.713189e-17   3.682732e-03   1.813582e-20   4193806
  1.213471e+01   3.717683e-17   3.675895e-03   1.846393e-20   4066670
  1.214746e+01   3.713817e-17   3.687083e-03   1.867359e-20   3962278
  1.216022e+01   3.717008e-17   3.678990e-03   1.898990e-20   3837862
  1.217297e+01   3.718882e-17   3.680287e-03   1.929215e-20   3726112
  1.218572e+01   3.717957e-17   3.683935e-03   1.953803e-20   3618790
  1.219848e+01   3.718643e-17   3.678695e-03   1.987650e-20   3503302
  1.221123e+01   3.720831e-17   3.684203e-03   2.019084e-20   3401176
  1.222399e+01   3.727517e-17   3.682016e-03   2.054107e-20   3293194
  1.223673e+01   3.724508e-17   3.673298e-03   2.089538e-20   3181142
  1.224948e+01   3.732786e-17   3.689992e-03   2.123872e-20   3093808
  1.226225e+01   3.732720e-17   3.680544e-03   2.162467e-20   2984950
  1.227499e+01   3.741727e-17   3.678818e-03   2.203880e-20   2885224
  1.228775e+01   3.736706e-17   3.686094e-03   2.237439e-20   2794390
  1.230050e+01   3.746748e-17   3.676019e-03   2.285676e-20   2690920
  1.231325e+01   3.747662e-17   3.683888e-03   2.323832e-20   2603926
  1.232601e+01   3.752466e-17   3.683000e-03   2.368251e-20   2511952
  1.233875e+01   3.756421e-17   3.673112e-03   2.419269e-20   2415422
  1.235150e+01   3.767231e-17   3.690744e-03   2.461900e-20   2339440
  1.236427e+01   3.763188e-17   3.679037e-03   2.510212e-20   2245138
  1.237701e+01   3.763897e-17   3.678490e-03   2.559154e-20   2160592
  1.238977e+01   3.773622e-17   3.685895e-03   2.612765e-20   2082736
  1.240252e+01   3.779223e-17   3.675851e-03   2.677346e-20   1995454
  1.241527e+01   3.781599e-17   3.685959e-03   2.729220e-20   1922008
  1.242803e+01   3.783540e-17   3.682343e-03   2.787542e-20   1842448
  1.244077e+01   3.786610e-17   3.669200e-03   2.858581e-20   1759982
  1.245352e+01   3.796339e-17   3.693620e-03   2.915155e-20   1698088
  1.246629e+01   3.798849e-17   3.680402e-03   2.985934e-20   1618912
  1.247903e+01   3.810379e-17   3.676300e-03   3.067697e-20   1546426
  1.249179e+01   3.809643e-17   3.688492e-03   3.134430e-20   1482760
  1.250454e+01   3.818270e-17   3.672829e-03   3.208305e-20   1408504
  1.251729e+01   3.813804e-17   3.687683e-03   3.287920e-20   1348888
  1.253006e+01   3.827066e-17   3.683820e-03   3.376030e-20   1283128
  1.254278e+01   3.848756e-17   3.661038e-03   3.484352e-20   1212710
  1.255553e+01   3.838355e-17   3.699974e-03   3.552507e-20   1165312
  1.256831e+01   3.838391e-17   3.680323e-03   3.667397e-20   1099240
  1.258104e+01   3.840464e-17   3.671548e-03   3.757846e-20   1039180
  1.259380e+01   3.855518e-17   3.692001e-03   3.875103e-20   989296
  1.260655e+01   3.857808e-17   3.669642e-03   4.012492e-20   928480
  1.261930e+01   3.873085e-17   3.692695e-03   4.133235e-20   881896
  1.263208e+01   3.874590e-17   3.682736e-03   4.259590e-20   828112
  1.264478e+01   3.886894e-17   3.650051e-03   4.443202e-20   771512
  1.265753e+01   3.901898e-17   3.714892e-03   4.542094e-20   737656
  1.267035e+01   3.897873e-17   3.677480e-03   4.710895e-20   682876
  1.268305e+01   3.910308e-17   3.660704e-03   4.909906e-20   635344
  1.269581e+01   3.915424e-17   3.704859e-03   5.062922e-20   600232
  1.270858e+01   3.920631e-17   3.665186e-03   5.266830e-20   551368
  1.272130e+01   3.932097e-17   3.686488e-03   5.489339e-20   514696
  1.273408e+01   3.941881e-17   3.687911e-03   5.724266e-20   476416
  1.274677e+01   3.937008e-17   3.640236e-03   5.961219e-20   433616
  1.275953e+01   3.949413e-17   3.726549e-03   6.172611e-20   408292
  1.277234e+01   3.949673e-17   3.664174e-03   6.507526e-20   366880
  1.278503e+01   3.977330e-17   3.669338e-03   6.871019e-20   335704
  1.279785e+01   3.989158e-17   3.722444e-03   7.134712e-20   309472
  1.281056e+01   4.004576e-17   3.614704e-03   7.713488e-20   270784
  1.282325e+01   3.981561e-17   3.723954e-03   7.966185e-20   251818
  1.283617e+01   4.006691e-17   3.712665e-03   8.438395e-20   224092
  1.284869e+01   4.047100e-17   3.511949e-03   9.317467e-20   188432
  1.286140e+01   4.027674e-17   3.814733e-03   9.476884e-20   181504
  1.287446e+01   4.033018e-17   3.685091e-03   1.027923e-19   151936
  1.288695e+01   4.041171e-17   3.540243e-03   1.128604e-19   126706
  1.289975e+01   4.048853e-17   3.826416e-03   1.183441e-19   118288
  1.291269e+01   4.101301e-17   3.591926e-03   1.345406e-19   92620
  1.292509e+01   4.034742e-17   3.619993e-03   1.439836e-19   78136
  1.293808e+01   4.071808e-17   3.845913e-03   1.568993e-19   68626
  1.295055e+01   4.040065e-17   3.205935e-03   1.884908e-19   46280
  1.296287e+01   4.117891e-17   3.850032e-03   1.966194e-19   43432
  1.297637e+01   4.115209e-17   3.847321e-03   2.297579e-19   32056
  1.298888e+01   4.146432e-17   3.187618e-03   2.996351e-19   19270
  1.300109e+01   4.078971e-17   3.835666e-03   3.225970e-19   15688
  1.301451e+01   4.031474e-17   3.817771e-03   4.213068e-19   9208
  1.302700e+01   4.334855e-17   3.149616e-03   6.623563e-19   3970
  1.303861e+01   4.303104e-17   3.631558e-03   1.031645e-18   1816
  1.305019e+01   4.301164e-17   2.435481e-03   3.264353e-18   230
