# power spectrum of pi_k * H (dimensionless)
# redshift z=48.512538
# k              Pk             sigma(k)       sigma(Pk)      count
  1.256637e-01   8.036236e-12   0.000000e+00   3.239431e-12   6
  1.777153e-01   2.105083e-12   0.000000e+00   4.204752e-13   12
  2.176559e-01   1.005577e-12   2.384186e-09   2.061439e-13   8
  2.513274e-01   2.434977e-12   0.000000e+00   2.625051e-13   6
  2.809926e-01   1.304050e-12   4.495664e-09   4.160955e-13   24
  3.078120e-01   1.506296e-12   4.495664e-09   2.553748e-13   24
  3.554306e-01   4.799408e-13   0.000000e+00   2.155965e-13   12
  3.769911e-01   4.919542e-13   5.086263e-09   8.978894e-14   30
  3.973835e-01   5.568362e-13   0.000000e+00   1.223022e-13   24
  4.167794e-01   4.554201e-13   7.786718e-09   1.130467e-13   24
  4.353118e-01   4.737291e-13   4.768372e-09   9.505278e-14   8
  4.530869e-01   3.720944e-13   6.357829e-09   4.663551e-14   24
  4.701905e-01   3.234156e-13   0.000000e+00   4.567860e-14   48
  5.026548e-01   3.382279e-13   0.000000e+00   1.486630e-13   6
  5.181247e-01   2.510817e-13   6.357829e-09   3.536137e-14   48
  5.331460e-01   2.203770e-13   5.994218e-09   2.316288e-14   36
  5.477554e-01   2.976253e-13   6.357829e-09   6.249185e-14   24
  5.619852e-01   1.676459e-13   8.991328e-09   2.852717e-14   24
  5.758634e-01   1.418287e-13   0.000000e+00   1.916305e-14   48
  5.894150e-01   2.050959e-13   8.991328e-09   2.919615e-14   24
  6.156239e-01   1.538572e-13   8.991328e-09   2.391558e-14   24
  6.283185e-01   9.921593e-14   0.000000e+00   1.633167e-14   30
  6.407617e-01   1.038337e-13   0.000000e+00   1.140181e-14   72
  6.529678e-01   9.858316e-14   9.536743e-09   2.030038e-14   32
  6.767198e-01   1.207401e-13   0.000000e+00   1.399540e-14   72
  6.882885e-01   7.194543e-14   0.000000e+00   1.052506e-14   48
  7.108613e-01   3.530087e-14   0.000000e+00   1.046868e-14   12
  7.218830e-01   6.846913e-14   0.000000e+00   1.018177e-14   48
  7.327390e-01   5.851415e-14   0.000000e+00   5.704235e-15   48
  7.434365e-01   7.523800e-14   8.991328e-09   9.585627e-15   48
  7.539822e-01   8.902429e-14   1.017253e-08   1.569575e-14   30
  7.643825e-01   7.975461e-14   0.000000e+00   1.789053e-14   24
  7.746431e-01   7.882801e-14   1.895538e-08   8.006745e-15   72
  7.947671e-01   4.404400e-14   0.000000e+00   8.430165e-15   24
  8.046403e-01   6.494786e-14   0.000000e+00   6.381263e-15   96
  8.143939e-01   4.880106e-14   0.000000e+00   6.632096e-15   48
  8.240320e-01   3.952279e-14   1.557344e-08   9.588809e-15   24
  8.335587e-01   2.817256e-14   1.557344e-08   5.882306e-15   24
  8.429778e-01   6.612544e-14   0.000000e+00   7.987602e-15   72
  8.522927e-01   4.956884e-14   0.000000e+00   7.559828e-15   48
  8.706237e-01   3.881690e-14   9.536743e-09   1.154594e-14   8
  8.796459e-01   5.949023e-14   1.130281e-08   7.238954e-15   54
  8.885766e-01   3.840553e-14   0.000000e+00   6.599722e-15   84
  8.974184e-01   4.317374e-14   0.000000e+00   6.213157e-15   48
  9.061739e-01   2.576749e-14   1.271566e-08   4.519079e-15   24
  9.148456e-01   3.364536e-14   1.695421e-08   3.936862e-15   72
  9.234359e-01   4.344131e-14   0.000000e+00   4.975781e-15   96
  9.403811e-01   5.543072e-14   0.000000e+00   6.010338e-15   48
  9.487402e-01   3.063324e-14   0.000000e+00   2.928288e-15   48
  9.570263e-01   2.662302e-14   0.000000e+00   5.203071e-15   24
  9.652412e-01   2.912370e-14   0.000000e+00   3.158121e-15   72
  9.814649e-01   2.870833e-14   0.000000e+00   3.418659e-15   72
  9.894770e-01   2.771518e-14   0.000000e+00   3.171498e-15   96
  1.005310e+00   3.954329e-14   0.000000e+00   1.742892e-14   6
  1.013133e+00   2.996247e-14   0.000000e+00   2.967692e-15   96
  1.020897e+00   3.053047e-14   1.271566e-08   3.280300e-15   96
  1.028602e+00   1.893292e-14   0.000000e+00   4.527198e-15   24
  1.036249e+00   2.188806e-14   1.271566e-08   2.636737e-15   48
  1.043841e+00   2.191156e-14   0.000000e+00   2.226320e-15   96
  1.051378e+00   2.393301e-14   0.000000e+00   3.286873e-15   48
  1.066292e+00   2.117330e-14   1.198844e-08   3.783425e-15   36
  1.073671e+00   2.098628e-14   2.202416e-08   2.635508e-15   48
  1.081000e+00   2.280320e-14   2.491750e-08   2.030927e-15   120
  1.088280e+00   2.000917e-14   0.000000e+00   2.668939e-15   56
  1.095511e+00   1.078632e-14   1.271566e-08   1.938669e-15   24
  1.102695e+00   1.557153e-14   0.000000e+00   1.394228e-15   96
  1.109832e+00   1.648586e-14   0.000000e+00   2.110091e-15   48
  1.123970e+00   2.009150e-14   1.798266e-08   3.698193e-15   24
  1.130973e+00   2.098211e-14   0.000000e+00   2.120112e-15   102
  1.137933e+00   2.245222e-14   1.271566e-08   3.410499e-15   48
  1.144851e+00   1.953629e-14   0.000000e+00   1.935537e-15   72
  1.151727e+00   1.763670e-14   0.000000e+00   1.768390e-15   48
  1.158562e+00   1.919313e-14   0.000000e+00   3.537766e-15   48
  1.165357e+00   1.585910e-14   2.877225e-08   1.423917e-15   120
  1.178830e+00   2.276281e-14   1.798266e-08   3.708012e-15   24
  1.185509e+00   1.362158e-14   1.695421e-08   1.145745e-15   144
  1.192151e+00   1.372676e-14   2.034505e-08   1.351432e-15   120
  1.198755e+00   1.126166e-14   1.798266e-08   1.601409e-15   48
  1.211857e+00   1.561951e-14   1.798266e-08   2.117865e-15   48
  1.218355e+00   1.240672e-14   1.798266e-08   1.251238e-15   96
  1.235512e+00   1.548772e-14   3.015167e-03   1.857411e-15   72
  1.244007e+00   1.172884e-14   1.598458e-08   9.008277e-16   108
  1.250338e+00   1.342428e-14   0.000000e+00   1.404897e-15   72
  1.256637e+00   8.364885e-15   0.000000e+00   1.639471e-15   30
  1.262905e+00   1.360839e-14   0.000000e+00   1.058964e-15   168
  1.269141e+00   1.414830e-14   0.000000e+00   1.586522e-15   48
  1.281523e+00   9.077569e-15   0.000000e+00   1.075920e-15   72
  1.287670e+00   1.204191e-14   0.000000e+00   1.173838e-15   96
  1.293787e+00   1.136747e-14   3.390842e-08   1.747067e-15   72
  1.299875e+00   1.299908e-14   0.000000e+00   1.371511e-15   72
  1.310112e+00   1.185644e-14   2.784031e-03   8.959897e-16   104
  1.317972e+00   1.087347e-14   2.397687e-08   7.964570e-16   144
  1.335824e+00   7.385763e-15   4.021044e-08   7.043495e-16   96
  1.341721e+00   7.725960e-15   0.000000e+00   8.149426e-16   96
  1.351101e+00   1.051578e-14   2.864148e-03   9.760260e-16   120
  1.359261e+00   8.746481e-15   0.000000e+00   7.769958e-16   120
  1.365057e+00   1.058790e-14   0.000000e+00   1.159179e-15   72
  1.376577e+00   1.053637e-14   0.000000e+00   1.386509e-15   48
  1.382301e+00   1.066180e-14   3.130008e-08   1.254356e-15   78
  1.389623e+00   1.093207e-14   2.564571e-03   8.577703e-16   168
  1.404963e+00   9.844324e-15   2.936555e-08   8.413957e-16   144
  1.410572e+00   1.053902e-14   2.397687e-08   7.542427e-16   144
  1.426839e+00   8.935950e-15   1.476986e-03   7.848977e-16   156
  1.432787e+00   6.732686e-15   3.114687e-08   1.299294e-15   48
  1.438287e+00   7.961507e-15   2.034505e-08   7.582997e-16   120
  1.443766e+00   5.557647e-15   0.000000e+00   5.914784e-16   48
  1.453454e+00   8.256077e-15   2.260797e-03   5.714539e-16   216
  1.465478e+00   6.663910e-15   0.000000e+00   8.170607e-16   48
  1.470856e+00   6.481794e-15   1.798266e-08   5.531940e-16   96
  1.478502e+00   7.282749e-15   2.642094e-03   6.453401e-16   168
  1.486873e+00   5.709631e-15   1.798266e-08   8.170506e-16   48
  1.492174e+00   7.783157e-15   0.000000e+00   7.774100e-16   96
  1.497456e+00   6.981537e-15   0.000000e+00   1.276484e-15   48
  1.507964e+00   8.213662e-15   2.034505e-08   8.350602e-16   30
  1.513191e+00   5.446000e-15   0.000000e+00   4.439131e-16   96
  1.519439e+00   6.550284e-15   2.076451e-03   4.542909e-16   240
  1.527472e+00   9.583304e-15   2.240191e-03   1.352734e-15   32
  1.533921e+00   4.885872e-15   0.000000e+00   3.496392e-16   168
  1.539060e+00   5.698552e-15   0.000000e+00   5.631269e-16   120
  1.549286e+00   4.694352e-15   3.791077e-08   5.399792e-16   72
  1.554374e+00   7.258719e-15   1.695421e-08   6.652638e-16   144
  1.559446e+00   5.298159e-15   0.000000e+00   5.241282e-16   96
  1.564501e+00   6.750713e-15   0.000000e+00   5.441767e-16   96
  1.574562e+00   7.261669e-15   0.000000e+00   8.936378e-16   72
  1.579568e+00   5.459559e-15   2.543132e-08   5.417165e-16   96
  1.589534e+00   5.862090e-15   0.000000e+00   1.067767e-15   24
  1.594494e+00   6.098525e-15   0.000000e+00   4.375318e-16   192
  1.600334e+00   5.649208e-15   1.901066e-03   4.238860e-16   132
  1.609281e+00   6.040545e-15   0.000000e+00   5.188523e-16   96
  1.614180e+00   4.176859e-15   0.000000e+00   4.222581e-16   96
  1.619064e+00   5.463162e-15   2.034505e-08   4.462061e-16   120
  1.628788e+00   5.764737e-15   0.000000e+00   7.742652e-16   48
  1.636759e+00   3.961593e-15   2.303939e-03   2.473641e-16   222
  1.643266e+00   5.027953e-15   0.000000e+00   4.583134e-16   120
  1.648064e+00   5.017440e-15   3.114687e-08   1.048379e-15   24
  1.655050e+00   5.821177e-15   2.378000e-03   3.186647e-16   312
  1.670270e+00   6.194437e-15   2.229470e-03   6.595080e-16   72
  1.676563e+00   4.336849e-15   3.114687e-08   5.400928e-16   96
  1.683024e+00   5.186737e-15   2.270407e-03   4.028524e-16   192
  1.690632e+00   4.694121e-15   2.877225e-08   4.898540e-16   120
  1.695296e+00   4.658112e-15   0.000000e+00   4.578234e-16   144
  1.704585e+00   4.314838e-15   0.000000e+00   6.087341e-16   48
  1.711188e+00   4.067569e-15   2.282974e-03   2.438874e-16   336
  1.718425e+00   4.451998e-15   0.000000e+00   5.608654e-16   48
  1.727590e+00   4.161226e-15   0.000000e+00   3.733285e-16   192
  1.732155e+00   4.057828e-15   0.000000e+00   4.881724e-16   48
  1.745129e+00   4.111923e-15   1.584683e-03   4.955496e-16   56
  1.751580e+00   4.105673e-15   2.035272e-03   2.279203e-16   336
  1.759292e+00   4.076755e-15   2.260561e-08   5.992662e-16   54
  1.766010e+00   3.733769e-15   2.235459e-03   2.282640e-16   240
  1.779956e+00   3.724610e-15   2.140470e-03   2.863039e-16   228
  1.786017e+00   4.243332e-15   2.397687e-08   5.456078e-16   72
  1.791900e+00   4.238535e-15   2.076308e-03   3.089226e-16   144
  1.799230e+00   3.569371e-15   0.000000e+00   3.430172e-16   96
  1.803613e+00   3.556330e-15   2.877225e-08   2.282382e-16   240
  1.812348e+00   3.001998e-15   2.543132e-08   5.443223e-16   24
  1.817939e+00   3.700077e-15   1.961057e-03   2.146896e-16   336
  1.825371e+00   3.125470e-15   0.000000e+00   3.659873e-16   72
  1.832154e+00   4.124182e-15   2.133012e-03   2.968281e-16   168
  1.838302e+00   2.875948e-15   0.000000e+00   2.702759e-16   72
  1.846872e+00   4.311120e-15   0.000000e+00   4.108948e-16   96
  1.853509e+00   3.274066e-15   2.117011e-03   2.324478e-16   216
  1.859653e+00   2.593417e-15   0.000000e+00   1.981620e-16   96
  1.868125e+00   3.127555e-15   2.543132e-08   2.076435e-16   192
  1.872347e+00   3.104881e-15   2.397687e-08   2.397414e-16   144
  1.880762e+00   2.944473e-15   0.000000e+00   3.751762e-16   48
  1.886588e+00   3.305769e-15   2.041047e-03   2.280027e-16   246
  1.894505e+00   3.997999e-15   1.881878e-03   3.004237e-16   168
  1.901637e+00   3.154912e-15   4.983500e-08   3.361271e-16   120
  1.905784e+00   2.621388e-15   0.000000e+00   1.786543e-16   240
  1.914053e+00   2.033918e-15   0.000000e+00   4.164861e-16   24
  1.920640e+00   2.900767e-15   2.014384e-03   1.749079e-16   360
  1.928845e+00   2.983667e-15   2.005812e-03   2.298911e-16   120
  1.934568e+00   3.117629e-15   0.000000e+00   2.538748e-16   144
  1.938645e+00   3.280241e-15   0.000000e+00   2.734376e-16   96
  1.950825e+00   2.956614e-15   0.000000e+00   2.259542e-16   144
  1.954868e+00   3.237865e-15   0.000000e+00   2.752963e-16   132
  1.960551e+00   2.755674e-15   1.979707e-03   2.002842e-16   176
  1.968799e+00   2.772486e-15   1.999105e-03   1.454098e-16   312
  1.978954e+00   3.644138e-15   0.000000e+00   5.418254e-16   96
  1.982940e+00   2.464717e-15   0.000000e+00   2.194421e-16   144
  1.989055e+00   2.721765e-15   1.979053e-03   1.578741e-16   312
  1.998804e+00   2.971991e-15   0.000000e+00   3.067291e-16   48
  2.002750e+00   2.382390e-15   2.543132e-08   1.745298e-16   192
  2.010619e+00   1.030396e-15   0.000000e+00   3.079982e-16   6
  2.015848e+00   2.223465e-15   1.845802e-03   1.186303e-16   288
  2.024316e+00   2.229704e-15   1.950210e-03   1.617960e-16   192
  2.030159e+00   2.113054e-15   5.980883e-08   1.360707e-16   216
  2.034045e+00   2.556473e-15   0.000000e+00   3.401546e-16   72
  2.043725e+00   2.209394e-15   1.931689e-03   1.820934e-16   192
  2.050154e+00   2.706258e-15   1.434383e-03   1.638930e-16   288
  2.057204e+00   2.254286e-15   0.000000e+00   4.477649e-16   24
  2.062650e+00   2.455020e-15   1.889681e-03   1.146857e-16   456
  2.072499e+00   1.685231e-15   0.000000e+00   2.460860e-16   48
  2.078585e+00   2.271261e-15   1.861260e-03   1.612972e-16   240
  2.085579e+00   2.613167e-15   1.881013e-03   1.712690e-16   216
  2.091461e+00   2.010027e-15   0.000000e+00   2.466438e-16   72
  2.095233e+00   1.969289e-15   6.498988e-08   1.608522e-16   168
  2.105882e+00   2.295200e-15   1.398129e-03   1.420514e-16   288
  2.111855e+00   2.294003e-15   1.849965e-03   1.595017e-16   168
  2.121448e+00   2.502127e-15   0.000000e+00   1.840901e-16   192
  2.125166e+00   1.961439e-15   2.397687e-08   1.398841e-16   144
  2.132584e+00   2.683193e-15   2.397687e-08   3.284701e-16   36
  2.138874e+00   1.696778e-15   1.689411e-03   8.691228e-17   342
  2.144889e+00   1.987123e-15   1.734820e-03   1.603996e-16   144
  2.152621e+00   1.934996e-15   1.819392e-03   1.015561e-16   384
  2.162000e+00   2.307961e-15   4.983500e-08   2.162177e-16   120
  2.166643e+00   2.274465e-15   1.622368e-03   1.359767e-16   264
  2.172929e+00   1.891566e-15   8.042088e-08   1.358331e-16   192
  2.178848e+00   1.999433e-15   1.748412e-03   1.554221e-16   152
  2.183802e+00   1.849979e-15   4.795375e-08   1.672121e-16   144
  2.194222e+00   1.516796e-15   1.131589e-03   1.095445e-16   216
  2.199045e+00   2.065016e-15   1.512105e-03   1.112455e-16   312
  2.207535e+00   1.742222e-15   1.752500e-03   9.779684e-17   240
  2.212538e+00   2.036353e-15   2.543132e-08   2.052724e-16   96
  2.222033e+00   1.709237e-15   1.675517e-03   1.378658e-16   144
  2.227885e+00   1.790150e-15   1.646885e-03   8.710364e-17   456
  2.237379e+00   1.346025e-15   0.000000e+00   8.843202e-17   120
  2.240905e+00   1.556424e-15   0.000000e+00   1.466430e-16   144
  2.247941e+00   1.207797e-15   3.596531e-08   1.925988e-16   24
  2.252452e+00   1.723998e-15   1.583038e-03   8.739313e-17   336
  2.260253e+00   1.634134e-15   1.745876e-03   1.251449e-16   198
  2.267563e+00   1.680890e-15   1.697764e-03   9.316926e-17   432
  2.275867e+00   1.969451e-15   5.086263e-08   1.985193e-16   48
  2.280199e+00   1.959065e-15   1.498832e-03   1.020010e-16   384
  2.287976e+00   1.717864e-15   1.725473e-03   1.403470e-16   144
  2.295024e+00   1.920384e-15   1.713168e-03   1.255702e-16   264
  2.303454e+00   1.438857e-15   0.000000e+00   1.389170e-16   48
  2.309110e+00   1.605867e-15   1.628943e-03   9.781876e-17   276
  2.314567e+00   1.490567e-15   1.476593e-03   1.261837e-16   192
  2.321860e+00   1.513834e-15   1.659366e-03   6.352612e-17   552
  2.330715e+00   1.067924e-15   4.069010e-08   9.664874e-17   120
  2.335978e+00   1.499132e-15   1.679687e-03   1.026734e-16   216
  2.340855e+00   1.428399e-15   4.069010e-08   1.143984e-16   120
  2.349569e+00   1.680906e-15   1.654080e-03   8.365743e-17   408
  2.357660e+00   1.146896e-15   3.596531e-08   1.495801e-16   24
  2.362678e+00   1.366855e-15   1.670919e-03   8.360793e-17   384
  2.369685e+00   1.245557e-15   1.632547e-03   8.205411e-17   240
  2.375770e+00   1.354034e-15   1.644502e-03   9.314054e-17   168
  2.384301e+00   1.082357e-15   0.000000e+00   1.080114e-16   120
  2.389801e+00   1.425148e-15   1.714308e-03   7.650630e-17   350
  2.398744e+00   1.431725e-15   2.822081e-03   7.853959e-17   384
  2.404088e+00   1.546968e-15   0.000000e+00   1.464894e-16   144
  2.413921e+00   1.190448e-15   3.390842e-08   7.331441e-17   288
  2.419055e+00   1.229863e-15   1.615394e-03   6.370241e-17   336
  2.426039e+00   1.378224e-15   1.470682e-03   1.050620e-16   168
  2.430220e+00   1.369682e-15   9.639558e-08   8.626226e-17   336
  2.438868e+00   1.110731e-15   1.526480e-03   6.453694e-17   288
  2.444062e+00   1.202203e-15   1.438335e-03   7.206902e-17   264
  2.452858e+00   1.226727e-15   0.000000e+00   7.744720e-17   240
  2.456075e+00   1.217288e-15   0.000000e+00   1.030087e-16   96
  2.467620e+00   1.349550e-15   1.956039e-03   7.371905e-17   360
  2.473008e+00   1.244791e-15   1.441936e-03   1.165448e-16   168
  2.479816e+00   1.239127e-15   1.571860e-03   5.642597e-17   456
  2.488014e+00   1.132433e-15   4.521123e-08   1.005763e-16   108
  2.492626e+00   1.070392e-15   1.577159e-03   7.280773e-17   264
  2.498378e+00   1.092998e-15   1.407083e-03   7.604887e-17   264
  2.506256e+00   1.268058e-15   1.327788e-03   7.225736e-17   312
  2.516065e+00   1.235913e-15   9.866910e-04   8.232819e-17   270
  2.520176e+00   1.164044e-15   1.252729e-03   8.430796e-17   240
  2.527567e+00   1.180364e-15   1.549783e-03   6.244623e-17   384
  2.532054e+00   9.791092e-16   5.086263e-08   6.532977e-17   192
  2.540769e+00   1.231062e-15   1.243495e-03   9.116854e-17   240
  2.545825e+00   1.169082e-15   1.534673e-03   6.514182e-17   336
  2.555333e+00   1.147946e-15   1.544942e-03   5.001946e-17   480
  2.563047e+00   1.152298e-15   3.390842e-08   1.238195e-16   72
  2.567356e+00   1.152643e-15   1.506459e-03   8.192681e-17   240
  2.573216e+00   9.871501e-16   1.415865e-03   5.441314e-17   312
  2.579934e+00   9.423124e-16   1.530210e-03   6.378256e-17   240
  2.590086e+00   1.068185e-15   1.162564e-03   5.377678e-17   408
  2.594104e+00   9.825852e-16   1.064628e-03   5.642847e-17   336
  2.601958e+00   1.039983e-15   1.351816e-03   7.566234e-17   264
  2.605818e+00   1.098388e-15   0.000000e+00   9.156304e-17   144
  2.616557e+00   1.019176e-15   1.873697e-03   5.195650e-17   464
  2.622215e+00   7.814085e-16   1.489973e-03   5.580787e-17   168
  2.627801e+00   1.156607e-15   1.357041e-03   6.492343e-17   336
  2.637897e+00   9.656584e-16   1.425837e-03   5.402809e-17   414
  2.643588e+00   1.195086e-15   1.484211e-03   8.245410e-17   216
  2.650879e+00   1.248228e-15   3.596531e-08   1.284154e-16   96
  2.653856e+00   9.349559e-16   8.809666e-08   4.754002e-17   384
  2.664284e+00   1.010952e-15   1.481344e-03   4.934695e-17   492
  2.669873e+00   8.674207e-16   1.448627e-03   5.237818e-17   240
  2.676189e+00   8.184855e-16   1.470864e-03   4.477988e-17   312
  2.684913e+00   8.139034e-16   1.470380e-03   5.889058e-17   192
  2.690439e+00   9.410516e-16   1.424976e-03   4.521123e-17   504
  2.697770e+00   9.340765e-16   9.433586e-04   5.376065e-17   408
  2.703542e+00   9.743837e-16   2.890096e-03   7.865835e-17   168
  2.710765e+00   9.188057e-16   1.372821e-03   5.955563e-17   288
  2.716826e+00   8.390282e-16   1.432656e-03   5.679355e-17   288
  2.723035e+00   8.443326e-16   1.440903e-03   4.211157e-17   432
  2.732042e+00   9.566964e-16   1.362614e-03   6.304832e-17   216
  2.736854e+00   8.550335e-16   1.359739e-03   4.368602e-17   360
  2.745421e+00   9.370285e-16   1.327092e-03   5.417664e-17   312
  2.753154e+00   1.105358e-15   0.000000e+00   1.794723e-16   48
  2.757611e+00   8.259573e-16   1.422834e-03   4.156993e-17   432
  2.765594e+00   7.686842e-16   2.373302e-03   3.738137e-17   414
  2.770308e+00   8.081717e-16   5.421333e-08   4.773828e-17   312
  2.779102e+00   8.756803e-16   2.082441e-03   4.170328e-17   528
  2.785037e+00   8.946109e-16   1.093105e-03   6.384850e-17   264
  2.792167e+00   8.076763e-16   1.296122e-03   4.248846e-17   480
  2.801483e+00   8.170199e-16   0.000000e+00   4.594897e-17   288
  2.805506e+00   8.346142e-16   1.392643e-03   7.258032e-17   168
  2.812867e+00   8.407131e-16   2.204550e-03   3.715144e-17   504
  2.821143e+00   1.018621e-15   3.390842e-08   8.030661e-17   144
  2.826350e+00   7.157739e-16   1.415850e-03   3.394723e-17   464
  2.834173e+00   6.539969e-16   2.077839e-03   3.183165e-17   432
  2.837886e+00   8.655087e-16   3.596531e-08   6.036285e-17   192
  2.847481e+00   6.835353e-16   1.540373e-03   3.099673e-17   396
  2.853147e+00   7.292295e-16   1.383680e-03   4.466308e-17   288
  2.858874e+00   7.202003e-16   1.366839e-03   4.124257e-17   336
  2.868021e+00   6.928802e-16   8.655099e-04   3.327941e-17   432
  2.873827e+00   7.612790e-16   2.243281e-03   4.048694e-17   360
  2.880345e+00   7.249901e-16   1.326934e-03   3.385569e-17   384
  2.889603e+00   6.215968e-16   1.171274e-03   4.578112e-17   198
  2.894063e+00   7.191571e-16   1.331357e-03   3.006549e-17   552
  2.902381e+00   6.485243e-16   1.863809e-03   4.078535e-17   432
  2.909325e+00   7.613489e-16   7.119285e-08   5.890978e-17   168
  2.915153e+00   7.589226e-16   2.310442e-03   3.722378e-17   480
  2.922863e+00   5.349045e-16   0.000000e+00   5.009977e-17   120
  2.926334e+00   6.722062e-16   1.887069e-03   4.382216e-17   336
  2.934802e+00   6.862209e-16   1.331298e-03   2.690373e-17   672
  2.943175e+00   7.248577e-16   1.936554e-03   3.314236e-17   528
  2.947075e+00   5.909326e-16   5.812872e-08   3.876691e-17   168
  2.956085e+00   6.781921e-16   2.160213e-03   3.146672e-17   456
  2.961583e+00   7.911781e-16   1.319260e-03   8.700210e-17   168
  2.967291e+00   6.788165e-16   1.316892e-03   3.525264e-17   504
  2.976778e+00   5.893698e-16   1.694638e-03   3.620361e-17   336
  2.982515e+00   7.252126e-16   1.221633e-03   4.137471e-17   312
  2.988879e+00   6.656964e-16   1.193619e-03   3.323853e-17   504
  2.997254e+00   6.142810e-16   8.281656e-04   2.741832e-17   432
  3.001192e+00   5.432982e-16   1.279790e-03   3.065075e-17   312
  3.009377e+00   5.756079e-16   1.311847e-03   2.811406e-17   384
  3.017923e+00   6.932359e-16   1.114566e-03   7.223145e-17   126
  3.023199e+00   6.148781e-16   1.956913e-03   2.974396e-17   492
  3.029938e+00   6.532702e-16   1.253405e-03   3.087057e-17   528
  3.038360e+00   5.862189e-16   1.273190e-03   2.800642e-17   480
  3.043581e+00   6.780315e-16   1.758905e-03   3.575424e-17   432
  3.051137e+00   6.596822e-16   1.383146e-03   3.284864e-17   440
  3.059913e+00   6.172790e-16   6.878330e-04   3.582738e-17   312
  3.063206e+00   6.053706e-16   1.030775e-03   3.913446e-17   480
  3.069960e+00   5.920581e-16   2.018238e-03   3.403739e-17   408
  3.079829e+00   6.322883e-16   1.208696e-03   3.425594e-17   360
  3.083998e+00   5.535428e-16   1.166348e-03   2.920118e-17   408
  3.091725e+00   5.088036e-16   1.186907e-03   2.476207e-17   456
  3.100425e+00   6.045099e-16   1.134390e-03   3.618120e-17   264
  3.105254e+00   5.600662e-16   1.231098e-03   3.332724e-17   384
  3.112283e+00   5.548142e-16   2.072640e-03   2.424055e-17   672
  3.120409e+00   5.843822e-16   1.239707e-03   4.537088e-17   240
  3.125099e+00   5.343713e-16   1.257992e-03   3.030911e-17   264
  3.131717e+00   4.355106e-16   1.551526e-03   1.929678e-17   624
  3.141593e+00   5.094241e-16   0.000000e+00   4.377361e-17   150
  3.145109e+00   6.076051e-16   1.738607e-03   2.893612e-17   600
  3.152524e+00   5.014593e-16   1.199942e-03   2.236829e-17   672
  3.160921e+00   5.180778e-16   1.128630e-03   3.339849e-17   336
  3.165599e+00   5.908365e-16   1.227621e-03   3.390548e-17   408
  3.173072e+00   5.245905e-16   1.224729e-03   3.121327e-17   408
  3.181385e+00   4.887796e-16   6.192886e-04   2.697481e-17   360
  3.186510e+00   5.528376e-16   2.273829e-03   2.973884e-17   456
  3.192699e+00   4.860343e-16   1.236522e-03   2.565129e-17   384
  3.200577e+00   5.002071e-16   1.141466e-03   2.452995e-17   348
  3.204835e+00   5.296828e-16   1.407202e-03   2.520346e-17   576
  3.212832e+00   4.869070e-16   1.158646e-03   2.267633e-17   504
  3.221013e+00   4.834550e-16   1.634203e-03   2.534859e-17   432
  3.228154e+00   4.413479e-16   2.223325e-03   1.795258e-17   576
  3.233247e+00   4.551954e-16   0.000000e+00   2.933760e-17   264
  3.241325e+00   4.732105e-16   1.769212e-03   1.769627e-17   768
  3.248351e+00   4.672184e-16   2.381921e-03   3.216731e-17   240
  3.253937e+00   4.379556e-16   2.100629e-03   3.750176e-17   192
  3.262073e+00   4.278071e-16   1.546319e-03   1.865430e-17   504
  3.268108e+00   4.559264e-16   2.083724e-03   2.388286e-17   590
  3.273894e+00   4.614759e-16   2.334698e-03   2.642399e-17   384
  3.281151e+00   4.477449e-16   1.951120e-03   2.286116e-17   504
  3.289911e+00   5.087829e-16   1.877651e-03   2.156846e-17   648
  3.298409e+00   4.374515e-16   5.099453e-04   2.195610e-17   504
  3.301835e+00   4.471996e-16   1.163281e-03   2.432660e-17   312
  3.307884e+00   4.421266e-16   1.676002e-03   1.942216e-17   576
  3.316189e+00   4.656626e-16   1.166339e-03   3.629359e-17   240
  3.321030e+00   4.069244e-16   1.178530e-03   1.847423e-17   552
  3.327882e+00   4.773011e-16   1.106612e-03   2.394308e-17   600
  3.337643e+00   4.246332e-16   1.351639e-03   1.875666e-17   600
  3.343511e+00   4.346300e-16   2.164544e-03   2.658927e-17   312
  3.349356e+00   4.651216e-16   1.885103e-03   2.294464e-17   480
  3.356656e+00   4.340632e-16   1.176123e-03   2.145664e-17   576
  3.363084e+00   4.789373e-16   1.893814e-03   3.083166e-17   408
  3.368787e+00   3.272041e-16   2.209222e-03   1.980868e-17   216
  3.376156e+00   3.734511e-16   1.692015e-03   1.882074e-17   516
  3.384050e+00   4.245797e-16   1.614354e-03   1.748753e-17   744
  3.392194e+00   4.188015e-16   1.078246e-03   2.097654e-17   462
  3.396796e+00   4.099410e-16   1.095881e-03   2.266089e-17   432
  3.403934e+00   4.516186e-16   1.016670e-03   1.843824e-17   648
  3.412327e+00   4.310308e-16   1.487578e-03   2.177742e-17   528
  3.419069e+00   3.727132e-16   1.791415e-03   1.620587e-17   600
  3.425805e+00   4.805913e-16   2.258506e-03   4.865074e-17   240
  3.432329e+00   3.769260e-16   1.729994e-03   1.552277e-17   720
  3.439912e+00   4.132568e-16   1.368738e-03   1.627348e-17   720
  3.448318e+00   2.605360e-16   0.000000e+00   1.873252e-17   144
  3.452742e+00   3.824367e-16   1.764713e-03   1.513466e-17   720
  3.459035e+00   4.431338e-16   1.058157e-03   2.411600e-17   384
  3.466913e+00   3.689558e-16   1.173023e-03   1.563207e-17   672
  3.474387e+00   4.225372e-16   2.053834e-03   2.746572e-17   336
  3.477957e+00   4.323233e-16   0.000000e+00   3.178111e-17   288
  3.486699e+00   3.415721e-16   1.625472e-03   1.315717e-17   776
  3.494792e+00   3.651602e-16   1.390838e-03   1.446970e-17   720
  3.501588e+00   3.436398e-16   1.120422e-03   1.818111e-17   432
  3.507024e+00   3.934660e-16   1.597303e-03   2.680909e-17   504
  3.513071e+00   3.355919e-16   1.119137e-03   1.656257e-17   528
  3.521533e+00   3.595824e-16   1.524759e-03   1.896615e-17   438
  3.528495e+00   3.527268e-16   1.774680e-03   1.745739e-17   624
  3.533741e+00   3.891023e-16   2.173744e-03   2.360452e-17   312
  3.540952e+00   4.038353e-16   1.171159e-03   1.601455e-17   696
  3.548410e+00   3.593282e-16   1.059686e-03   1.814069e-17   552
  3.556166e+00   3.261184e-16   8.198436e-04   1.544541e-17   516
  3.560964e+00   3.763441e-16   1.637576e-03   1.986001e-17   528
  3.566805e+00   2.838318e-16   1.064960e-03   1.370758e-17   528
  3.575102e+00   3.462928e-16   1.404467e-03   1.454348e-17   864
  3.580734e+00   3.189797e-16   1.923830e-03   1.824989e-17   408
  3.586372e+00   3.972850e-16   1.906039e-03   2.620442e-17   192
  3.594362e+00   3.199853e-16   1.577339e-03   1.329014e-17   720
  3.601108e+00   2.933159e-16   1.454384e-03   1.192569e-17   696
  3.609123e+00   3.301256e-16   1.570748e-03   1.306069e-17   720
  3.616456e+00   3.122646e-16   2.128961e-03   1.625080e-17   432
  3.620733e+00   2.714979e-16   1.253189e-03   1.810223e-17   264
  3.628427e+00   3.175966e-16   1.730599e-03   1.315680e-17   672
  3.635310e+00   3.272779e-16   1.771868e-03   1.474951e-17   600
  3.643477e+00   2.574551e-16   1.037427e-03   1.701130e-17   270
  3.647594e+00   3.077105e-16   1.561617e-03   1.590384e-17   528
  3.654138e+00   3.555280e-16   1.069340e-03   1.396476e-17   840
  3.663112e+00   3.506504e-16   2.044769e-03   1.395923e-17   888
  3.671403e+00   2.934354e-16   1.523504e-03   1.158901e-17   744
  3.678411e+00   3.492797e-16   7.828584e-04   1.863822e-17   456
  3.681896e+00   3.748832e-16   1.069824e-03   1.925207e-17   360
  3.687860e+00   2.836657e-16   9.269427e-04   1.692938e-17   384
  3.697011e+00   3.104638e-16   1.486807e-03   1.156219e-17   816
  3.703877e+00   3.133818e-16   2.157150e-03   1.137779e-17   824
  3.712223e+00   2.920892e-16   1.002746e-03   1.845823e-17   360
  3.716692e+00   3.550237e-16   1.479676e-03   1.527474e-17   624
  3.722842e+00   2.963962e-16   9.998850e-04   1.710860e-17   360
  3.731036e+00   2.904783e-16   1.360137e-03   1.133629e-17   876
  3.738436e+00   2.771428e-16   1.615436e-03   1.266422e-17   696
  3.745899e+00   2.873324e-16   1.043143e-03   1.734340e-17   336
  3.749811e+00   3.377578e-16   1.041971e-03   2.002173e-17   504
  3.756273e+00   2.798161e-16   1.051000e-03   1.398319e-17   672
  3.765859e+00   2.545972e-16   2.092296e-03   1.009671e-17   720
  3.772508e+00   2.721056e-16   1.580506e-03   1.190661e-17   774
  3.779846e+00   3.423210e-16   9.046409e-04   2.357902e-17   384
  3.783690e+00   3.276734e-16   1.740917e-03   1.844209e-17   528
  3.789655e+00   3.004370e-16   1.659191e-03   1.254487e-17   744
  3.799249e+00   3.268099e-16   1.368481e-03   1.434305e-17   768
  3.805620e+00   2.883814e-16   1.536223e-03   1.538727e-17   552
  3.813568e+00   2.544004e-16   1.674309e-03   1.062107e-17   696
  3.819481e+00   3.244772e-16   2.034577e-03   1.935376e-17   408
  3.824174e+00   2.999838e-16   8.789532e-04   1.519259e-17   504
  3.831615e+00   2.672836e-16   1.579007e-03   1.144462e-17   888
  3.838937e+00   2.524248e-16   1.641044e-03   1.240076e-17   648
  3.846547e+00   2.528466e-16   1.626978e-03   1.102703e-17   648
  3.853707e+00   2.594902e-16   1.754281e-03   1.087268e-17   792
  3.861291e+00   2.366703e-16   2.566633e-03   1.096829e-17   600
  3.866880e+00   2.217166e-16   1.739428e-03   1.127371e-17   456
  3.872762e+00   2.650251e-16   8.477229e-04   1.192943e-17   648
  3.880317e+00   2.365326e-16   1.653183e-03   8.617983e-18   936
  3.888474e+00   2.889746e-16   1.015268e-03   1.516951e-17   384
  3.895575e+00   2.127869e-18   0.000000e+00   1.715265e-19   198
  3.901055e+00   2.169675e-18   2.575821e-03   7.582470e-20   1224
  3.906966e+00   1.833871e-18   1.875990e-03   1.141300e-19   420
  3.913957e+00   2.114043e-18   1.815566e-03   9.610118e-20   792
  3.920793e+00   2.171739e-18   1.501318e-03   9.621364e-20   680
  3.928594e+00   2.033196e-18   1.378581e-03   1.012570e-19   600
  3.934870e+00   2.105431e-18   1.999321e-03   8.501585e-20   840
  3.943251e+00   2.304217e-18   9.439865e-04   1.387102e-19   432
  3.946454e+00   1.875540e-18   8.846397e-04   8.917949e-20   720
  3.953417e+00   1.692724e-18   1.771778e-03   6.346875e-20   960
  3.962077e+00   1.957205e-18   1.579411e-03   1.061397e-19   528
  3.968405e+00   1.514845e-18   1.614459e-03   7.452759e-20   624
  3.975938e+00   1.563183e-18   1.268954e-03   6.673576e-20   816
  3.983415e+00   1.386857e-18   2.086821e-03   6.106675e-20   696
  3.991678e+00   1.603843e-18   1.150890e-07   1.258303e-19   240
  3.994784e+00   1.660996e-18   1.230648e-03   7.120889e-20   672
  4.001719e+00   1.370151e-18   2.199344e-03   5.239833e-20   864
  4.009498e+00   1.601188e-18   1.687640e-03   6.471358e-20   816
  4.016509e+00   1.436871e-18   9.659469e-04   6.323652e-20   648
  4.024060e+00   1.411854e-18   9.873737e-04   5.614907e-20   843
  4.030471e+00   1.371861e-18   1.776528e-03   6.141736e-20   780
  4.038111e+00   1.696533e-18   9.532520e-04   1.311737e-19   216
  4.042823e+00   1.234788e-18   2.298663e-03   4.263110e-20   1056
  4.050071e+00   1.546281e-18   1.880564e-03   1.087142e-19   228
  4.056781e+00   1.169069e-18   2.341349e-03   4.161110e-20   924
  4.063670e+00   1.098540e-18   8.685094e-04   4.640750e-20   696
  4.070964e+00   1.165381e-18   1.545698e-03   4.274101e-20   996
  4.078428e+00   1.189618e-18   9.125493e-04   5.194194e-20   576
  4.086192e+00   1.221456e-18   1.408459e-03   6.041707e-20   552
  4.091852e+00   1.172536e-18   1.681651e-03   6.002186e-20   516
  4.097596e+00   1.143469e-18   2.445470e-03   4.572976e-20   744
  4.104159e+00   1.347546e-18   1.199649e-03   7.198557e-20   576
  4.109868e+00   1.013331e-18   1.234742e-03   3.799134e-20   792
  4.117982e+00   9.922180e-19   1.411539e-03   3.907214e-20   792
  4.123927e+00   1.095550e-18   1.522330e-03   4.865431e-20   720
  4.131968e+00   9.444519e-19   1.735107e-03   3.959648e-20   656
  4.139503e+00   9.335827e-19   1.894646e-03   3.693943e-20   816
  4.147227e+00   9.301921e-19   1.021561e-03   4.534106e-20   492
  4.151618e+00   9.600243e-19   1.469588e-03   4.187556e-20   552
  4.159858e+00   9.727107e-19   2.555435e-03   4.217001e-20   780
  4.165209e+00   8.917070e-19   1.569773e-03   4.357971e-20   528
  4.170975e+00   8.481575e-19   1.832403e-03   3.180459e-20   600
  4.179472e+00   8.360350e-19   1.522872e-03   2.736715e-20   900
  4.185329e+00   8.846296e-19   8.430879e-04   3.511692e-20   696
  4.193388e+00   9.464706e-19   2.131780e-03   3.568107e-20   696
  4.201183e+00   9.348525e-19   8.648430e-04   4.131019e-20   552
  4.207739e+00   6.946887e-19   1.005732e-03   2.803563e-20   708
  4.214606e+00   8.505248e-19   1.660522e-03   3.520324e-20   876
  4.221752e+00   6.676186e-19   8.817041e-04   4.900967e-20   216
  4.226547e+00   7.247325e-19   2.411580e-03   2.378402e-20   1032
  4.233729e+00   7.969668e-19   2.685028e-03   3.481446e-20   600
  4.241182e+00   8.228751e-19   1.281196e-03   3.237264e-20   600
  4.246868e+00   7.078434e-19   2.262472e-03   3.758762e-20   528
  4.253589e+00   7.320021e-19   1.241998e-03   2.549844e-20   732
  4.260669e+00   5.912347e-19   9.171027e-04   2.856326e-20   336
  4.268820e+00   7.345518e-19   1.307053e-03   2.479379e-20   912
  4.274911e+00   6.820019e-19   1.311885e-03   2.647455e-20   624
  4.281565e+00   6.621246e-19   1.105498e-03   2.634101e-20   768
  4.289333e+00   7.431844e-19   1.994537e-03   2.989538e-20   792
  4.296957e+00   6.551827e-19   9.888090e-04   2.763720e-20   660
  4.302382e+00   6.378594e-19   1.457169e-03   3.012569e-20   504
  4.307992e+00   6.888098e-19   2.380735e-03   3.423978e-20   480
  4.316401e+00   5.390799e-19   2.201870e-03   1.909137e-20   912
  4.322985e+00   7.125929e-19   2.452123e-03   3.836975e-20   432
  4.329203e+00   5.806300e-19   1.456013e-03   2.761844e-20   564
  4.334724e+00   6.304183e-19   1.393605e-03   2.545600e-20   600
  4.342496e+00   5.970848e-19   1.942553e-03   2.005881e-20   876
  4.348334e+00   6.347692e-19   8.734307e-04   3.652607e-20   264
  4.356382e+00   6.629538e-19   1.694799e-03   2.959319e-20   560
  4.362850e+00   5.768163e-19   1.151652e-03   1.957275e-20   840
  4.370702e+00   5.891899e-19   1.775516e-03   2.108117e-20   1008
  4.377963e+00   6.832074e-19   7.942467e-04   3.090711e-20   456
  4.384595e+00   6.523067e-19   1.028834e-03   2.757963e-20   576
  4.390725e+00   6.030906e-19   1.580913e-03   2.605687e-20   612
  4.398809e+00   5.468142e-19   1.412012e-03   2.093999e-20   780
  4.405404e+00   5.631861e-19   1.618102e-03   2.289210e-20   648
  4.412155e+00   6.116089e-19   7.540562e-04   3.741180e-20   312
  4.416470e+00   5.623980e-19   1.915933e-03   2.717983e-20   528
  4.423945e+00   5.123053e-19   2.502113e-03   2.000329e-20   720
  4.431093e+00   5.060454e-19   2.509948e-03   2.136540e-20   576
  4.439759e+00   5.165865e-19   2.165154e-03   2.220557e-20   444
  4.445151e+00   5.379564e-19   2.123318e-03   1.714279e-20   996
  4.451759e+00   4.736242e-19   1.773610e-03   2.479505e-20   432
  4.458005e+00   5.231621e-19   1.941754e-03   2.445268e-20   504
  4.463400e+00   5.952919e-19   8.754449e-04   2.541148e-20   504
  4.471082e+00   5.440726e-19   1.722886e-03   2.086324e-20   876
  4.478033e+00   4.921388e-19   1.982878e-03   2.305876e-20   504
  4.485271e+00   4.471364e-19   1.264576e-03   1.672162e-20   696
  4.491253e+00   5.468543e-19   1.081079e-03   2.597023e-20   492
  4.499392e+00   4.609643e-19   1.547618e-03   2.227053e-20   432
  4.505420e+00   4.907990e-19   1.449174e-03   1.737607e-20   768
  4.512567e+00   4.499286e-19   1.805141e-03   2.068666e-20   648
  4.519390e+00   4.347649e-19   1.177661e-03   2.060074e-20   456
  4.527231e+00   4.337061e-19   1.619475e-03   1.827503e-20   552
  4.532676e+00   4.539919e-19   1.109989e-03   2.057280e-20   648
  4.540170e+00   4.290738e-19   1.809220e-03   1.498143e-20   840
  4.547491e+00   5.075460e-19   8.627791e-04   2.577079e-20   432
  4.554820e+00   4.128605e-19   1.056757e-03   1.674063e-20   600
  4.559917e+00   4.802400e-19   1.125905e-03   2.716823e-20   432
  4.568479e+00   4.290215e-19   1.120948e-03   2.047770e-20   560
  4.574277e+00   4.393437e-19   1.774344e-03   1.656759e-20   840
  4.581537e+00   4.917619e-19   1.050970e-03   2.203186e-20   504
  4.587303e+00   3.970458e-19   2.144966e-03   1.646066e-20   696
  4.595432e+00   4.616543e-19   1.171504e-03   2.369217e-20   384
  4.601763e+00   3.850876e-19   1.716116e-03   1.704604e-20   576
  4.609420e+00   3.868946e-19   1.059101e-03   2.387818e-20   360
  4.615593e+00   3.946694e-19   1.577258e-03   1.617282e-20   828
  4.622251e+00   3.859669e-19   1.404841e-03   1.941407e-20   372
  4.628352e+00   4.252679e-19   2.145462e-03   1.946391e-20   576
  4.636434e+00   4.213050e-19   8.985170e-04   1.740642e-20   636
  4.642192e+00   3.740981e-19   1.732109e-03   1.552615e-20   648
  4.649981e+00   4.124423e-19   1.408015e-03   1.881738e-20   576
  4.655573e+00   3.755208e-19   2.271277e-03   1.827869e-20   528
  4.663010e+00   3.650606e-19   9.710647e-04   1.963386e-20   360
  4.669165e+00   3.371474e-19   2.233813e-03   1.327375e-20   672
  4.677203e+00   3.557585e-19   1.144196e-03   1.340342e-20   804
  4.683893e+00   4.086308e-19   1.262185e-03   2.151067e-20   408
  4.691293e+00   3.246237e-19   7.801673e-04   1.559619e-20   384
  4.696276e+00   3.344235e-19   1.785323e-03   1.775767e-20   480
  4.703304e+00   3.664475e-19   1.153580e-03   1.697617e-20   432
  4.710045e+00   4.045647e-19   2.125802e-03   1.625663e-20   648
  4.718024e+00   3.650331e-19   1.319050e-03   1.687154e-20   624
  4.723861e+00   3.661804e-19   1.199787e-03   1.973599e-20   456
  4.731831e+00   3.201546e-19   1.639016e-03   1.635718e-20   588
  4.737172e+00   3.044596e-19   1.045685e-03   1.368174e-20   600
  4.744970e+00   3.192212e-19   1.631013e-03   1.243612e-20   708
  4.751130e+00   3.031892e-19   1.027507e-03   1.780745e-20   360
  4.757936e+00   3.434283e-19   1.181146e-03   1.652228e-20   552
  4.764461e+00   3.144315e-19   8.286020e-04   2.283045e-20   288
  4.771085e+00   2.827135e-19   1.557998e-03   1.242706e-20   528
  4.777309e+00   2.971213e-19   1.051098e-03   1.365870e-20   456
  4.784262e+00   3.217385e-19   1.863824e-03   1.418326e-20   608
  4.791256e+00   2.757492e-19   9.017389e-04   1.335144e-20   504
  4.798898e+00   2.748806e-19   1.935982e-03   1.425906e-20   540
  4.804891e+00   3.370666e-19   2.078222e-03   2.017323e-20   360
  4.811350e+00   3.459942e-19   9.411255e-04   1.547511e-20   540
  4.817063e+00   3.076229e-19   8.080679e-04   1.460366e-20   576
  4.825371e+00   2.900216e-19   1.873635e-03   1.222159e-20   588
  4.833270e+00   3.030566e-19   2.585051e-03   1.302360e-20   672
  4.840056e+00   3.158006e-19   1.975777e-03   1.522769e-20   552
  4.845526e+00   2.155919e-19   1.976776e-03   1.858374e-20   144
  4.852507e+00   2.964545e-19   1.679474e-03   1.314026e-20   600
  4.859125e+00   2.583627e-19   2.104747e-03   1.326032e-20   504
  4.866470e+00   2.900345e-19   2.162000e-03   2.015865e-20   336
  4.874196e+00   2.656845e-19   2.430098e-03   1.113043e-20   600
  4.881116e+00   2.580706e-19   1.568306e-03   1.197172e-20   636
  4.888585e+00   2.847755e-19   1.260932e-03   2.020131e-20   384
  4.893821e+00   2.828977e-19   1.758851e-03   1.673383e-20   504
  4.901368e+00   2.808854e-19   7.381651e-04   1.899805e-20   240
  4.907324e+00   2.829351e-19   1.734055e-03   1.074612e-20   744
  4.914470e+00   2.424781e-19   1.184096e-03   1.131241e-20   648
  4.920821e+00   4.041880e-19   7.860381e-04   3.308002e-20   120
  4.928265e+00   2.405322e-19   1.234764e-03   1.028928e-20   564
  4.933890e+00   2.962989e-19   1.939271e-03   1.562304e-20   432
  4.941396e+00   2.317441e-19   1.505258e-03   1.441428e-20   480
  4.947049e+00   2.015749e-19   1.107908e-03   1.158815e-20   456
  4.953721e+00   2.436250e-19   1.833424e-03   1.359407e-20   444
  4.961293e+00   2.368013e-19   2.805235e-03   1.124466e-20   528
  4.967944e+00   2.522971e-19   2.083390e-03   2.031523e-20   264
  4.974399e+00   2.315713e-19   2.135165e-03   1.241781e-20   444
  4.983082e+00   2.435725e-19   2.338759e-03   1.042626e-20   696
  4.990289e+00   2.468067e-19   1.250847e-03   1.327614e-20   384
  4.995560e+00   2.498011e-19   1.580550e-03   1.313209e-20   432
  5.003759e+00   3.006443e-19   1.092086e-03   1.927057e-20   488
  5.009082e+00   2.661026e-19   1.645909e-03   1.217773e-20   480
  5.016800e+00   2.248130e-19   1.835529e-03   1.283221e-20   480
  5.022777e+00   2.019158e-19   7.701318e-04   1.237726e-20   240
  5.029563e+00   2.361056e-19   1.798967e-03   1.131223e-20   600
  5.035964e+00   2.126680e-19   1.567616e-03   1.408594e-20   288
  5.042780e+00   2.319297e-19   1.507931e-03   1.320105e-20   480
  5.049682e+00   1.829376e-19   2.682341e-03   9.842761e-21   504
  5.056479e+00   2.653892e-19   1.150891e-03   1.796305e-20   216
  5.065146e+00   2.430274e-19   1.884192e-03   1.433478e-20   504
  5.071897e+00   2.059782e-19   1.515464e-03   1.199975e-20   456
  5.079286e+00   2.831967e-19   8.691442e-04   1.754310e-20   384
  5.084180e+00   2.697999e-19   1.764049e-03   1.496759e-20   480
  5.091134e+00   1.875284e-19   1.549032e-03   1.093995e-20   504
  5.097578e+00   2.287766e-19   9.826093e-04   1.610702e-20   312
  5.104521e+00   2.215172e-19   1.583441e-03   1.296399e-20   492
  5.110667e+00   2.330852e-19   1.484108e-03   1.360555e-20   312
  5.118579e+00   1.861764e-19   2.410815e-03   8.160062e-21   576
  5.125543e+00   2.437569e-19   2.225378e-03   1.833004e-20   336
  5.131328e+00   1.480922e-19   1.713438e-03   1.035738e-20   240
  5.139346e+00   1.952355e-19   2.271584e-03   1.046718e-20   468
  5.146270e+00   1.845552e-19   1.422340e-03   1.897778e-20   192
  5.153517e+00   1.582816e-19   1.426580e-03   1.075754e-20   324
  5.158828e+00   1.871809e-19   1.035388e-03   9.736561e-21   600
  5.166066e+00   1.906078e-19   1.679811e-03   1.020032e-20   456
  5.171442e+00   2.127473e-19   7.555789e-04   1.396570e-20   336
  5.180350e+00   1.947883e-19   2.262417e-03   9.582024e-21   612
  5.186832e+00   1.331693e-19   1.898719e-03   1.828270e-20   144
  5.192961e+00   2.071594e-19   2.216292e-03   1.115397e-20   552
  5.201296e+00   1.332388e-19   8.728032e-04   7.977317e-21   264
  5.206006e+00   1.734471e-19   2.020762e-03   1.188303e-20   336
  5.213435e+00   1.602731e-19   1.335250e-03   9.157581e-21   384
  5.219878e+00   1.607802e-19   7.516140e-04   1.450117e-20   216
  5.227010e+00   1.393683e-19   1.593577e-03   9.219319e-21   344
  5.233513e+00   1.345645e-19   2.377692e-03   8.105608e-21   408
  5.241438e+00   1.617945e-19   1.827101e-03   1.459239e-20   264
  5.248460e+00   1.609474e-19   2.547069e-03   8.087162e-21   612
  5.255476e+00   1.954045e-19   1.310917e-03   1.225855e-20   408
  5.262692e+00   1.512515e-19   1.312801e-03   1.093293e-20   444
  5.267993e+00   2.687903e-19   7.342396e-04   2.413964e-20   120
  5.275096e+00   1.783230e-19   2.028570e-03   1.272969e-20   336
  5.280368e+00   1.457937e-19   7.049199e-04   1.030542e-20   288
  5.287493e+00   1.500126e-19   2.193723e-03   7.711596e-21   552
  5.297288e+00   1.701034e-19   0.000000e+00   2.304858e-20   72
  5.302324e+00   1.478024e-19   2.178926e-03   8.194163e-21   504
  5.308207e+00   9.422222e-20   7.011571e-04   8.636812e-21   216
  5.315829e+00   1.343591e-19   1.251868e-03   9.791278e-21   312
  5.322672e+00   1.046691e-19   1.425448e-03   6.646010e-21   336
  5.329194e+00   1.284990e-19   1.975831e-03   1.119817e-20   204
  5.335689e+00   2.110173e-19   2.296216e-03   1.356955e-20   504
  5.342577e+00   1.938848e-19   2.186657e-03   1.207164e-20   396
  5.349201e+00   1.508032e-19   2.005279e-03   1.081897e-20   312
  5.357232e+00   2.131070e-19   1.225440e-03   1.881094e-20   216
  5.362890e+00   1.392298e-19   6.650698e-04   1.401588e-20   168
  5.369766e+00   1.431046e-19   1.679338e-03   7.666839e-21   588
  5.377613e+00   1.044411e-19   2.279505e-03   8.975231e-21   240
  5.383710e+00   1.060420e-19   2.013185e-03   9.658933e-21   264
  5.390860e+00   1.356192e-19   2.489717e-03   1.192196e-20   288
  5.397204e+00   1.448545e-19   1.243261e-03   1.225810e-20   288
  5.405244e+00   1.069685e-19   1.167620e-03   8.383441e-21   288
  5.410658e+00   1.241925e-19   1.352591e-03   9.413056e-21   192
  5.417469e+00   9.352802e-20   1.439292e-03   7.153299e-21   264
  5.423957e+00   2.105155e-19   2.367436e-03   1.439122e-20   372
  5.430940e+00   1.990896e-19   2.556933e-03   1.886021e-20   360
  5.439463e+00   1.811292e-19   1.082118e-03   2.541799e-20   144
  5.443868e+00   1.017718e-19   1.503015e-03   9.931968e-21   296
  5.450821e+00   1.185402e-19   1.619421e-03   1.099148e-20   288
  5.458782e+00   1.214601e-19   2.420184e-03   7.692911e-21   480
  5.465649e+00   1.175030e-19   2.010942e-03   1.994365e-20   192
  5.472326e+00   1.441484e-19   2.157009e-03   1.246847e-20   192
  5.478395e+00   9.828702e-20   1.374687e-03   7.780580e-21   288
  5.486835e+00   5.431078e-20   1.196646e-03   6.332394e-21   108
  5.491087e+00   1.081529e-19   1.150429e-03   9.930509e-21   240
  5.498595e+00   8.584122e-20   2.146152e-03   6.754078e-21   384
  5.506307e+00   1.311430e-19   2.618062e-03   1.402264e-20   108
  5.513127e+00   1.568332e-19   1.535018e-03   1.199465e-20   348
  5.520298e+00   9.573817e-20   1.602006e-03   1.093717e-20   312
  5.526703e+00   1.053950e-19   1.556684e-03   2.120264e-20   96
  5.532593e+00   1.112366e-19   2.072444e-03   8.579873e-21   384
  5.539190e+00   1.096767e-19   1.425422e-03   9.692792e-21   144
  5.545642e+00   1.168345e-19   2.190224e-03   8.667205e-21   408
  5.553663e+00   6.773707e-20   9.769946e-04   9.652992e-21   144
  5.561240e+00   1.143090e-19   1.878283e-03   1.293441e-20   192
  5.565734e+00   1.345279e-19   2.114042e-03   1.413690e-20   144
  5.573059e+00   7.575084e-20   1.718794e-03   7.242963e-21   144
  5.579969e+00   1.145854e-19   2.100644e-03   1.045868e-20   336
  5.588433e+00   5.593801e-20   1.554210e-03   3.945383e-21   240
  5.593800e+00   9.131243e-20   7.057532e-04   1.281199e-20   96
  5.601284e+00   1.181213e-19   2.069634e-03   9.632341e-21   372
  5.608856e+00   9.419464e-20   2.461786e-03   1.555847e-20   132
  5.615507e+00   6.420421e-20   1.523323e-03   4.733414e-21   264
  5.621457e+00   1.524278e-19   1.169843e-03   1.907437e-20   168
  5.627807e+00   1.039546e-19   1.870354e-03   8.499716e-21   216
  5.633417e+00   7.419140e-20   1.144306e-03   1.007086e-20   216
  5.641586e+00   4.098276e-20   2.099325e-03   4.738846e-21   96
  5.648999e+00   1.137612e-19   1.369618e-03   1.360988e-20   120
  5.655797e+00   7.547119e-20   1.741170e-03   7.849496e-21   216
  5.661397e+00   6.138668e-20   7.608972e-04   6.016610e-21   200
  5.668812e+00   8.581969e-20   1.969636e-03   1.144506e-20   288
  5.678322e+00   3.140947e-20   5.182495e-04   2.278231e-21   144
  5.682326e+00   8.811929e-20   1.612761e-03   1.508434e-20   168
  5.690504e+00   7.992768e-20   1.815012e-03   1.203627e-20   159
  5.696887e+00   5.694183e-20   1.904384e-03   4.271758e-21   174
  5.703065e+00   4.946917e-20   1.726829e-03   4.462742e-21   144
  5.711154e+00   8.124915e-20   9.971188e-04   7.588092e-21   222
  5.716564e+00   6.411706e-20   1.006181e-03   7.589262e-21   168
  5.725909e+00   8.705620e-20   2.206942e-03   1.772922e-20   30
  5.729769e+00   2.331857e-20   1.948567e-03   3.068206e-21   72
  5.737039e+00   6.453399e-20   1.739073e-03   6.789065e-21   258
  5.745032e+00   5.271920e-20   1.089226e-03   4.082504e-21   264
  5.749029e+00   6.138411e-20   1.174622e-07   9.876709e-21   72
  5.757357e+00   3.533824e-20   2.158892e-03   4.109428e-21   174
  5.764898e+00   6.912508e-20   2.298822e-03   9.692503e-21   168
  5.770961e+00   1.947236e-20   7.193062e-08   2.699817e-21   48
  5.777470e+00   3.604367e-20   1.298199e-03   4.479409e-21   150
  5.785016e+00   8.101164e-20   2.388130e-03   7.397627e-21   168
  5.792583e+00   3.967352e-20   1.454738e-03   4.272504e-21   144
  5.799541e+00   5.731761e-20   1.359056e-03   1.037830e-20   102
  5.804724e+00   2.179140e-20   2.011636e-03   1.915658e-21   96
  5.812948e+00   1.679171e-20   1.996414e-03   1.366993e-21   120
  5.819038e+00   1.643058e-20   2.141206e-03   1.310828e-21   168
  5.825625e+00   6.542582e-20   1.581111e-03   6.713329e-21   126
  5.831237e+00   4.171497e-20   1.192474e-03   5.614068e-21   168
  5.838969e+00   2.144711e-20   1.912134e-03   2.789187e-21   72
  5.845726e+00   2.323872e-20   2.394418e-03   1.910343e-21   168
  5.851646e+00   4.921866e-20   6.564276e-04   9.793805e-21   78
  5.859757e+00   2.293843e-20   1.077805e-03   2.953397e-21   60
  5.866288e+00   7.503934e-20   1.748374e-03   1.327075e-20   96
  5.873062e+00   2.861752e-20   2.121507e-03   2.257872e-21   168
  5.879428e+00   2.369903e-20   1.342407e-03   4.195396e-21   86
  5.886107e+00   2.091042e-20   1.199794e-03   2.590523e-21   120
  5.895681e+00   1.967051e-20   8.556122e-04   1.714629e-21   168
  5.900844e+00   1.366156e-20   0.000000e+00   1.329917e-21   48
  5.907798e+00   4.633263e-20   1.558833e-03   5.146728e-21   120
  5.911793e+00   3.054980e-20   1.137231e-03   4.112191e-21   126
  5.921548e+00   2.657813e-20   2.000073e-03   3.145638e-21   96
  5.927878e+00   2.482235e-20   5.767223e-04   2.466226e-21   96
  5.932871e+00   1.652534e-20   6.781684e-08   1.818861e-21   72
  5.943508e+00   2.202488e-20   7.193062e-08   3.933044e-21   24
  5.950147e+00   2.866423e-20   1.186881e-03   2.530009e-21   120
  5.955326e+00   2.231970e-20   1.731294e-03   2.867879e-21   126
  5.961084e+00   1.789924e-20   1.443268e-03   2.109764e-21   96
  5.967813e+00   1.202957e-20   2.494389e-03   1.295605e-21   72
  5.975306e+00   1.834813e-20   1.078907e-03   1.579945e-21   144
  5.981469e+00   1.735301e-20   6.222882e-04   2.136653e-21   72
  5.987626e+00   2.833295e-20   1.242932e-03   4.887231e-21   54
  5.993045e+00   2.447551e-20   1.095319e-03   2.539550e-21   108
  6.004306e+00   2.831563e-20   1.073696e-03   3.230630e-21   72
  6.007812e+00   2.079022e-20   6.195595e-04   2.125973e-21   72
  6.016129e+00   1.222511e-20   1.245875e-07   1.340388e-21   24
  6.023999e+00   7.820001e-21   1.310705e-03   1.285410e-21   48
  6.028777e+00   1.965156e-20   9.984188e-04   2.620074e-21   102
  6.035970e+00   1.384657e-20   2.258008e-03   1.131471e-21   168
  6.045369e+00   1.171100e-20   1.231465e-03   1.365293e-21   72
  6.048851e+00   1.277046e-20   0.000000e+00   1.774510e-21   48
  6.056156e+00   1.519040e-20   2.118194e-03   1.781325e-21   120
  6.065796e+00   1.592109e-20   1.301673e-03   1.444262e-21   96
  6.074901e+00   3.557795e-20   1.150890e-07   1.131079e-20   30
  6.085723e+00   1.962358e-20   6.115837e-04   2.908419e-21   72
  6.090478e+00   1.415707e-20   7.193062e-08   2.972009e-21   24
  6.096586e+00   6.513461e-21   9.065181e-04   8.993886e-22   56
  6.103428e+00   6.291872e-21   1.293647e-03   5.967168e-22   96
  6.111616e+00   1.222011e-20   1.428503e-03   1.168755e-21   144
  6.117928e+00   1.776102e-20   8.110480e-04   3.012746e-21   54
  6.127099e+00   1.133887e-20   1.215036e-03   1.149760e-21   108
  6.136327e+00   2.806954e-20   6.433558e-04   5.292273e-21   48
  6.145113e+00   1.229536e-20   2.422440e-03   1.484792e-21   72
  6.166195e+00   2.282178e-20   1.600514e-03   2.775434e-21   78
  6.172037e+00   6.924050e-21   1.206188e-03   8.286216e-22   72
  6.178856e+00   6.709392e-21   1.204690e-03   8.265393e-22   72
  6.185986e+00   1.088485e-20   2.907051e-03   1.008400e-21   96
  6.191621e+00   8.114213e-21   1.202207e-03   5.755096e-22   72
  6.198419e+00   1.180114e-20   0.000000e+00   1.961971e-21   24
  6.205208e+00   1.068493e-20   2.398986e-03   1.253080e-21   72
  6.220544e+00   1.327865e-20   1.523430e-03   2.449357e-21   30
  6.223843e+00   1.717580e-20   0.000000e+00   3.488198e-21   24
  6.241578e+00   6.224052e-21   1.265014e-03   8.570811e-22   48
  6.247142e+00   7.185613e-21   2.722309e-03   7.465668e-22   120
  6.254637e+00   6.152574e-21   1.190257e-03   6.838709e-22   72
  6.262206e+00   7.974650e-21   1.188818e-03   1.308436e-21   36
  6.267409e+00   7.659512e-21   2.349657e-03   7.061130e-22   78
  6.281928e+00   8.812683e-21   1.256888e-03   1.096354e-21   48
  6.300754e+00   1.258701e-20   1.017253e-07   2.010766e-21   24
  6.314166e+00   4.056685e-21   8.752715e-04   5.000118e-22   56
  6.320919e+00   3.856496e-21   1.346877e-03   3.240296e-22   102
  6.329510e+00   6.062249e-21   9.590750e-08   6.459911e-22   72
  6.334498e+00   5.831757e-21   7.193062e-08   7.178702e-22   24
  6.343217e+00   5.652832e-21   1.244744e-03   7.797370e-22   48
  6.359378e+00   7.481933e-21   0.000000e+00   1.044421e-21   24
  6.379213e+00   7.620805e-21   0.000000e+00   3.381896e-21   6
  6.385398e+00   3.191578e-21   0.000000e+00   5.375097e-22   24
  6.389518e+00   3.906867e-21   1.165127e-03   4.632968e-22   72
  6.397046e+00   3.890913e-21   2.173655e-03   3.917900e-22   84
  6.405152e+00   4.981126e-21   0.000000e+00   1.148316e-21   24
  6.407617e+00   5.834293e-21   1.017253e-07   7.043498e-22   24
  6.419927e+00   4.172408e-21   1.245875e-07   5.986049e-22   24
  6.437123e+00   5.290650e-21   0.000000e+00   1.903702e-21   6
  6.459163e+00   3.131004e-21   1.222400e-03   4.129498e-22   48
  6.464458e+00   3.406667e-21   2.302802e-03   3.696191e-22   72
  6.471376e+00   4.560142e-21   1.220094e-03   5.186476e-22   48
  6.482347e+00   6.516412e-21   0.000000e+00   9.959572e-22   24
  6.496947e+00   7.345074e-21   0.000000e+00   8.141879e-22   6
  6.529678e+00   2.245332e-21   0.000000e+00   7.490249e-22   8
  6.532096e+00   3.718129e-21   7.193062e-08   7.326632e-22   48
  6.537895e+00   2.831918e-21   1.183236e-03   3.188020e-22   60
  6.546585e+00   3.970170e-21   0.000000e+00   6.983972e-22   24
  6.558634e+00   2.656308e-21   0.000000e+00   7.899495e-22   6
  6.603027e+00   2.991828e-21   0.000000e+00   4.571280e-22   24
  6.606613e+00   2.327761e-21   1.195118e-03   2.924347e-22   48
  6.612586e+00   2.309077e-21   0.000000e+00   4.684254e-22   24
  6.622132e+00   1.219602e-21   0.000000e+00   3.454202e-22   6
  6.676359e+00   1.969385e-21   1.114931e-03   3.778322e-22   36
  6.680300e+00   2.825038e-21   0.000000e+00   4.789807e-22   24
  6.687387e+00   3.196580e-21   0.000000e+00   1.093236e-21   6
  6.749089e+00   2.941202e-21   1.013241e-03   3.241372e-22   32
  6.754351e+00   2.401484e-21   0.000000e+00   6.416226e-22   6
  6.820657e+00   3.730902e-21   0.000000e+00   6.187609e-22   12
  6.822972e+00   3.612606e-21   0.000000e+00   1.104087e-21   6
  6.893201e+00   9.525328e-22   0.000000e+00   2.618100e-22   6
