# power spectrum of pi_k * H (dimensionless)
# redshift z=5.869080
# k              Pk             sigma(k)       sigma(Pk)      count
  1.256637e-01   1.409684e-11   0.000000e+00   5.684382e-12   6
  1.777153e-01   3.652035e-12   0.000000e+00   7.338190e-13   12
  2.176559e-01   1.720115e-12   2.384186e-09   3.728809e-13   8
  2.513274e-01   4.215098e-12   0.000000e+00   4.730349e-13   6
  2.809926e-01   2.266837e-12   4.495664e-09   7.175021e-13   24
  3.078120e-01   2.602715e-12   4.495664e-09   4.588590e-13   24
  3.554306e-01   7.518606e-13   0.000000e+00   3.277039e-13   12
  3.769911e-01   8.115186e-13   5.086263e-09   1.374809e-13   30
  3.973835e-01   9.497101e-13   0.000000e+00   1.990737e-13   24
  4.167794e-01   8.230514e-13   7.786718e-09   2.028158e-13   24
  4.353118e-01   7.367092e-13   4.768372e-09   1.361662e-13   8
  4.530869e-01   6.140782e-13   6.357829e-09   8.166938e-14   24
  4.701905e-01   5.337978e-13   0.000000e+00   7.797239e-14   48
  5.026548e-01   5.319571e-13   0.000000e+00   2.340847e-13   6
  5.181247e-01   4.213255e-13   6.357829e-09   6.133454e-14   48
  5.331460e-01   3.554442e-13   5.994218e-09   4.298504e-14   36
  5.477554e-01   5.123493e-13   6.357829e-09   1.081574e-13   24
  5.619852e-01   3.042362e-13   8.991328e-09   4.844966e-14   24
  5.758634e-01   2.490351e-13   0.000000e+00   3.195009e-14   48
  5.894150e-01   3.206914e-13   8.991328e-09   4.861624e-14   24
  6.156239e-01   2.739189e-13   8.991328e-09   3.776352e-14   24
  6.283185e-01   1.522011e-13   0.000000e+00   2.672743e-14   30
  6.407617e-01   1.868859e-13   0.000000e+00   2.062726e-14   72
  6.529678e-01   1.690800e-13   9.536743e-09   3.860684e-14   32
  6.767198e-01   2.082349e-13   0.000000e+00   2.445883e-14   72
  6.882885e-01   1.099458e-13   0.000000e+00   1.735375e-14   48
  7.108613e-01   6.534620e-14   0.000000e+00   2.093630e-14   12
  7.218830e-01   1.186368e-13   0.000000e+00   1.576770e-14   48
  7.327390e-01   1.032101e-13   0.000000e+00   9.556180e-15   48
  7.434365e-01   1.190036e-13   8.991328e-09   1.659214e-14   48
  7.539822e-01   1.460142e-13   1.017253e-08   2.723506e-14   30
  7.643825e-01   1.434147e-13   0.000000e+00   2.926341e-14   24
  7.746431e-01   1.459115e-13   1.895538e-08   1.547488e-14   72
  7.947671e-01   5.482275e-14   0.000000e+00   1.369247e-14   24
  8.046403e-01   1.031442e-13   0.000000e+00   1.006087e-14   96
  8.143939e-01   7.983488e-14   0.000000e+00   1.339557e-14   48
  8.240320e-01   5.928071e-14   1.557344e-08   1.218300e-14   24
  8.335587e-01   3.737749e-14   1.557344e-08   8.178092e-15   24
  8.429778e-01   1.032973e-13   0.000000e+00   1.132667e-14   72
  8.522927e-01   8.093482e-14   0.000000e+00   1.095835e-14   48
  8.706237e-01   5.082981e-14   9.536743e-09   1.337496e-14   8
  8.796459e-01   1.014900e-13   1.130281e-08   1.498975e-14   54
  8.885766e-01   6.396238e-14   0.000000e+00   9.522253e-15   84
  8.974184e-01   7.952211e-14   0.000000e+00   1.036070e-14   48
  9.061739e-01   4.498047e-14   1.271566e-08   6.390927e-15   24
  9.148456e-01   5.466358e-14   1.695421e-08   5.813548e-15   72
  9.234359e-01   6.814257e-14   0.000000e+00   7.987907e-15   96
  9.403811e-01   7.883378e-14   0.000000e+00   7.521315e-15   48
  9.487402e-01   5.481252e-14   0.000000e+00   6.194802e-15   48
  9.570263e-01   4.805128e-14   0.000000e+00   9.541789e-15   24
  9.652412e-01   5.055385e-14   0.000000e+00   5.046880e-15   72
  9.814649e-01   4.762771e-14   0.000000e+00   5.738159e-15   72
  9.894770e-01   4.344447e-14   0.000000e+00   4.662933e-15   96
  1.005310e+00   6.672517e-14   0.000000e+00   3.135893e-14   6
  1.013133e+00   4.660515e-14   0.000000e+00   5.064916e-15   96
  1.020897e+00   4.888558e-14   1.271566e-08   5.131222e-15   96
  1.028602e+00   2.209216e-14   0.000000e+00   4.585793e-15   24
  1.036249e+00   3.689256e-14   1.271566e-08   4.610230e-15   48
  1.043841e+00   3.422406e-14   0.000000e+00   3.701815e-15   96
  1.051378e+00   3.558280e-14   0.000000e+00   6.196614e-15   48
  1.066292e+00   3.036919e-14   1.198844e-08   5.212836e-15   36
  1.073671e+00   2.992457e-14   2.202416e-08   4.118739e-15   48
  1.081000e+00   3.474356e-14   2.491750e-08   3.033493e-15   120
  1.088280e+00   3.386988e-14   0.000000e+00   5.062633e-15   56
  1.095511e+00   1.636783e-14   1.271566e-08   3.111072e-15   24
  1.102695e+00   2.428736e-14   0.000000e+00   2.605816e-15   96
  1.109832e+00   2.942964e-14   0.000000e+00   3.755810e-15   48
  1.123970e+00   3.153226e-14   1.798266e-08   5.461682e-15   24
  1.130973e+00   3.523925e-14   0.000000e+00   3.782007e-15   102
  1.137933e+00   3.793891e-14   1.271566e-08   5.963758e-15   48
  1.144851e+00   3.044706e-14   0.000000e+00   2.741558e-15   72
  1.151727e+00   2.736453e-14   0.000000e+00   2.845417e-15   48
  1.158562e+00   3.062146e-14   0.000000e+00   6.004299e-15   48
  1.165357e+00   2.835583e-14   2.877225e-08   2.260672e-15   120
  1.178830e+00   3.258232e-14   1.798266e-08   3.653857e-15   24
  1.185509e+00   2.194297e-14   1.695421e-08   1.807714e-15   144
  1.192151e+00   2.090890e-14   2.034505e-08   2.542379e-15   120
  1.198755e+00   1.958519e-14   1.798266e-08   3.404057e-15   48
  1.211857e+00   2.610031e-14   1.798266e-08   4.081384e-15   48
  1.218355e+00   1.987925e-14   1.798266e-08   1.826196e-15   96
  1.235512e+00   2.069729e-14   3.015167e-03   2.460018e-15   72
  1.244007e+00   1.935414e-14   1.598458e-08   1.653534e-15   108
  1.250338e+00   2.079152e-14   0.000000e+00   2.065063e-15   72
  1.256637e+00   1.276036e-14   0.000000e+00   1.881835e-15   30
  1.262905e+00   2.051956e-14   0.000000e+00   1.496902e-15   168
  1.269141e+00   2.446479e-14   0.000000e+00   2.720657e-15   48
  1.281523e+00   1.449401e-14   0.000000e+00   1.731498e-15   72
  1.287670e+00   1.833504e-14   0.000000e+00   1.925993e-15   96
  1.293787e+00   1.644030e-14   3.390842e-08   2.083153e-15   72
  1.299875e+00   1.904616e-14   0.000000e+00   1.641090e-15   72
  1.310112e+00   1.900613e-14   2.784031e-03   1.656729e-15   104
  1.317972e+00   1.667351e-14   2.397687e-08   1.125334e-15   144
  1.335824e+00   9.888193e-15   4.021044e-08   1.007981e-15   96
  1.341721e+00   1.280426e-14   0.000000e+00   1.551118e-15   96
  1.351101e+00   1.524791e-14   2.864148e-03   1.395930e-15   120
  1.359261e+00   1.313745e-14   0.000000e+00   1.164048e-15   120
  1.365057e+00   1.907329e-14   0.000000e+00   2.087814e-15   72
  1.376577e+00   1.535697e-14   0.000000e+00   1.626117e-15   48
  1.382301e+00   1.613786e-14   3.130008e-08   1.953920e-15   78
  1.389623e+00   1.456282e-14   2.564571e-03   1.201166e-15   168
  1.404963e+00   1.357973e-14   2.936555e-08   1.107431e-15   144
  1.410572e+00   1.630038e-14   2.397687e-08   1.102069e-15   144
  1.426839e+00   1.263185e-14   1.476986e-03   1.229470e-15   156
  1.432787e+00   9.553009e-15   3.114687e-08   1.762880e-15   48
  1.438287e+00   1.129542e-14   2.034505e-08   1.150044e-15   120
  1.443766e+00   1.080665e-14   0.000000e+00   1.803916e-15   48
  1.453454e+00   1.249115e-14   2.260797e-03   9.862445e-16   216
  1.465478e+00   6.643198e-15   0.000000e+00   8.537953e-16   48
  1.470856e+00   1.036793e-14   1.798266e-08   8.184280e-16   96
  1.478502e+00   1.033542e-14   2.642094e-03   8.489139e-16   168
  1.486873e+00   8.535355e-15   1.798266e-08   1.066823e-15   48
  1.492174e+00   9.367869e-15   0.000000e+00   8.410149e-16   96
  1.497456e+00   9.850457e-15   0.000000e+00   1.593096e-15   48
  1.507964e+00   1.144744e-14   2.034505e-08   1.352945e-15   30
  1.513191e+00   1.003918e-14   0.000000e+00   8.687528e-16   96
  1.519439e+00   9.009702e-15   2.076451e-03   6.574804e-16   240
  1.527472e+00   1.076780e-14   2.240191e-03   1.496130e-15   32
  1.533921e+00   6.983032e-15   0.000000e+00   4.685165e-16   168
  1.539060e+00   7.846196e-15   0.000000e+00   8.280497e-16   120
  1.549286e+00   8.137249e-15   3.791077e-08   9.241714e-16   72
  1.554374e+00   1.136618e-14   1.695421e-08   1.117129e-15   144
  1.559446e+00   8.722642e-15   0.000000e+00   8.229654e-16   96
  1.564501e+00   9.795187e-15   0.000000e+00   8.118138e-16   96
  1.574562e+00   1.181237e-14   0.000000e+00   1.372450e-15   72
  1.579568e+00   6.923533e-15   2.543132e-08   6.979409e-16   96
  1.589534e+00   9.910833e-15   0.000000e+00   2.067075e-15   24
  1.594494e+00   9.063531e-15   0.000000e+00   6.509710e-16   192
  1.600334e+00   7.773915e-15   1.901066e-03   6.648112e-16   132
  1.609281e+00   7.201796e-15   0.000000e+00   6.673425e-16   96
  1.614180e+00   5.785109e-15   0.000000e+00   5.103427e-16   96
  1.619064e+00   8.184559e-15   2.034505e-08   6.229966e-16   120
  1.628788e+00   8.196658e-15   0.000000e+00   8.404418e-16   48
  1.636759e+00   6.316032e-15   2.303939e-03   3.882221e-16   222
  1.643266e+00   7.985911e-15   0.000000e+00   7.000380e-16   120
  1.648064e+00   6.459852e-15   3.114687e-08   1.734094e-15   24
  1.655050e+00   7.991847e-15   2.378000e-03   4.670457e-16   312
  1.670270e+00   7.372597e-15   2.229470e-03   7.124696e-16   72
  1.676563e+00   7.014236e-15   3.114687e-08   6.215314e-16   96
  1.683024e+00   6.162750e-15   2.270407e-03   4.687889e-16   192
  1.690632e+00   7.109195e-15   2.877225e-08   7.569751e-16   120
  1.695296e+00   5.562081e-15   0.000000e+00   4.817649e-16   144
  1.704585e+00   6.968553e-15   0.000000e+00   9.004542e-16   48
  1.711188e+00   5.726769e-15   2.282974e-03   3.774895e-16   336
  1.718425e+00   6.141233e-15   0.000000e+00   6.321216e-16   48
  1.727590e+00   6.494896e-15   0.000000e+00   5.020621e-16   192
  1.732155e+00   4.530935e-15   0.000000e+00   5.962229e-16   48
  1.745129e+00   4.075526e-15   1.584683e-03   4.794862e-16   56
  1.751580e+00   5.351599e-15   2.035272e-03   3.136723e-16   336
  1.759292e+00   4.458958e-15   2.260561e-08   6.468822e-16   54
  1.766010e+00   4.782337e-15   2.235459e-03   2.695738e-16   240
  1.779956e+00   5.139696e-15   2.140470e-03   3.844104e-16   228
  1.786017e+00   5.505875e-15   2.397687e-08   6.475307e-16   72
  1.791900e+00   5.649407e-15   2.076308e-03   4.219554e-16   144
  1.799230e+00   4.644901e-15   0.000000e+00   4.209244e-16   96
  1.803613e+00   5.113566e-15   2.877225e-08   3.399719e-16   240
  1.812348e+00   2.669955e-15   2.543132e-08   4.858482e-16   24
  1.817939e+00   5.134709e-15   1.961057e-03   3.017201e-16   336
  1.825371e+00   3.400754e-15   0.000000e+00   4.131740e-16   72
  1.832154e+00   5.689199e-15   2.133012e-03   4.315730e-16   168
  1.838302e+00   4.688785e-15   0.000000e+00   5.604873e-16   72
  1.846872e+00   5.742606e-15   0.000000e+00   5.834520e-16   96
  1.853509e+00   4.229727e-15   2.117011e-03   3.024132e-16   216
  1.859653e+00   3.388549e-15   0.000000e+00   2.948022e-16   96
  1.868125e+00   4.467206e-15   2.543132e-08   3.368695e-16   192
  1.872347e+00   3.664512e-15   2.397687e-08   2.552753e-16   144
  1.880762e+00   3.387317e-15   0.000000e+00   3.691905e-16   48
  1.886588e+00   4.171340e-15   2.041047e-03   2.710045e-16   246
  1.894505e+00   5.134037e-15   1.881878e-03   3.937407e-16   168
  1.901637e+00   3.850105e-15   4.983500e-08   3.870966e-16   120
  1.905784e+00   3.614256e-15   0.000000e+00   2.267360e-16   240
  1.914053e+00   4.943881e-15   0.000000e+00   1.064134e-15   24
  1.920640e+00   3.667025e-15   2.014384e-03   1.860720e-16   360
  1.928845e+00   4.312679e-15   2.005812e-03   4.024193e-16   120
  1.934568e+00   3.898315e-15   0.000000e+00   3.368191e-16   144
  1.938645e+00   4.996579e-15   0.000000e+00   4.542555e-16   96
  1.950825e+00   3.158090e-15   0.000000e+00   2.497515e-16   144
  1.954868e+00   4.768060e-15   0.000000e+00   4.550852e-16   132
  1.960551e+00   3.433006e-15   1.979707e-03   2.366259e-16   176
  1.968799e+00   3.604915e-15   1.999105e-03   2.071486e-16   312
  1.978954e+00   3.383122e-15   0.000000e+00   3.795827e-16   96
  1.982940e+00   2.735034e-15   0.000000e+00   2.839224e-16   144
  1.989055e+00   3.217865e-15   1.979053e-03   2.060911e-16   312
  1.998804e+00   3.316320e-15   0.000000e+00   5.710776e-16   48
  2.002750e+00   3.410080e-15   2.543132e-08   2.253396e-16   192
  2.010619e+00   1.670294e-15   0.000000e+00   1.151556e-16   6
  2.015848e+00   2.982222e-15   1.845802e-03   1.680350e-16   288
  2.024316e+00   2.989101e-15   1.950210e-03   2.367819e-16   192
  2.030159e+00   2.872620e-15   5.980883e-08   2.005069e-16   216
  2.034045e+00   3.122984e-15   0.000000e+00   3.479486e-16   72
  2.043725e+00   3.002949e-15   1.931689e-03   2.576087e-16   192
  2.050154e+00   3.080686e-15   1.434383e-03   2.139482e-16   288
  2.057204e+00   2.826212e-15   0.000000e+00   5.846295e-16   24
  2.062650e+00   2.724179e-15   1.889681e-03   1.418076e-16   456
  2.072499e+00   3.435248e-15   0.000000e+00   6.047149e-16   48
  2.078585e+00   3.056974e-15   1.861260e-03   1.861201e-16   240
  2.085579e+00   3.285112e-15   1.881013e-03   2.664503e-16   216
  2.091461e+00   2.651077e-15   0.000000e+00   3.075658e-16   72
  2.095233e+00   2.403586e-15   6.498988e-08   2.040274e-16   168
  2.105882e+00   2.698908e-15   1.398129e-03   1.719314e-16   288
  2.111855e+00   2.556873e-15   1.849965e-03   2.228699e-16   168
  2.121448e+00   2.723845e-15   0.000000e+00   1.946544e-16   192
  2.125166e+00   2.355964e-15   2.397687e-08   1.787933e-16   144
  2.132584e+00   3.153335e-15   2.397687e-08   2.681760e-16   36
  2.138874e+00   2.055669e-15   1.689411e-03   9.891152e-17   342
  2.144889e+00   2.697522e-15   1.734820e-03   2.453801e-16   144
  2.152621e+00   2.439016e-15   1.819392e-03   1.491969e-16   384
  2.162000e+00   2.683304e-15   4.983500e-08   2.350489e-16   120
  2.166643e+00   2.805779e-15   1.622368e-03   1.603670e-16   264
  2.172929e+00   2.381005e-15   8.042088e-08   1.572564e-16   192
  2.178848e+00   2.324120e-15   1.748412e-03   2.110297e-16   152
  2.183802e+00   2.220628e-15   4.795375e-08   1.989714e-16   144
  2.194222e+00   1.757962e-15   1.131589e-03   1.191120e-16   216
  2.199045e+00   2.432217e-15   1.512105e-03   1.454335e-16   312
  2.207535e+00   2.079939e-15   1.752500e-03   1.464088e-16   240
  2.212538e+00   2.133593e-15   2.543132e-08   1.680315e-16   96
  2.222033e+00   1.707157e-15   1.675517e-03   1.333638e-16   144
  2.227885e+00   2.109368e-15   1.646885e-03   1.075444e-16   456
  2.237379e+00   1.330781e-15   0.000000e+00   1.124934e-16   120
  2.240905e+00   1.897573e-15   0.000000e+00   1.593353e-16   144
  2.247941e+00   1.494348e-15   3.596531e-08   1.708733e-16   24
  2.252452e+00   1.856770e-15   1.583038e-03   9.977671e-17   336
  2.260253e+00   2.044703e-15   1.745876e-03   1.788801e-16   198
  2.267563e+00   1.970687e-15   1.697764e-03   1.240946e-16   432
  2.275867e+00   2.018416e-15   5.086263e-08   2.668706e-16   48
  2.280199e+00   2.144185e-15   1.498832e-03   1.215302e-16   384
  2.287976e+00   1.694645e-15   1.725473e-03   1.378648e-16   144
  2.295024e+00   2.267081e-15   1.713168e-03   1.868165e-16   264
  2.303454e+00   1.985909e-15   0.000000e+00   1.935381e-16   48
  2.309110e+00   1.526345e-15   1.628943e-03   1.122612e-16   276
  2.314567e+00   1.900205e-15   1.476593e-03   1.560597e-16   192
  2.321860e+00   1.581592e-15   1.659366e-03   7.331703e-17   552
  2.330715e+00   1.525385e-15   4.069010e-08   1.258074e-16   120
  2.335978e+00   1.470213e-15   1.679687e-03   1.093644e-16   216
  2.340855e+00   1.504329e-15   4.069010e-08   1.109747e-16   120
  2.349569e+00   1.772957e-15   1.654080e-03   9.992294e-17   408
  2.357660e+00   5.750306e-16   3.596531e-08   8.598811e-17   24
  2.362678e+00   1.640539e-15   1.670919e-03   1.055927e-16   384
  2.369685e+00   1.337802e-15   1.632547e-03   8.640305e-17   240
  2.375770e+00   1.431750e-15   1.644502e-03   1.136421e-16   168
  2.384301e+00   1.219747e-15   0.000000e+00   1.168716e-16   120
  2.389801e+00   1.704997e-15   1.714308e-03   1.019812e-16   350
  2.398744e+00   1.715074e-15   2.822081e-03   1.172093e-16   384
  2.404088e+00   1.779609e-15   0.000000e+00   1.732131e-16   144
  2.413921e+00   1.397764e-15   3.390842e-08   1.027665e-16   288
  2.419055e+00   1.437004e-15   1.615394e-03   9.508161e-17   336
  2.426039e+00   1.295835e-15   1.470682e-03   1.041452e-16   168
  2.430220e+00   1.773363e-15   9.639558e-08   1.013135e-16   336
  2.438868e+00   1.196403e-15   1.526480e-03   6.567163e-17   288
  2.444062e+00   1.327441e-15   1.438335e-03   8.552030e-17   264
  2.452858e+00   1.374966e-15   0.000000e+00   1.169634e-16   240
  2.456075e+00   1.329978e-15   0.000000e+00   1.379935e-16   96
  2.467620e+00   1.292729e-15   1.956039e-03   7.299529e-17   360
  2.473008e+00   1.211818e-15   1.441936e-03   1.069826e-16   168
  2.479816e+00   1.334910e-15   1.571860e-03   6.387599e-17   456
  2.488014e+00   1.160007e-15   4.521123e-08   1.096345e-16   108
  2.492626e+00   9.644878e-16   1.577159e-03   5.945026e-17   264
  2.498378e+00   1.150434e-15   1.407083e-03   8.359197e-17   264
  2.506256e+00   1.200931e-15   1.327788e-03   7.102209e-17   312
  2.516065e+00   1.291157e-15   9.866910e-04   1.043365e-16   270
  2.520176e+00   1.395965e-15   1.252729e-03   9.538712e-17   240
  2.527567e+00   1.264094e-15   1.549783e-03   8.340291e-17   384
  2.532054e+00   1.085778e-15   5.086263e-08   7.275375e-17   192
  2.540769e+00   1.245980e-15   1.243495e-03   9.404351e-17   240
  2.545825e+00   1.225348e-15   1.534673e-03   7.900925e-17   336
  2.555333e+00   1.202894e-15   1.544942e-03   5.426559e-17   480
  2.563047e+00   1.059680e-15   3.390842e-08   1.143118e-16   72
  2.567356e+00   1.144193e-15   1.506459e-03   9.206071e-17   240
  2.573216e+00   9.689498e-16   1.415865e-03   5.190169e-17   312
  2.579934e+00   9.855810e-16   1.530210e-03   6.730323e-17   240
  2.590086e+00   1.067749e-15   1.162564e-03   6.655118e-17   408
  2.594104e+00   9.578474e-16   1.064628e-03   5.591663e-17   336
  2.601958e+00   9.831780e-16   1.351816e-03   7.056441e-17   264
  2.605818e+00   8.841782e-16   0.000000e+00   6.565735e-17   144
  2.616557e+00   1.029868e-15   1.873697e-03   5.293340e-17   464
  2.622215e+00   8.354880e-16   1.489973e-03   5.609444e-17   168
  2.627801e+00   1.087944e-15   1.357041e-03   8.996601e-17   336
  2.637897e+00   8.746224e-16   1.425837e-03   5.603460e-17   414
  2.643588e+00   1.236010e-15   1.484211e-03   1.048416e-16   216
  2.650879e+00   1.465092e-15   3.596531e-08   1.608091e-16   96
  2.653856e+00   9.278440e-16   8.809666e-08   6.994428e-17   384
  2.664284e+00   1.031421e-15   1.481344e-03   6.175540e-17   492
  2.669873e+00   1.070555e-15   1.448627e-03   8.409617e-17   240
  2.676189e+00   1.011144e-15   1.470864e-03   5.989707e-17   312
  2.684913e+00   7.891126e-16   1.470380e-03   5.799462e-17   192
  2.690439e+00   8.782628e-16   1.424976e-03   5.799181e-17   504
  2.697770e+00   9.588441e-16   9.433586e-04   6.769749e-17   408
  2.703542e+00   7.184791e-16   2.890096e-03   5.260558e-17   168
  2.710765e+00   1.036719e-15   1.372821e-03   6.406791e-17   288
  2.716826e+00   9.041166e-16   1.432656e-03   6.100390e-17   288
  2.723035e+00   6.960484e-16   1.440903e-03   3.536781e-17   432
  2.732042e+00   8.571095e-16   1.362614e-03   5.705797e-17   216
  2.736854e+00   8.428622e-16   1.359739e-03   5.315045e-17   360
  2.745421e+00   8.146019e-16   1.327092e-03   4.528490e-17   312
  2.753154e+00   8.083486e-16   0.000000e+00   1.259355e-16   48
  2.757611e+00   6.849015e-16   1.422834e-03   4.047323e-17   432
  2.765594e+00   7.645180e-16   2.373302e-03   4.715921e-17   414
  2.770308e+00   7.237328e-16   5.421333e-08   5.482807e-17   312
  2.779102e+00   8.503420e-16   2.082441e-03   4.876322e-17   528
  2.785037e+00   8.573517e-16   1.093105e-03   7.076956e-17   264
  2.792167e+00   8.310577e-16   1.296122e-03   5.765468e-17   480
  2.801483e+00   8.367298e-16   0.000000e+00   5.548098e-17   288
  2.805506e+00   7.361348e-16   1.392643e-03   6.938165e-17   168
  2.812867e+00   8.743606e-16   2.204550e-03   4.558493e-17   504
  2.821143e+00   1.181946e-15   3.390842e-08   9.922259e-17   144
  2.826350e+00   5.858009e-16   1.415850e-03   3.126383e-17   464
  2.834173e+00   6.848852e-16   2.077839e-03   3.949741e-17   432
  2.837886e+00   7.996897e-16   3.596531e-08   6.717596e-17   192
  2.847481e+00   5.908346e-16   1.540373e-03   3.574043e-17   396
  2.853147e+00   6.753478e-16   1.383680e-03   4.284338e-17   288
  2.858874e+00   5.556776e-16   1.366839e-03   3.380346e-17   336
  2.868021e+00   6.972025e-16   8.655099e-04   3.792960e-17   432
  2.873827e+00   6.933102e-16   2.243281e-03   4.215063e-17   360
  2.880345e+00   6.098397e-16   1.326934e-03   2.856565e-17   384
  2.889603e+00   6.032357e-16   1.171274e-03   4.019351e-17   198
  2.894063e+00   6.606869e-16   1.331357e-03   3.353345e-17   552
  2.902381e+00   7.459427e-16   1.863809e-03   6.866965e-17   432
  2.909325e+00   5.799344e-16   7.119285e-08   5.425254e-17   168
  2.915153e+00   8.617958e-16   2.310442e-03   5.660546e-17   480
  2.922863e+00   5.565615e-16   0.000000e+00   5.240882e-17   120
  2.926334e+00   6.589770e-16   1.887069e-03   4.281046e-17   336
  2.934802e+00   5.893956e-16   1.331298e-03   2.784800e-17   672
  2.943175e+00   6.841411e-16   1.936554e-03   3.316617e-17   528
  2.947075e+00   4.939022e-16   5.812872e-08   3.790168e-17   168
  2.956085e+00   6.551401e-16   2.160213e-03   4.004088e-17   456
  2.961583e+00   6.917581e-16   1.319260e-03   6.903725e-17   168
  2.967291e+00   5.858516e-16   1.316892e-03   3.112906e-17   504
  2.976778e+00   4.697648e-16   1.694638e-03   3.477012e-17   336
  2.982515e+00   5.859817e-16   1.221633e-03   4.054776e-17   312
  2.988879e+00   5.332328e-16   1.193619e-03   3.144176e-17   504
  2.997254e+00   4.972560e-16   8.281656e-04   2.533645e-17   432
  3.001192e+00   4.584871e-16   1.279790e-03   2.891290e-17   312
  3.009377e+00   4.762001e-16   1.311847e-03   2.651539e-17   384
  3.017923e+00   6.907766e-16   1.114566e-03   9.876504e-17   126
  3.023199e+00   5.672666e-16   1.956913e-03   3.346902e-17   492
  3.029938e+00   6.147591e-16   1.253405e-03   3.623885e-17   528
  3.038360e+00   4.710242e-16   1.273190e-03   2.917272e-17   480
  3.043581e+00   5.704554e-16   1.758905e-03   3.607844e-17   432
  3.051137e+00   5.360492e-16   1.383146e-03   2.894123e-17   440
  3.059913e+00   5.673055e-16   6.878330e-04   3.953164e-17   312
  3.063206e+00   4.761476e-16   1.030775e-03   3.196496e-17   480
  3.069960e+00   4.699775e-16   2.018238e-03   2.975807e-17   408
  3.079829e+00   6.594453e-16   1.208696e-03   4.783092e-17   360
  3.083998e+00   5.318840e-16   1.166348e-03   3.594159e-17   408
  3.091725e+00   4.153609e-16   1.186907e-03   2.623260e-17   456
  3.100425e+00   5.658686e-16   1.134390e-03   3.522129e-17   264
  3.105254e+00   4.281632e-16   1.231098e-03   3.008852e-17   384
  3.112283e+00   4.161836e-16   2.072640e-03   1.989543e-17   672
  3.120409e+00   5.037362e-16   1.239707e-03   3.869000e-17   240
  3.125099e+00   3.485970e-16   1.257992e-03   2.416876e-17   264
  3.131717e+00   3.874033e-16   1.551526e-03   1.772744e-17   624
  3.141593e+00   3.846331e-16   0.000000e+00   3.830047e-17   150
  3.145109e+00   5.733418e-16   1.738607e-03   3.390627e-17   600
  3.152524e+00   4.318536e-16   1.199942e-03   2.127828e-17   672
  3.160921e+00   4.090814e-16   1.128630e-03   3.029410e-17   336
  3.165599e+00   5.441469e-16   1.227621e-03   3.921139e-17   408
  3.173072e+00   4.930082e-16   1.224729e-03   3.822902e-17   408
  3.181385e+00   4.231348e-16   6.192886e-04   2.058261e-17   360
  3.186510e+00   4.785662e-16   2.273829e-03   2.943896e-17   456
  3.192699e+00   4.328104e-16   1.236522e-03   2.962298e-17   384
  3.200577e+00   3.185718e-16   1.141466e-03   2.378313e-17   348
  3.204835e+00   4.751379e-16   1.407202e-03   2.928519e-17   576
  3.212832e+00   3.824228e-16   1.158646e-03   2.386034e-17   504
  3.221013e+00   3.861058e-16   1.634203e-03   2.290917e-17   432
  3.228154e+00   3.550165e-16   2.223325e-03   1.736222e-17   576
  3.233247e+00   3.594851e-16   0.000000e+00   3.226226e-17   264
  3.241325e+00   3.672438e-16   1.769212e-03   1.579322e-17   768
  3.248351e+00   2.586949e-16   2.381921e-03   1.715683e-17   240
  3.253937e+00   4.191020e-16   2.100629e-03   3.626685e-17   192
  3.262073e+00   3.159375e-16   1.546319e-03   1.615033e-17   504
  3.268108e+00   4.205185e-16   2.083724e-03   2.431896e-17   590
  3.273894e+00   4.493978e-16   2.334698e-03   3.256315e-17   384
  3.281151e+00   3.417446e-16   1.951120e-03   1.936997e-17   504
  3.289911e+00   4.397493e-16   1.877651e-03   2.775267e-17   648
  3.298409e+00   3.304977e-16   5.099453e-04   2.131614e-17   504
  3.301835e+00   3.604756e-16   1.163281e-03   2.657827e-17   312
  3.307884e+00   4.402965e-16   1.676002e-03   2.980888e-17   576
  3.316189e+00   4.240706e-16   1.166339e-03   4.071201e-17   240
  3.321030e+00   2.926127e-16   1.178530e-03   1.482219e-17   552
  3.327882e+00   4.025466e-16   1.106612e-03   2.472137e-17   600
  3.337643e+00   3.161833e-16   1.351639e-03   1.784177e-17   600
  3.343511e+00   2.832539e-16   2.164544e-03   2.037035e-17   312
  3.349356e+00   3.862608e-16   1.885103e-03   2.091027e-17   480
  3.356656e+00   2.979569e-16   1.176123e-03   1.977255e-17   576
  3.363084e+00   3.645318e-16   1.893814e-03   2.921983e-17   408
  3.368787e+00   1.555674e-16   2.209222e-03   8.943932e-18   216
  3.376156e+00   2.845001e-16   1.692015e-03   1.608509e-17   516
  3.384050e+00   3.009198e-16   1.614354e-03   1.408983e-17   744
  3.392194e+00   3.358769e-16   1.078246e-03   2.210435e-17   462
  3.396796e+00   3.185640e-16   1.095881e-03   2.843165e-17   432
  3.403934e+00   3.742642e-16   1.016670e-03   2.244249e-17   648
  3.412327e+00   3.243765e-16   1.487578e-03   2.078308e-17   528
  3.419069e+00   2.919509e-16   1.791415e-03   1.757491e-17   600
  3.425805e+00   4.042955e-16   2.258506e-03   3.021841e-17   240
  3.432329e+00   3.119540e-16   1.729994e-03   1.583900e-17   720
  3.439912e+00   3.040084e-16   1.368738e-03   1.514807e-17   720
  3.448318e+00   1.773484e-16   0.000000e+00   1.575106e-17   144
  3.452742e+00   3.062566e-16   1.764713e-03   1.461563e-17   720
  3.459035e+00   3.251937e-16   1.058157e-03   2.090530e-17   384
  3.466913e+00   2.737824e-16   1.173023e-03   1.457385e-17   672
  3.474387e+00   3.246602e-16   2.053834e-03   2.447527e-17   336
  3.477957e+00   3.160549e-16   0.000000e+00   2.549158e-17   288
  3.486699e+00   2.737539e-16   1.625472e-03   1.600147e-17   776
  3.494792e+00   2.447924e-16   1.390838e-03   1.248571e-17   720
  3.501588e+00   2.235554e-16   1.120422e-03   1.332221e-17   432
  3.507024e+00   3.172706e-16   1.597303e-03   2.132942e-17   504
  3.513071e+00   2.416138e-16   1.119137e-03   1.257868e-17   528
  3.521533e+00   3.048540e-16   1.524759e-03   2.283983e-17   438
  3.528495e+00   2.952668e-16   1.774680e-03   2.196308e-17   624
  3.533741e+00   2.984426e-16   2.173744e-03   3.109886e-17   312
  3.540952e+00   3.358539e-16   1.171159e-03   1.791126e-17   696
  3.548410e+00   2.611539e-16   1.059686e-03   1.895866e-17   552
  3.556166e+00   2.684111e-16   8.198436e-04   1.852463e-17   516
  3.560964e+00   3.419377e-16   1.637576e-03   2.327554e-17   528
  3.566805e+00   1.579541e-16   1.064960e-03   7.594466e-18   528
  3.575102e+00   2.334849e-16   1.404467e-03   1.227249e-17   864
  3.580734e+00   2.418640e-16   1.923830e-03   1.820590e-17   408
  3.586372e+00   4.004577e-16   1.906039e-03   3.569700e-17   192
  3.594362e+00   2.100431e-16   1.577339e-03   1.138681e-17   720
  3.601108e+00   2.212933e-16   1.454384e-03   1.221346e-17   696
  3.609123e+00   2.415804e-16   1.570748e-03   1.191278e-17   720
  3.616456e+00   2.363771e-16   2.128961e-03   1.454699e-17   432
  3.620733e+00   1.721398e-16   1.253189e-03   1.502891e-17   264
  3.628427e+00   2.173967e-16   1.730599e-03   1.111439e-17   672
  3.635310e+00   1.983113e-16   1.771868e-03   1.037868e-17   600
  3.643477e+00   1.262613e-16   1.037427e-03   1.036357e-17   270
  3.647594e+00   2.297205e-16   1.561617e-03   1.579256e-17   528
  3.654138e+00   2.449971e-16   1.069340e-03   1.549346e-17   840
  3.663112e+00   2.729377e-16   2.044769e-03   1.660629e-17   888
  3.671403e+00   1.890158e-16   1.523504e-03   1.157177e-17   744
  3.678411e+00   2.040719e-16   7.828584e-04   1.435885e-17   456
  3.681896e+00   3.644846e-16   1.069824e-03   2.548313e-17   360
  3.687860e+00   1.928059e-16   9.269427e-04   1.871219e-17   384
  3.697011e+00   1.929678e-16   1.486807e-03   9.683064e-18   816
  3.703877e+00   2.189238e-16   2.157150e-03   1.050209e-17   824
  3.712223e+00   1.953519e-16   1.002746e-03   1.489522e-17   360
  3.716692e+00   2.130525e-16   1.479676e-03   1.223887e-17   624
  3.722842e+00   2.638510e-16   9.998850e-04   2.517548e-17   360
  3.731036e+00   1.859222e-16   1.360137e-03   9.952744e-18   876
  3.738436e+00   1.695033e-16   1.615436e-03   9.469851e-18   696
  3.745899e+00   1.420257e-16   1.043143e-03   9.667082e-18   336
  3.749811e+00   2.469375e-16   1.041971e-03   1.791544e-17   504
  3.756273e+00   1.826096e-16   1.051000e-03   1.270508e-17   672
  3.765859e+00   1.432787e-16   2.092296e-03   7.141518e-18   720
  3.772508e+00   1.882681e-16   1.580506e-03   1.154409e-17   774
  3.779846e+00   2.659773e-16   9.046409e-04   2.636687e-17   384
  3.783690e+00   2.375176e-16   1.740917e-03   1.938737e-17   528
  3.789655e+00   2.280617e-16   1.659191e-03   1.240076e-17   744
  3.799249e+00   2.085146e-16   1.368481e-03   1.108134e-17   768
  3.805620e+00   2.069344e-16   1.536223e-03   1.554159e-17   552
  3.813568e+00   1.611566e-16   1.674309e-03   9.530473e-18   696
  3.819481e+00   2.228634e-16   2.034577e-03   2.097399e-17   408
  3.824174e+00   2.039095e-16   8.789532e-04   1.672485e-17   504
  3.831615e+00   1.621423e-16   1.579007e-03   9.491717e-18   888
  3.838937e+00   1.638867e-16   1.641044e-03   1.192632e-17   648
  3.846547e+00   1.564747e-16   1.626978e-03   1.118640e-17   648
  3.853707e+00   1.706369e-16   1.754281e-03   1.053557e-17   792
  3.861291e+00   1.527574e-16   2.566633e-03   1.010636e-17   600
  3.866880e+00   1.151522e-16   1.739428e-03   6.525491e-18   456
  3.872762e+00   1.605809e-16   8.477229e-04   9.676401e-18   648
  3.880317e+00   1.384207e-16   1.653183e-03   7.115512e-18   936
  3.888474e+00   1.711273e-16   1.015268e-03   1.131711e-17   384
  3.895575e+00   1.101531e-16   0.000000e+00   1.702961e-17   198
  3.901055e+00   7.827012e-17   2.575821e-03   4.074800e-18   1224
  3.906966e+00   1.070929e-16   1.875990e-03   8.092347e-18   420
  3.913957e+00   9.346833e-17   1.815566e-03   5.565375e-18   792
  3.920793e+00   8.417502e-17   1.501318e-03   5.038390e-18   680
  3.928594e+00   8.635381e-17   1.378581e-03   6.603220e-18   600
  3.934870e+00   7.553644e-17   1.999321e-03   4.488786e-18   840
  3.943251e+00   8.226701e-17   9.439865e-04   5.576795e-18   432
  3.946454e+00   9.550347e-17   8.846397e-04   6.014831e-18   720
  3.953417e+00   6.825217e-17   1.771778e-03   3.745408e-18   960
  3.962077e+00   6.434622e-17   1.579411e-03   5.292956e-18   528
  3.968405e+00   6.799930e-17   1.614459e-03   4.378365e-18   624
  3.975938e+00   7.324889e-17   1.268954e-03   4.090318e-18   816
  3.983415e+00   5.671166e-17   2.086821e-03   2.726688e-18   696
  3.991678e+00   5.580840e-17   1.150890e-07   4.582161e-18   240
  3.994784e+00   7.308244e-17   1.230648e-03   5.550752e-18   672
  4.001719e+00   7.096129e-17   2.199344e-03   3.954789e-18   864
  4.009498e+00   5.141769e-17   1.687640e-03   2.487758e-18   816
  4.016509e+00   5.363205e-17   9.659469e-04   3.670144e-18   648
  4.024060e+00   7.722230e-17   9.873737e-04   4.749918e-18   843
  4.030471e+00   6.440015e-17   1.776528e-03   5.574598e-18   780
  4.038111e+00   9.500806e-17   9.532520e-04   2.024618e-17   216
  4.042823e+00   5.558580e-17   2.298663e-03   2.805515e-18   1056
  4.050071e+00   4.097554e-17   1.880564e-03   3.892450e-18   228
  4.056781e+00   7.503846e-17   2.341349e-03   5.928551e-18   924
  4.063670e+00   5.389226e-17   8.685094e-04   2.752302e-18   696
  4.070964e+00   5.485682e-17   1.545698e-03   3.318136e-18   996
  4.078428e+00   4.307371e-17   9.125493e-04   3.360519e-18   576
  4.086192e+00   4.861142e-17   1.408459e-03   3.572561e-18   552
  4.091852e+00   6.803522e-17   1.681651e-03   5.820517e-18   516
  4.097596e+00   5.639309e-17   2.445470e-03   4.191840e-18   744
  4.104159e+00   3.336647e-17   1.199649e-03   2.344661e-18   576
  4.109868e+00   4.502600e-17   1.234742e-03   2.599408e-18   792
  4.117982e+00   4.404050e-17   1.411539e-03   2.789438e-18   792
  4.123927e+00   5.024535e-17   1.522330e-03   3.852834e-18   720
  4.131968e+00   4.498958e-17   1.735107e-03   3.028746e-18   656
  4.139503e+00   3.764853e-17   1.894646e-03   1.996826e-18   816
  4.147227e+00   5.840022e-17   1.021561e-03   5.301254e-18   492
  4.151618e+00   4.607243e-17   1.469588e-03   3.007656e-18   552
  4.159858e+00   3.217369e-17   2.555435e-03   2.264411e-18   780
  4.165209e+00   3.861722e-17   1.569773e-03   2.761415e-18   528
  4.170975e+00   3.121963e-17   1.832403e-03   1.873984e-18   600
  4.179472e+00   3.848828e-17   1.522872e-03   1.872867e-18   900
  4.185329e+00   3.543664e-17   8.430879e-04   2.287441e-18   696
  4.193388e+00   3.617887e-17   2.131780e-03   2.184557e-18   696
  4.201183e+00   2.579331e-17   8.648430e-04   1.185931e-18   552
  4.207739e+00   2.684543e-17   1.005732e-03   1.590038e-18   708
  4.214606e+00   2.959285e-17   1.660522e-03   1.526515e-18   876
  4.221752e+00   3.375401e-17   8.817041e-04   3.181259e-18   216
  4.226547e+00   3.013523e-17   2.411580e-03   1.102464e-18   1032
  4.233729e+00   2.482903e-17   2.685028e-03   1.572157e-18   600
  4.241182e+00   2.235021e-17   1.281196e-03   1.240484e-18   600
  4.246868e+00   2.691379e-17   2.262472e-03   1.533555e-18   528
  4.253589e+00   2.742333e-17   1.241998e-03   1.929878e-18   732
  4.260669e+00   2.875375e-17   9.171027e-04   2.840554e-18   336
  4.268820e+00   2.236824e-17   1.307053e-03   1.179443e-18   912
  4.274911e+00   1.918114e-17   1.311885e-03   9.645808e-19   624
  4.281565e+00   2.359782e-17   1.105498e-03   1.073615e-18   768
  4.289333e+00   2.261590e-17   1.994537e-03   1.071215e-18   792
  4.296957e+00   2.488220e-17   9.888090e-04   1.460654e-18   660
  4.302382e+00   2.414991e-17   1.457169e-03   1.725417e-18   504
  4.307992e+00   1.966078e-17   2.380735e-03   1.220090e-18   480
  4.316401e+00   1.665691e-17   2.201870e-03   6.344098e-19   912
  4.322985e+00   2.543896e-17   2.452123e-03   2.041921e-18   432
  4.329203e+00   2.084593e-17   1.456013e-03   1.184115e-18   564
  4.334724e+00   1.643027e-17   1.393605e-03   7.057378e-19   600
  4.342496e+00   2.322666e-17   1.942553e-03   1.183284e-18   876
  4.348334e+00   2.336137e-17   8.734307e-04   2.412171e-18   264
  4.356382e+00   1.415787e-17   1.694799e-03   6.906241e-19   560
  4.362850e+00   1.960106e-17   1.151652e-03   1.008643e-18   840
  4.370702e+00   1.426291e-17   1.775516e-03   6.057724e-19   1008
  4.377963e+00   1.218334e-17   7.942467e-04   6.516191e-19   456
  4.384595e+00   1.754961e-17   1.028834e-03   9.209425e-19   576
  4.390725e+00   1.734116e-17   1.580913e-03   8.751898e-19   612
  4.398809e+00   1.511216e-17   1.412012e-03   8.440439e-19   780
  4.405404e+00   1.635870e-17   1.618102e-03   8.354206e-19   648
  4.412155e+00   1.580059e-17   7.540562e-04   1.102437e-18   312
  4.416470e+00   1.507481e-17   1.915933e-03   1.005739e-18   528
  4.423945e+00   1.318426e-17   2.502113e-03   4.965165e-19   720
  4.431093e+00   1.712845e-17   2.509948e-03   1.065645e-18   576
  4.439759e+00   1.599827e-17   2.165154e-03   9.497317e-19   444
  4.445151e+00   1.558683e-17   2.123318e-03   6.017327e-19   996
  4.451759e+00   1.221055e-17   1.773610e-03   6.888422e-19   432
  4.458005e+00   1.455572e-17   1.941754e-03   7.894085e-19   504
  4.463400e+00   9.885864e-18   8.754449e-04   4.694170e-19   504
  4.471082e+00   1.542032e-17   1.722886e-03   7.067736e-19   876
  4.478033e+00   1.162868e-17   1.982878e-03   5.866363e-19   504
  4.485271e+00   1.179911e-17   1.264576e-03   5.401776e-19   696
  4.491253e+00   1.122001e-17   1.081079e-03   5.089134e-19   492
  4.499392e+00   1.105431e-17   1.547618e-03   5.975112e-19   432
  4.505420e+00   1.371031e-17   1.449174e-03   6.112867e-19   768
  4.512567e+00   1.094280e-17   1.805141e-03   4.543074e-19   648
  4.519390e+00   9.453067e-18   1.177661e-03   5.675365e-19   456
  4.527231e+00   1.212941e-17   1.619475e-03   6.214593e-19   552
  4.532676e+00   9.693519e-18   1.109989e-03   4.582761e-19   648
  4.540170e+00   1.009169e-17   1.809220e-03   4.457564e-19   840
  4.547491e+00   1.114714e-17   8.627791e-04   5.942314e-19   432
  4.554820e+00   1.122050e-17   1.056757e-03   6.524510e-19   600
  4.559917e+00   1.039485e-17   1.125905e-03   5.073070e-19   432
  4.568479e+00   1.003874e-17   1.120948e-03   4.881565e-19   560
  4.574277e+00   8.368462e-18   1.774344e-03   3.239978e-19   840
  4.581537e+00   1.064527e-17   1.050970e-03   5.835570e-19   504
  4.587303e+00   1.001098e-17   2.144966e-03   4.305212e-19   696
  4.595432e+00   1.182829e-17   1.171504e-03   7.065634e-19   384
  4.601763e+00   8.016909e-18   1.716116e-03   3.642386e-19   576
  4.609420e+00   7.765562e-18   1.059101e-03   4.267974e-19   360
  4.615593e+00   8.990288e-18   1.577258e-03   3.639835e-19   828
  4.622251e+00   8.168785e-18   1.404841e-03   4.770468e-19   372
  4.628352e+00   8.197372e-18   2.145462e-03   3.668194e-19   576
  4.636434e+00   8.627319e-18   8.985170e-04   3.880296e-19   636
  4.642192e+00   8.435224e-18   1.732109e-03   4.013295e-19   648
  4.649981e+00   7.266147e-18   1.408015e-03   3.734516e-19   576
  4.655573e+00   8.924571e-18   2.271277e-03   4.676547e-19   528
  4.663010e+00   7.868200e-18   9.710647e-04   5.215841e-19   360
  4.669165e+00   6.828612e-18   2.233813e-03   3.157128e-19   672
  4.677203e+00   9.010044e-18   1.144196e-03   4.615710e-19   804
  4.683893e+00   8.219907e-18   1.262185e-03   4.505317e-19   408
  4.691293e+00   7.597543e-18   7.801673e-04   4.267561e-19   384
  4.696276e+00   5.981838e-18   1.785323e-03   3.155180e-19   480
  4.703304e+00   8.536900e-18   1.153580e-03   5.310949e-19   432
  4.710045e+00   8.667003e-18   2.125802e-03   3.499399e-19   648
  4.718024e+00   7.216213e-18   1.319050e-03   3.525461e-19   624
  4.723861e+00   6.477832e-18   1.199787e-03   3.528564e-19   456
  4.731831e+00   7.095946e-18   1.639016e-03   3.605142e-19   588
  4.737172e+00   6.538101e-18   1.045685e-03   3.149877e-19   600
  4.744970e+00   6.613910e-18   1.631013e-03   2.714440e-19   708
  4.751130e+00   6.618655e-18   1.027507e-03   4.031731e-19   360
  4.757936e+00   6.484224e-18   1.181146e-03   2.877258e-19   552
  4.764461e+00   6.297513e-18   8.286020e-04   4.949369e-19   288
  4.771085e+00   6.026423e-18   1.557998e-03   2.821417e-19   528
  4.777309e+00   6.334904e-18   1.051098e-03   3.587911e-19   456
  4.784262e+00   6.655409e-18   1.863824e-03   3.509659e-19   608
  4.791256e+00   5.576842e-18   9.017389e-04   2.577727e-19   504
  4.798898e+00   5.227671e-18   1.935982e-03   2.464343e-19   540
  4.804891e+00   6.488113e-18   2.078222e-03   3.542896e-19   360
  4.811350e+00   6.444348e-18   9.411255e-04   3.112922e-19   540
  4.817063e+00   5.219462e-18   8.080679e-04   2.614212e-19   576
  4.825371e+00   6.304487e-18   1.873635e-03   2.946361e-19   588
  4.833270e+00   5.651720e-18   2.585051e-03   2.282471e-19   672
  4.840056e+00   5.591958e-18   1.975777e-03   2.814863e-19   552
  4.845526e+00   4.390137e-18   1.976776e-03   3.887388e-19   144
  4.852507e+00   5.907300e-18   1.679474e-03   2.839984e-19   600
  4.859125e+00   4.490718e-18   2.104747e-03   2.422412e-19   504
  4.866470e+00   4.708616e-18   2.162000e-03   3.009225e-19   336
  4.874196e+00   5.115055e-18   2.430098e-03   2.420452e-19   600
  4.881116e+00   4.628633e-18   1.568306e-03   2.054804e-19   636
  4.888585e+00   4.822912e-18   1.260932e-03   2.894252e-19   384
  4.893821e+00   5.294055e-18   1.758851e-03   3.005385e-19   504
  4.901368e+00   4.166023e-18   7.381651e-04   3.120355e-19   240
  4.907324e+00   4.665333e-18   1.734055e-03   2.117364e-19   744
  4.914470e+00   4.086022e-18   1.184096e-03   1.650984e-19   648
  4.920821e+00   8.536817e-18   7.860381e-04   6.863271e-19   120
  4.928265e+00   4.384010e-18   1.234764e-03   1.934354e-19   564
  4.933890e+00   4.904095e-18   1.939271e-03   2.631239e-19   432
  4.941396e+00   4.841100e-18   1.505258e-03   2.643992e-19   480
  4.947049e+00   3.229341e-18   1.107908e-03   1.561801e-19   456
  4.953721e+00   4.388481e-18   1.833424e-03   2.246905e-19   444
  4.961293e+00   4.010323e-18   2.805235e-03   2.107164e-19   528
  4.967944e+00   4.450990e-18   2.083390e-03   2.907226e-19   264
  4.974399e+00   4.271861e-18   2.135165e-03   2.608247e-19   444
  4.983082e+00   4.688604e-18   2.338759e-03   1.908282e-19   696
  4.990289e+00   4.505913e-18   1.250847e-03   2.430209e-19   384
  4.995560e+00   3.952983e-18   1.580550e-03   2.003850e-19   432
  5.003759e+00   4.395361e-18   1.092086e-03   2.165008e-19   488
  5.009082e+00   3.426682e-18   1.645909e-03   1.758795e-19   480
  5.016800e+00   3.433588e-18   1.835529e-03   1.974008e-19   480
  5.022777e+00   3.179840e-18   7.701318e-04   1.824244e-19   240
  5.029563e+00   3.974469e-18   1.798967e-03   1.922561e-19   600
  5.035964e+00   3.463493e-18   1.567616e-03   2.536949e-19   288
  5.042780e+00   3.406219e-18   1.507931e-03   1.554816e-19   480
  5.049682e+00   3.296947e-18   2.682341e-03   1.471160e-19   504
  5.056479e+00   3.702808e-18   1.150891e-03   2.626253e-19   216
  5.065146e+00   4.054634e-18   1.884192e-03   2.075323e-19   504
  5.071897e+00   3.147523e-18   1.515464e-03   1.588225e-19   456
  5.079286e+00   3.942253e-18   8.691442e-04   2.358249e-19   384
  5.084180e+00   4.349829e-18   1.764049e-03   2.622560e-19   480
  5.091134e+00   3.076375e-18   1.549032e-03   1.789911e-19   504
  5.097578e+00   3.221209e-18   9.826093e-04   1.837802e-19   312
  5.104521e+00   3.375114e-18   1.583441e-03   1.548691e-19   492
  5.110667e+00   3.799843e-18   1.484108e-03   2.558708e-19   312
  5.118579e+00   3.012758e-18   2.410815e-03   1.424887e-19   576
  5.125543e+00   3.654679e-18   2.225378e-03   2.691718e-19   336
  5.131328e+00   2.535293e-18   1.713438e-03   1.710059e-19   240
  5.139346e+00   3.368298e-18   2.271584e-03   1.669355e-19   468
  5.146270e+00   3.088062e-18   1.422340e-03   2.451875e-19   192
  5.153517e+00   2.746518e-18   1.426580e-03   1.790055e-19   324
  5.158828e+00   2.675263e-18   1.035388e-03   1.122568e-19   600
  5.166066e+00   3.526709e-18   1.679811e-03   1.825178e-19   456
  5.171442e+00   3.269590e-18   7.555789e-04   2.046198e-19   336
  5.180350e+00   3.421594e-18   2.262417e-03   1.661953e-19   612
  5.186832e+00   2.882030e-18   1.898719e-03   2.920018e-19   144
  5.192961e+00   3.408074e-18   2.216292e-03   1.607205e-19   552
  5.201296e+00   2.378231e-18   8.728032e-04   1.689673e-19   264
  5.206006e+00   3.041901e-18   2.020762e-03   2.261957e-19   336
  5.213435e+00   2.286443e-18   1.335250e-03   1.372336e-19   384
  5.219878e+00   3.193121e-18   7.516140e-04   2.100848e-19   216
  5.227010e+00   2.016595e-18   1.593577e-03   1.368609e-19   344
  5.233513e+00   2.450580e-18   2.377692e-03   1.376726e-19   408
  5.241438e+00   2.859552e-18   1.827101e-03   2.496375e-19   264
  5.248460e+00   2.770383e-18   2.547069e-03   1.350519e-19   612
  5.255476e+00   3.225350e-18   1.310917e-03   1.533674e-19   408
  5.262692e+00   2.550756e-18   1.312801e-03   1.737351e-19   444
  5.267993e+00   4.767564e-18   7.342396e-04   4.729993e-19   120
  5.275096e+00   3.372906e-18   2.028570e-03   2.821377e-19   336
  5.280368e+00   2.285503e-18   7.049199e-04   1.300391e-19   288
  5.287493e+00   2.368587e-18   2.193723e-03   1.173923e-19   552
  5.297288e+00   2.170762e-18   0.000000e+00   2.994143e-19   72
  5.302324e+00   2.402400e-18   2.178926e-03   1.415623e-19   504
  5.308207e+00   1.762984e-18   7.011571e-04   1.411484e-19   216
  5.315829e+00   2.390247e-18   1.251868e-03   1.576686e-19   312
  5.322672e+00   2.184952e-18   1.425448e-03   1.347034e-19   336
  5.329194e+00   1.857121e-18   1.975831e-03   1.614356e-19   204
  5.335689e+00   2.690912e-18   2.296216e-03   1.513579e-19   504
  5.342577e+00   2.693593e-18   2.186657e-03   1.859205e-19   396
  5.349201e+00   2.609531e-18   2.005279e-03   2.037148e-19   312
  5.357232e+00   3.381487e-18   1.225440e-03   2.372369e-19   216
  5.362890e+00   1.887374e-18   6.650698e-04   1.221331e-19   168
  5.369766e+00   2.594372e-18   1.679338e-03   1.511368e-19   588
  5.377613e+00   1.627270e-18   2.279505e-03   1.425393e-19   240
  5.383710e+00   1.779768e-18   2.013185e-03   1.477593e-19   264
  5.390860e+00   2.023057e-18   2.489717e-03   1.569831e-19   288
  5.397204e+00   1.965438e-18   1.243261e-03   1.291634e-19   288
  5.405244e+00   2.092045e-18   1.167620e-03   1.820464e-19   288
  5.410658e+00   1.496631e-18   1.352591e-03   1.270097e-19   192
  5.417469e+00   1.431843e-18   1.439292e-03   9.546273e-20   264
  5.423957e+00   3.087755e-18   2.367436e-03   1.831339e-19   372
  5.430940e+00   2.752675e-18   2.556933e-03   1.960793e-19   360
  5.439463e+00   2.623963e-18   1.082118e-03   2.358357e-19   144
  5.443868e+00   1.723031e-18   1.503015e-03   1.689133e-19   296
  5.450821e+00   1.478702e-18   1.619421e-03   1.090874e-19   288
  5.458782e+00   1.854346e-18   2.420184e-03   1.070149e-19   480
  5.465649e+00   1.290097e-18   2.010942e-03   1.324176e-19   192
  5.472326e+00   2.022057e-18   2.157009e-03   1.792262e-19   192
  5.478395e+00   1.511484e-18   1.374687e-03   1.086082e-19   288
  5.486835e+00   1.074446e-18   1.196646e-03   1.848052e-19   108
  5.491087e+00   1.917597e-18   1.150429e-03   1.542190e-19   240
  5.498595e+00   1.458397e-18   2.146152e-03   9.926191e-20   384
  5.506307e+00   1.949613e-18   2.618062e-03   1.946385e-19   108
  5.513127e+00   2.486429e-18   1.535018e-03   1.724502e-19   348
  5.520298e+00   1.465620e-18   1.602006e-03   1.209245e-19   312
  5.526703e+00   1.145965e-18   1.556684e-03   1.815831e-19   96
  5.532593e+00   1.724983e-18   2.072444e-03   1.165298e-19   384
  5.539190e+00   1.516483e-18   1.425422e-03   1.316478e-19   144
  5.545642e+00   1.628189e-18   2.190224e-03   1.242162e-19   408
  5.553663e+00   1.182046e-18   9.769946e-04   1.162333e-19   144
  5.561240e+00   1.639718e-18   1.878283e-03   1.554099e-19   192
  5.565734e+00   2.066167e-18   2.114042e-03   2.537580e-19   144
  5.573059e+00   9.403592e-19   1.718794e-03   6.456165e-20   144
  5.579969e+00   1.769680e-18   2.100644e-03   1.418572e-19   336
  5.588433e+00   9.923679e-19   1.554210e-03   6.712878e-20   240
  5.593800e+00   1.200004e-18   7.057532e-04   1.417535e-19   96
  5.601284e+00   1.920286e-18   2.069634e-03   1.495003e-19   372
  5.608856e+00   1.614538e-18   2.461786e-03   2.358725e-19   132
  5.615507e+00   1.002906e-18   1.523323e-03   7.009691e-20   264
  5.621457e+00   1.922636e-18   1.169843e-03   2.013040e-19   168
  5.627807e+00   1.257402e-18   1.870354e-03   8.545646e-20   216
  5.633417e+00   1.595392e-18   1.144306e-03   1.626584e-19   216
  5.641586e+00   7.956809e-19   2.099325e-03   7.536143e-20   96
  5.648999e+00   1.728731e-18   1.369618e-03   2.080585e-19   120
  5.655797e+00   1.261559e-18   1.741170e-03   1.007820e-19   216
  5.661397e+00   1.131134e-18   7.608972e-04   8.775885e-20   200
  5.668812e+00   1.311076e-18   1.969636e-03   1.318125e-19   288
  5.678322e+00   7.259566e-19   5.182495e-04   6.387061e-20   144
  5.682326e+00   1.159496e-18   1.612761e-03   9.589654e-20   168
  5.690504e+00   1.316618e-18   1.815012e-03   1.800224e-19   159
  5.696887e+00   1.011765e-18   1.904384e-03   9.200563e-20   174
  5.703065e+00   7.524056e-19   1.726829e-03   6.113344e-20   144
  5.711154e+00   1.199104e-18   9.971188e-04   1.174011e-19   222
  5.716564e+00   1.065420e-18   1.006181e-03   7.837114e-20   168
  5.725909e+00   1.514644e-18   2.206942e-03   3.965100e-19   30
  5.729769e+00   7.281580e-19   1.948567e-03   7.339801e-20   72
  5.737039e+00   9.599956e-19   1.739073e-03   7.558902e-20   258
  5.745032e+00   9.879764e-19   1.089226e-03   6.320128e-20   264
  5.749029e+00   1.375570e-18   1.174622e-07   2.246258e-19   72
  5.757357e+00   5.582936e-19   2.158892e-03   5.274463e-20   174
  5.764898e+00   8.656616e-19   2.298822e-03   7.341394e-20   168
  5.770961e+00   4.902293e-19   7.193062e-08   5.758084e-20   48
  5.777470e+00   7.489474e-19   1.298199e-03   7.100431e-20   150
  5.785016e+00   1.027553e-18   2.388130e-03   8.350205e-20   168
  5.792583e+00   8.494401e-19   1.454738e-03   6.136689e-20   144
  5.799541e+00   9.644968e-19   1.359056e-03   1.064501e-19   102
  5.804724e+00   6.199269e-19   2.011636e-03   7.549841e-20   96
  5.812948e+00   5.769936e-19   1.996414e-03   5.116758e-20   120
  5.819038e+00   4.700350e-19   2.141206e-03   3.655893e-20   168
  5.825625e+00   1.198155e-18   1.581111e-03   1.018976e-19   126
  5.831237e+00   8.001445e-19   1.192474e-03   7.231996e-20   168
  5.838969e+00   4.728990e-19   1.912134e-03   6.238865e-20   72
  5.845726e+00   6.901030e-19   2.394418e-03   5.636911e-20   168
  5.851646e+00   9.884993e-19   6.564276e-04   1.184661e-19   78
  5.859757e+00   6.089453e-19   1.077805e-03   9.629167e-20   60
  5.866288e+00   1.167164e-18   1.748374e-03   1.435891e-19   96
  5.873062e+00   5.566554e-19   2.121507e-03   4.241687e-20   168
  5.879428e+00   6.437439e-19   1.342407e-03   7.252212e-20   86
  5.886107e+00   4.824696e-19   1.199794e-03   4.249929e-20   120
  5.895681e+00   4.776272e-19   8.556122e-04   3.827619e-20   168
  5.900844e+00   4.186816e-19   0.000000e+00   6.751500e-20   48
  5.907798e+00   8.835730e-19   1.558833e-03   8.916125e-20   120
  5.911793e+00   6.731782e-19   1.137231e-03   7.416803e-20   126
  5.921548e+00   6.656554e-19   2.000073e-03   7.393121e-20   96
  5.927878e+00   7.226855e-19   5.767223e-04   7.315924e-20   96
  5.932871e+00   5.084918e-19   6.781684e-08   6.617815e-20   72
  5.943508e+00   5.703566e-19   7.193062e-08   1.036079e-19   24
  5.950147e+00   5.949761e-19   1.186881e-03   6.012606e-20   120
  5.955326e+00   5.959678e-19   1.731294e-03   5.673830e-20   126
  5.961084e+00   3.563265e-19   1.443268e-03   3.460126e-20   96
  5.967813e+00   2.784170e-19   2.494389e-03   3.357453e-20   72
  5.975306e+00   5.503022e-19   1.078907e-03   4.134272e-20   144
  5.981469e+00   4.793649e-19   6.222882e-04   5.049565e-20   72
  5.987626e+00   5.770214e-19   1.242932e-03   7.701050e-20   54
  5.993045e+00   6.608930e-19   1.095319e-03   5.922077e-20   108
  6.004306e+00   5.709419e-19   1.073696e-03   7.169406e-20   72
  6.007812e+00   5.978295e-19   6.195595e-04   6.717012e-20   72
  6.016129e+00   1.047749e-18   1.245875e-07   8.542394e-20   24
  6.023999e+00   5.049872e-19   1.310705e-03   6.954111e-20   48
  6.028777e+00   5.369647e-19   9.984188e-04   5.164514e-20   102
  6.035970e+00   4.776549e-19   2.258008e-03   3.323453e-20   168
  6.045369e+00   3.945684e-19   1.231465e-03   5.258400e-20   72
  6.048851e+00   3.046978e-19   0.000000e+00   4.457061e-20   48
  6.056156e+00   5.107049e-19   2.118194e-03   4.408507e-20   120
  6.065796e+00   4.544751e-19   1.301673e-03   4.081278e-20   96
  6.074901e+00   7.788743e-19   1.150890e-07   1.206092e-19   30
  6.085723e+00   4.941523e-19   6.115837e-04   7.398246e-20   72
  6.090478e+00   5.653827e-19   7.193062e-08   1.320842e-19   24
  6.096586e+00   3.885262e-19   9.065181e-04   4.655793e-20   56
  6.103428e+00   3.557027e-19   1.293647e-03   3.523504e-20   96
  6.111616e+00   4.544529e-19   1.428503e-03   3.864258e-20   144
  6.117928e+00   6.282767e-19   8.110480e-04   8.277685e-20   54
  6.127099e+00   4.090014e-19   1.215036e-03   3.274427e-20   108
  6.136327e+00   6.021951e-19   6.433558e-04   1.104573e-19   48
  6.145113e+00   4.681774e-19   2.422440e-03   6.362839e-20   72
  6.166195e+00   4.398698e-19   1.600514e-03   4.474403e-20   78
  6.172037e+00   4.116983e-19   1.206188e-03   5.571479e-20   72
  6.178856e+00   3.200055e-19   1.204690e-03   3.764468e-20   72
  6.185986e+00   4.242797e-19   2.907051e-03   3.998734e-20   96
  6.191621e+00   4.063566e-19   1.202207e-03   4.477431e-20   72
  6.198419e+00   3.821647e-19   0.000000e+00   5.677799e-20   24
  6.205208e+00   4.563981e-19   2.398986e-03   5.370367e-20   72
  6.220544e+00   4.610366e-19   1.523430e-03   1.010582e-19   30
  6.223843e+00   3.256112e-19   0.000000e+00   6.772514e-20   24
  6.241578e+00   3.272528e-19   1.265014e-03   3.829417e-20   48
  6.247142e+00   3.735243e-19   2.722309e-03   4.483524e-20   120
  6.254637e+00   2.789606e-19   1.190257e-03   2.779576e-20   72
  6.262206e+00   3.472173e-19   1.188818e-03   6.172294e-20   36
  6.267409e+00   4.220945e-19   2.349657e-03   4.692890e-20   78
  6.281928e+00   3.173576e-19   1.256888e-03   3.456586e-20   48
  6.300754e+00   6.035509e-19   1.017253e-07   7.317647e-20   24
  6.314166e+00   4.175062e-19   8.752715e-04   5.756049e-20   56
  6.320919e+00   3.349577e-19   1.346877e-03   3.559364e-20   102
  6.329510e+00   3.639799e-19   9.590750e-08   3.487237e-20   72
  6.334498e+00   4.991269e-19   7.193062e-08   8.669316e-20   24
  6.343217e+00   3.028972e-19   1.244744e-03   4.131774e-20   48
  6.359378e+00   6.642802e-19   0.000000e+00   1.347795e-19   24
  6.379213e+00   1.168607e-18   0.000000e+00   3.205713e-19   6
  6.385398e+00   5.293204e-19   0.000000e+00   7.850129e-20   24
  6.389518e+00   4.544164e-19   1.165127e-03   5.077963e-20   72
  6.397046e+00   3.333690e-19   2.173655e-03   3.872041e-20   84
  6.405152e+00   3.181930e-19   0.000000e+00   5.687726e-20   24
  6.407617e+00   2.507510e-19   1.017253e-07   4.731573e-20   24
  6.419927e+00   3.008035e-19   1.245875e-07   5.904735e-20   24
  6.437123e+00   2.256165e-19   0.000000e+00   1.077425e-19   6
  6.459163e+00   3.209109e-19   1.222400e-03   4.676359e-20   48
  6.464458e+00   4.266693e-19   2.302802e-03   4.372186e-20   72
  6.471376e+00   3.592777e-19   1.220094e-03   5.115351e-20   48
  6.482347e+00   4.415000e-19   0.000000e+00   6.986824e-20   24
  6.496947e+00   1.984906e-19   0.000000e+00   4.259604e-21   6
  6.529678e+00   2.625825e-19   0.000000e+00   4.963064e-20   8
  6.532096e+00   3.081493e-19   7.193062e-08   4.559722e-20   48
  6.537895e+00   2.820331e-19   1.183236e-03   2.854448e-20   60
  6.546585e+00   4.403630e-19   0.000000e+00   6.673160e-20   24
  6.558634e+00   3.855488e-19   0.000000e+00   8.211339e-20   6
  6.603027e+00   3.002708e-19   0.000000e+00   5.833335e-20   24
  6.606613e+00   3.791606e-19   1.195118e-03   4.391912e-20   48
  6.612586e+00   1.244578e-19   0.000000e+00   2.224721e-20   24
  6.622132e+00   2.802167e-19   0.000000e+00   2.588818e-20   6
  6.676359e+00   3.359233e-19   1.114931e-03   4.956689e-20   36
  6.680300e+00   4.249277e-19   0.000000e+00   6.024744e-20   24
  6.687387e+00   3.392443e-19   0.000000e+00   1.045891e-19   6
  6.749089e+00   2.721495e-19   1.013241e-03   4.365561e-20   32
  6.754351e+00   2.156726e-19   0.000000e+00   9.711832e-20   6
  6.820657e+00   3.725700e-19   0.000000e+00   9.976826e-20   12
  6.822972e+00   3.092592e-19   0.000000e+00   1.588743e-19   6
  6.893201e+00   3.127744e-19   0.000000e+00   3.337501e-20   6
