# power spectrum of zeta (dimensionless)
# redshift z=98.997596
# k              Pk             sigma(k)       sigma(Pk)      count
  3.926991e-03   1.848826e-22   3.512237e-11   3.888098e-23   6
  6.468504e-03   3.207416e-21   9.292307e-04   1.076950e-21   26
  1.075752e-02   2.685172e-20   1.401573e-03   2.854784e-21   114
  1.536034e-02   8.525049e-20   1.321130e-03   6.414776e-21   218
  1.986055e-02   1.389635e-19   1.282852e-03   7.154459e-21   374
  2.412735e-02   2.270431e-19   1.070437e-03   1.016010e-20   474
  2.806277e-02   3.612066e-19   1.114764e-03   1.467101e-20   650
  3.226384e-02   4.505598e-19   1.228263e-03   1.419383e-20   938
  3.651078e-02   5.473660e-19   1.191974e-03   1.614346e-20   1158
  4.085013e-02   6.756382e-19   1.255331e-03   1.719952e-20   1538
  4.514216e-02   8.917040e-19   1.197883e-03   2.149275e-20   1752
  4.940297e-02   9.741244e-19   1.270218e-03   2.097001e-20   2210
  5.382476e-02   1.258750e-18   1.313135e-03   2.548093e-20   2690
  5.822499e-02   1.463894e-18   1.260291e-03   2.797661e-20   3054
  6.261788e-02   1.735067e-18   1.278262e-03   2.928525e-20   3602
  6.689321e-02   2.019433e-18   1.192161e-03   3.217958e-20   3842
  7.113570e-02   2.270134e-18   1.241459e-03   3.365344e-20   4554
  7.543827e-02   2.478618e-18   1.223626e-03   3.496043e-20   5030
  7.964244e-02   2.731442e-18   1.192059e-03   3.793856e-20   5474
  8.383361e-02   2.997314e-18   1.204502e-03   3.896661e-20   6162
  8.813706e-02   3.163103e-18   1.244010e-03   3.678746e-20   7016
  9.251506e-02   3.384466e-18   1.282007e-03   3.837426e-20   7818
  9.690760e-02   3.554875e-18   1.275623e-03   3.949551e-20   8582
  1.012249e-01   3.727273e-18   1.222801e-03   3.868893e-20   8954
  1.055230e-01   3.998186e-18   1.275661e-03   3.919862e-20   10170
  1.098886e-01   4.240621e-18   1.242528e-03   4.107183e-20   10826
  1.141614e-01   4.604165e-18   1.215228e-03   4.328011e-20   11438
  1.184437e-01   4.901455e-18   1.241708e-03   4.415679e-20   12594
  1.227045e-01   5.201822e-18   1.208460e-03   4.495532e-20   13130
  1.269880e-01   5.582342e-18   1.247270e-03   4.659337e-20   14586
  1.313025e-01   5.854392e-18   1.229078e-03   4.685044e-20   15242
  1.356256e-01   6.287439e-18   1.268369e-03   4.956503e-20   16772
  1.399394e-01   6.477445e-18   1.224094e-03   4.917809e-20   17178
  1.442192e-01   6.727663e-18   1.256219e-03   4.878604e-20   18722
  1.485429e-01   6.836626e-18   1.247601e-03   4.907488e-20   19706
  1.528259e-01   6.973408e-18   1.235493e-03   4.840231e-20   20694
  1.571269e-01   7.227320e-18   1.247928e-03   4.930590e-20   22154
  1.614322e-01   7.365897e-18   1.238069e-03   4.884016e-20   23210
  1.657530e-01   7.607335e-18   1.247771e-03   4.824152e-20   24762
  1.700419e-01   8.032714e-18   1.219659e-03   5.051666e-20   25418
  1.743047e-01   8.283433e-18   1.232581e-03   4.990682e-20   27030
  1.785948e-01   8.509037e-18   1.236925e-03   5.084123e-20   28400
  1.829249e-01   8.852196e-18   1.260632e-03   5.137387e-20   30314
  1.872537e-01   9.290230e-18   1.245689e-03   5.303490e-20   31242
  1.915471e-01   9.698118e-18   1.243795e-03   5.420062e-20   32726
  1.958851e-01   1.002032e-17   1.262333e-03   5.389994e-20   34802
  2.001902e-01   1.026307e-17   1.225777e-03   5.518652e-20   35298
  2.044527e-01   1.037613e-17   1.231750e-03   5.385308e-20   37106
  2.087345e-01   1.053420e-17   1.233995e-03   5.346157e-20   38750
  2.130597e-01   1.090934e-17   1.253313e-03   5.397847e-20   41082
  2.173474e-01   1.097781e-17   1.213580e-03   5.443686e-20   41330
  2.216268e-01   1.125954e-17   1.248206e-03   5.350934e-20   44226
  2.259811e-01   1.140891e-17   1.262369e-03   5.320655e-20   46256
  2.302954e-01   1.161738e-17   1.236821e-03   5.366789e-20   47006
  2.346000e-01   1.185014e-17   1.253826e-03   5.315055e-20   49506
  2.389041e-01   1.215712e-17   1.236946e-03   5.439978e-20   50618
  2.432051e-01   1.247205e-17   1.252069e-03   5.348279e-20   53114
  2.475055e-01   1.272222e-17   1.235789e-03   5.484712e-20   54366
  2.518059e-01   1.313504e-17   1.244531e-03   5.514959e-20   56834
  2.560686e-01   1.329592e-17   1.213941e-03   5.546029e-20   57258
  2.603901e-01   1.383310e-17   1.274431e-03   5.523099e-20   62378
  2.647358e-01   1.385628e-17   1.225553e-03   5.569459e-20   61850
  2.690012e-01   1.418120e-17   1.236600e-03   5.630168e-20   64284
  2.733015e-01   1.429582e-17   1.248977e-03   5.500445e-20   66938
  2.776367e-01   1.459921e-17   1.258384e-03   5.638736e-20   69602
  2.819415e-01   1.470356e-17   1.232881e-03   5.515499e-20   70242
  2.862215e-01   1.493163e-17   1.244813e-03   5.536084e-20   73166
  2.905544e-01   1.502456e-17   1.257712e-03   5.438824e-20   76370
  2.948557e-01   1.544338e-17   1.224268e-03   5.556977e-20   76578
  2.991694e-01   1.566211e-17   1.260194e-03   5.521705e-20   81362
  3.034794e-01   1.598594e-17   1.220452e-03   5.580649e-20   80994
  3.077617e-01   1.609222e-17   1.245850e-03   5.521187e-20   85046
  3.120682e-01   1.628609e-17   1.236732e-03   5.547086e-20   86552
  3.163691e-01   1.676746e-17   1.248599e-03   5.595870e-20   89754
  3.206760e-01   1.706704e-17   1.241846e-03   5.669331e-20   91538
  3.249908e-01   1.718059e-17   1.257274e-03   5.566361e-20   95198
  3.292984e-01   1.748519e-17   1.234300e-03   5.654286e-20   96066
  3.335953e-01   1.766030e-17   1.250578e-03   5.542248e-20   99890
  3.379016e-01   1.780453e-17   1.237173e-03   5.628371e-20   101562
  3.421850e-01   1.801122e-17   1.235122e-03   5.626034e-20   103994
  3.465039e-01   1.829634e-17   1.254469e-03   5.581205e-20   108566
  3.508098e-01   1.834678e-17   1.225687e-03   5.561070e-20   108570
  3.550962e-01   1.854074e-17   1.245765e-03   5.468421e-20   113162
  3.594096e-01   1.873916e-17   1.239769e-03   5.534057e-20   115136
  3.637064e-01   1.914475e-17   1.244989e-03   5.594684e-20   118110
  3.680190e-01   1.924955e-17   1.250013e-03   5.536925e-20   121466
  3.723377e-01   1.957792e-17   1.247712e-03   5.571557e-20   124154
  3.766409e-01   1.980307e-17   1.239592e-03   5.621337e-20   126282
  3.809305e-01   1.997661e-17   1.239411e-03   5.570592e-20   129206
  3.852310e-01   2.016316e-17   1.240944e-03   5.588758e-20   132714
  3.895315e-01   2.035764e-17   1.236189e-03   5.554256e-20   135002
  3.938308e-01   2.084325e-17   1.243110e-03   5.596671e-20   138866
  3.981506e-01   2.090153e-17   1.245584e-03   5.547719e-20   142146
  4.024599e-01   2.129922e-17   1.240083e-03   5.601878e-20   144476
  4.067698e-01   2.127467e-17   1.249157e-03   5.527636e-20   148274
  4.110722e-01   2.155872e-17   1.241511e-03   5.540942e-20   150498
  4.153656e-01   2.167856e-17   1.240169e-03   5.555297e-20   153578
  4.196566e-01   2.177231e-17   1.243070e-03   5.525517e-20   156974
  4.239772e-01   2.216825e-17   1.254355e-03   5.506366e-20   162090
  4.282871e-01   2.224753e-17   1.232977e-03   5.530450e-20   162674
  4.325900e-01   2.244518e-17   1.248247e-03   5.460118e-20   168186
  4.368889e-01   2.277465e-17   1.230518e-03   5.531478e-20   168986
  4.411796e-01   2.292982e-17   1.243170e-03   5.501167e-20   174302
  4.454808e-01   2.310145e-17   1.235964e-03   5.492921e-20   176394
  4.497749e-01   2.337070e-17   1.243559e-03   5.505656e-20   180848
  4.540988e-01   2.357721e-17   1.252525e-03   5.482867e-20   185522
  4.584177e-01   2.379252e-17   1.245424e-03   5.490845e-20   187758
  4.627131e-01   2.376061e-17   1.237877e-03   5.454183e-20   190322
  4.670077e-01   2.413326e-17   1.244159e-03   5.462541e-20   194898
  4.713189e-01   2.416793e-17   1.244577e-03   5.413432e-20   198914
  4.756220e-01   2.437122e-17   1.237959e-03   5.469550e-20   201386
  4.799286e-01   2.463422e-17   1.245790e-03   5.455303e-20   206694
  4.842396e-01   2.487626e-17   1.237579e-03   5.469990e-20   208970
  4.885355e-01   2.515833e-17   1.239312e-03   5.460193e-20   212858
  4.928323e-01   2.514337e-17   1.239690e-03   5.406559e-20   216432
  4.971331e-01   2.536718e-17   1.245356e-03   5.372599e-20   220910
  5.014504e-01   2.552621e-17   1.251792e-03   5.374541e-20   225818
  5.057482e-01   2.570808e-17   1.234295e-03   5.386197e-20   226578
  5.100535e-01   2.595457e-17   1.253105e-03   5.359860e-20   234314
  5.143672e-01   2.626520e-17   1.238530e-03   5.413264e-20   235338
  5.186759e-01   2.630935e-17   1.249367e-03   5.343211e-20   241886
  5.229717e-01   2.659529e-17   1.226886e-03   5.397420e-20   241514
  5.272665e-01   2.668093e-17   1.249867e-03   5.335384e-20   250122
  5.315791e-01   2.683940e-17   1.236342e-03   5.316895e-20   251450
  5.358794e-01   2.712530e-17   1.243646e-03   5.366081e-20   256940
  5.401773e-01   2.712952e-17   1.237459e-03   5.322703e-20   259314
  5.444679e-01   2.741766e-17   1.243546e-03   5.319588e-20   264602
  5.487766e-01   2.754495e-17   1.245963e-03   5.309700e-20   269602
  5.530817e-01   2.767821e-17   1.241744e-03   5.286914e-20   272710
  5.573981e-01   2.788518e-17   1.251961e-03   5.271757e-20   279650
  5.617030e-01   2.802300e-17   1.232873e-03   5.322016e-20   279618
  5.660045e-01   2.839660e-17   1.249306e-03   5.307951e-20   288074
  5.703137e-01   2.826709e-17   1.235438e-03   5.249815e-20   289010
  5.746156e-01   2.856616e-17   1.247203e-03   5.241846e-20   296310
  5.789244e-01   2.881484e-17   1.237400e-03   5.289927e-20   298346
  5.832246e-01   2.902489e-17   1.245397e-03   5.247683e-20   304256
  5.875350e-01   2.917932e-17   1.246290e-03   5.261632e-20   308826
  5.918408e-01   2.927083e-17   1.243049e-03   5.216633e-20   312590
  5.961529e-01   2.951319e-17   1.248985e-03   5.222439e-20   318762
  6.004593e-01   2.976354e-17   1.240718e-03   5.234342e-20   321074
  6.047547e-01   2.987171e-17   1.240799e-03   5.259698e-20   326378
  6.090549e-01   2.994675e-17   1.240211e-03   5.215265e-20   330738
  6.133630e-01   3.017396e-17   1.246939e-03   5.202750e-20   337382
  6.176694e-01   3.040245e-17   1.237203e-03   5.211477e-20   339626
  6.219644e-01   3.054942e-17   1.240002e-03   5.211676e-20   345162
  6.262616e-01   3.053075e-17   1.239266e-03   5.168124e-20   349400
  6.305613e-01   3.096299e-17   1.244262e-03   5.194601e-20   355382
  6.348730e-01   3.099645e-17   1.246769e-03   5.173293e-20   360954
  6.391819e-01   3.110454e-17   1.243477e-03   5.184300e-20   364778
  6.435002e-01   3.134899e-17   1.250914e-03   5.163043e-20   372426
  6.478087e-01   3.146251e-17   1.236390e-03   5.162834e-20   372794
  6.521037e-01   3.163761e-17   1.244101e-03   5.139862e-20   380486
  6.564090e-01   3.180389e-17   1.239094e-03   5.119160e-20   384066
  6.607107e-01   3.178277e-17   1.242538e-03   5.111504e-20   390434
  6.650234e-01   3.201893e-17   1.243376e-03   5.105871e-20   395762
  6.693144e-01   3.231654e-17   1.232039e-03   5.128978e-20   397062
  6.736189e-01   3.236693e-17   1.251120e-03   5.073539e-20   408176
  6.779316e-01   3.250172e-17   1.240403e-03   5.088141e-20   409362
  6.822349e-01   3.257439e-17   1.245861e-03   5.047995e-20   416666
  6.865353e-01   3.297097e-17   1.238522e-03   5.099055e-20   419186
  6.908366e-01   3.307603e-17   1.246872e-03   5.077771e-20   427638
  6.951419e-01   3.302569e-17   1.239127e-03   5.046761e-20   430274
  6.994439e-01   3.328531e-17   1.244186e-03   5.039303e-20   438050
  7.037510e-01   3.342048e-17   1.238974e-03   5.056447e-20   441426
  7.080449e-01   3.361542e-17   1.239295e-03   5.030772e-20   446942
  7.123499e-01   3.378001e-17   1.242845e-03   5.011400e-20   453890
  7.166480e-01   3.393377e-17   1.237274e-03   5.020504e-20   456816
  7.209534e-01   3.398905e-17   1.248635e-03   4.974472e-20   466370
  7.252656e-01   3.422020e-17   1.242502e-03   5.022711e-20   469518
  7.295732e-01   3.436054e-17   1.245116e-03   4.993029e-20   476330
  7.338725e-01   3.444287e-17   1.238721e-03   4.990344e-20   478994
  7.381744e-01   3.461432e-17   1.246904e-03   4.957730e-20   488394
  7.424884e-01   3.490683e-17   1.242990e-03   4.975102e-20   492698
  7.467973e-01   3.501516e-17   1.243980e-03   4.963783e-20   498974
  7.510935e-01   3.506742e-17   1.234693e-03   4.961305e-20   501090
  7.553919e-01   3.524586e-17   1.244343e-03   4.925837e-20   511082
  7.597004e-01   3.540171e-17   1.240179e-03   4.937225e-20   514784
  7.639967e-01   3.546280e-17   1.240878e-03   4.922855e-20   520350
  7.683091e-01   3.556328e-17   1.249509e-03   4.885282e-20   530138
  7.726120e-01   3.567676e-17   1.236517e-03   4.907547e-20   529794
  7.769160e-01   3.597804e-17   1.251602e-03   4.908754e-20   542762
  7.812225e-01   3.602949e-17   1.235289e-03   4.888831e-20   541634
  7.855259e-01   3.625426e-17   1.250892e-03   4.877411e-20   554670
  7.898355e-01   3.634009e-17   1.237417e-03   4.874695e-20   554834
  7.941302e-01   3.658756e-17   1.241778e-03   4.868703e-20   563306
  7.984446e-01   3.650500e-17   1.246587e-03   4.835690e-20   571794
  8.027475e-01   3.667357e-17   1.236199e-03   4.849210e-20   572894
  8.070387e-01   3.678623e-17   1.240006e-03   4.832732e-20   580776
  8.113339e-01   3.704673e-17   1.240324e-03   4.851057e-20   586418
  8.156437e-01   3.705765e-17   1.249813e-03   4.808173e-20   597386
  8.199632e-01   3.726524e-17   1.245750e-03   4.802422e-20   601362
  8.242739e-01   3.741851e-17   1.245729e-03   4.795548e-20   608078
  8.285755e-01   3.753950e-17   1.238705e-03   4.804584e-20   610898
  8.328766e-01   3.777614e-17   1.245632e-03   4.788111e-20   621330
  8.371838e-01   3.779459e-17   1.238702e-03   4.788010e-20   624722
  8.414815e-01   3.793443e-17   1.240373e-03   4.771942e-20   631958
  8.457801e-01   3.794986e-17   1.238534e-03   4.761888e-20   637602
  8.500779e-01   3.819462e-17   1.240333e-03   4.775029e-20   644840
  8.543927e-01   3.840075e-17   1.249060e-03   4.758573e-20   655578
  8.587058e-01   3.841365e-17   1.242590e-03   4.738674e-20   657818
  8.630031e-01   3.842468e-17   1.240971e-03   4.701074e-20   664022
  8.673080e-01   3.871404e-17   1.245948e-03   4.726761e-20   672954
  8.716138e-01   3.877655e-17   1.242705e-03   4.708449e-20   678338
  8.759180e-01   3.886468e-17   1.242125e-03   4.704900e-20   685130
  8.802218e-01   3.897760e-17   1.242115e-03   4.702554e-20   692166
  8.845144e-01   3.924744e-17   1.234388e-03   4.710797e-20   694682
  8.888163e-01   3.930395e-17   1.247301e-03   4.674674e-20   709146
  8.931296e-01   3.935537e-17   1.239356e-03   4.675221e-20   711506
  8.974273e-01   3.945900e-17   1.240782e-03   4.650163e-20   718148
  9.017357e-01   3.973170e-17   1.247217e-03   4.658735e-20   729042
  9.060468e-01   3.988238e-17   1.242130e-03   4.670984e-20   732410
  9.103467e-01   3.995278e-17   1.242891e-03   4.652973e-20   739946
  9.146534e-01   4.004010e-17   1.244593e-03   4.636020e-20   747906
  9.189582e-01   4.011951e-17   1.242506e-03   4.618168e-20   754214
  9.232643e-01   4.024566e-17   1.242436e-03   4.608462e-20   761618
  9.275643e-01   4.033651e-17   1.239211e-03   4.613104e-20   766986
  9.318660e-01   4.056934e-17   1.241058e-03   4.601642e-20   775922
  9.361725e-01   4.067936e-17   1.241758e-03   4.592967e-20   783198
  9.404756e-01   4.067456e-17   1.240472e-03   4.586303e-20   789080
  9.447763e-01   4.090980e-17   1.242851e-03   4.590162e-20   796850
  9.490869e-01   4.094419e-17   1.247937e-03   4.556940e-20   807522
  9.533924e-01   4.102950e-17   1.239848e-03   4.549701e-20   808994
  9.577007e-01   4.121807e-17   1.250666e-03   4.526492e-20   824078
  9.620112e-01   4.126996e-17   1.238593e-03   4.544125e-20   823554
  9.663007e-01   4.138460e-17   1.239589e-03   4.534037e-20   831818
  9.705964e-01   4.165282e-17   1.239567e-03   4.542842e-20   839906
  9.749005e-01   4.149558e-17   1.243918e-03   4.504576e-20   850518
  9.792141e-01   4.175254e-17   1.243935e-03   4.502857e-20   858194
  9.835154e-01   4.195698e-17   1.237898e-03   4.533594e-20   861138
  9.878201e-01   4.206861e-17   1.246238e-03   4.502856e-20   874328
  9.921277e-01   4.206868e-17   1.242167e-03   4.509055e-20   877754
  9.964333e-01   4.222622e-17   1.246740e-03   4.476200e-20   889110
  1.000736e+00   4.230194e-17   1.239362e-03   4.479328e-20   891266
  1.005045e+00   4.242024e-17   1.250650e-03   4.458565e-20   907490
  1.009351e+00   4.251948e-17   1.236362e-03   4.459604e-20   905442
  1.013648e+00   4.262427e-17   1.243368e-03   4.438249e-20   919094
  1.017959e+00   4.270437e-17   1.242743e-03   4.416267e-20   926706
  1.022255e+00   4.272819e-17   1.235935e-03   4.429063e-20   929066
  1.026557e+00   4.305334e-17   1.244945e-03   4.432959e-20   944210
  1.030871e+00   4.303491e-17   1.244094e-03   4.433302e-20   950280
  1.035172e+00   4.313973e-17   1.240473e-03   4.420256e-20   954830
  1.039482e+00   4.327703e-17   1.249830e-03   4.402479e-20   969770
  1.043793e+00   4.340404e-17   1.241385e-03   4.404983e-20   971370
  1.048084e+00   4.350663e-17   1.238565e-03   4.405842e-20   976970
  1.052389e+00   4.361130e-17   1.248650e-03   4.364135e-20   993998
  1.056701e+00   4.358215e-17   1.239979e-03   4.371580e-20   995850
  1.061001e+00   4.375255e-17   1.241064e-03   4.358245e-20   1004930
  1.065300e+00   4.394457e-17   1.238399e-03   4.372993e-20   1011570
  1.069600e+00   4.392711e-17   1.241097e-03   4.349347e-20   1021550
  1.073904e+00   4.406455e-17   1.241994e-03   4.354661e-20   1030184
  1.078211e+00   4.416749e-17   1.244718e-03   4.327183e-20   1039458
  1.082516e+00   4.419562e-17   1.242818e-03   4.317156e-20   1046378
  1.086817e+00   4.444565e-17   1.241429e-03   4.337201e-20   1053266
  1.091121e+00   4.445961e-17   1.245400e-03   4.299305e-20   1065414
  1.095433e+00   4.466104e-17   1.244145e-03   4.305114e-20   1073258
  1.099737e+00   4.469342e-17   1.239997e-03   4.296171e-20   1078522
  1.104033e+00   4.480273e-17   1.238538e-03   4.300726e-20   1086226
  1.108335e+00   4.485537e-17   1.242384e-03   4.284636e-20   1098374
  1.112647e+00   4.493501e-17   1.244052e-03   4.275613e-20   1108626
  1.116952e+00   4.500183e-17   1.239083e-03   4.282809e-20   1111466
  1.121259e+00   4.522731e-17   1.247025e-03   4.269149e-20   1127384
  1.125557e+00   4.529615e-17   1.234728e-03   4.275744e-20   1123506
  1.129854e+00   4.534932e-17   1.248772e-03   4.236262e-20   1144814
  1.134168e+00   4.549702e-17   1.243865e-03   4.242427e-20   1149074
  1.138474e+00   4.557693e-17   1.244851e-03   4.230705e-20   1159050
  1.142776e+00   4.564424e-17   1.239251e-03   4.242781e-20   1163282
  1.147076e+00   4.575538e-17   1.243109e-03   4.220593e-20   1176462
  1.151386e+00   4.594274e-17   1.242518e-03   4.224477e-20   1185266
  1.155692e+00   4.586507e-17   1.242010e-03   4.199154e-20   1193066
  1.159992e+00   4.598756e-17   1.238572e-03   4.204674e-20   1199058
  1.164291e+00   4.611743e-17   1.242339e-03   4.202209e-20   1210400
  1.168599e+00   4.624232e-17   1.245940e-03   4.188224e-20   1222238
  1.172906e+00   4.626400e-17   1.242668e-03   4.175947e-20   1227642
  1.177204e+00   4.638862e-17   1.241123e-03   4.174828e-20   1235594
  1.181510e+00   4.644661e-17   1.246370e-03   4.157373e-20   1249850
  1.185818e+00   4.654632e-17   1.242248e-03   4.151171e-20   1255470
  1.190121e+00   4.657412e-17   1.240701e-03   4.138307e-20   1264130
  1.194423e+00   4.670088e-17   1.241739e-03   4.132375e-20   1274130
  1.198728e+00   4.683428e-17   1.242253e-03   4.146922e-20   1283978
  1.203038e+00   4.690073e-17   1.244741e-03   4.118242e-20   1295498
  1.207344e+00   4.694273e-17   1.240214e-03   4.119491e-20   1300158
  1.211643e+00   4.705347e-17   1.241677e-03   4.113190e-20   1309064
  1.215945e+00   4.724978e-17   1.245586e-03   4.108855e-20   1322690
  1.220252e+00   4.729660e-17   1.242364e-03   4.100451e-20   1328658
  1.224558e+00   4.732144e-17   1.246335e-03   4.076676e-20   1342238
  1.228869e+00   4.736019e-17   1.243416e-03   4.084484e-20   1349490
  1.233166e+00   4.756172e-17   1.237892e-03   4.093437e-20   1353506
  1.237466e+00   4.757653e-17   1.242952e-03   4.069446e-20   1369106
  1.241772e+00   4.769304e-17   1.242177e-03   4.057990e-20   1377582
  1.246079e+00   4.769840e-17   1.242400e-03   4.050503e-20   1388114
  1.250381e+00   4.775712e-17   1.239627e-03   4.044077e-20   1393274
  1.254678e+00   4.791823e-17   1.241614e-03   4.046139e-20   1404720
  1.258988e+00   4.800916e-17   1.247243e-03   4.036618e-20   1420178
  1.263292e+00   4.805978e-17   1.239631e-03   4.028359e-20   1421174
  1.267590e+00   4.814268e-17   1.243106e-03   4.028750e-20   1434786
  1.271896e+00   4.821842e-17   1.244547e-03   4.007992e-20   1446986
  1.276207e+00   4.825760e-17   1.243658e-03   3.993897e-20   1456698
  1.280513e+00   4.835567e-17   1.241620e-03   3.994673e-20   1464134
  1.284817e+00   4.848997e-17   1.241275e-03   3.990272e-20   1474346
  1.289118e+00   4.863431e-17   1.239915e-03   3.995679e-20   1481874
  1.293420e+00   4.848275e-17   1.242922e-03   3.969679e-20   1495418
  1.297725e+00   4.873557e-17   1.241362e-03   3.970651e-20   1502768
  1.302034e+00   4.875215e-17   1.247057e-03   3.953105e-20   1519446
  1.306335e+00   4.879820e-17   1.237101e-03   3.963477e-20   1516106
  1.310634e+00   4.887315e-17   1.247497e-03   3.945219e-20   1539458
  1.314948e+00   4.895614e-17   1.243906e-03   3.935191e-20   1545762
  1.319254e+00   4.913286e-17   1.242503e-03   3.943541e-20   1554062
  1.323553e+00   4.912974e-17   1.239615e-03   3.940795e-20   1561650
  1.327854e+00   4.928253e-17   1.242329e-03   3.935976e-20   1575458
  1.332163e+00   4.930700e-17   1.243591e-03   3.912640e-20   1587722
  1.336470e+00   4.933702e-17   1.241143e-03   3.915963e-20   1594002
  1.340765e+00   4.947972e-17   1.238235e-03   3.910837e-20   1600814
  1.345068e+00   4.948588e-17   1.245460e-03   3.882517e-20   1619192
  1.349373e+00   4.963232e-17   1.241649e-03   3.892120e-20   1624002
  1.353677e+00   4.964874e-17   1.244635e-03   3.883874e-20   1638602
  1.357986e+00   4.987042e-17   1.244174e-03   3.874092e-20   1648566
  1.362290e+00   4.982389e-17   1.241284e-03   3.875555e-20   1655666
  1.366596e+00   4.983229e-17   1.245214e-03   3.853901e-20   1671698
  1.370906e+00   4.991704e-17   1.242328e-03   3.854133e-20   1679562
  1.375207e+00   4.993712e-17   1.239299e-03   3.850537e-20   1685138
  1.379509e+00   5.003333e-17   1.243826e-03   3.832934e-20   1702454
  1.383816e+00   5.013442e-17   1.241119e-03   3.837581e-20   1708986
  1.388120e+00   5.012370e-17   1.243909e-03   3.823053e-20   1722488
  1.392418e+00   5.031781e-17   1.238529e-03   3.828630e-20   1724810
  1.396721e+00   5.031874e-17   1.248056e-03   3.803760e-20   1749438
  1.401035e+00   5.047018e-17   1.243226e-03   3.818756e-20   1753610
  1.405335e+00   5.046904e-17   1.240420e-03   3.810460e-20   1760418
  1.409639e+00   5.060055e-17   1.244367e-03   3.799788e-20   1777586
  1.413941e+00   5.067928e-17   1.239207e-03   3.805265e-20   1780934
  1.418241e+00   5.061438e-17   1.242630e-03   3.782864e-20   1797570
  1.422549e+00   5.084303e-17   1.243489e-03   3.783159e-20   1809098
  1.426853e+00   5.081414e-17   1.241116e-03   3.771360e-20   1816970
  1.431155e+00   5.087334e-17   1.241990e-03   3.758051e-20   1828410
  1.435456e+00   5.102265e-17   1.242105e-03   3.768017e-20   1839428
  1.439764e+00   5.095354e-17   1.245227e-03   3.740598e-20   1854378
  1.444071e+00   5.103567e-17   1.243715e-03   3.731989e-20   1863026
  1.448374e+00   5.121125e-17   1.241766e-03   3.742998e-20   1872122
  1.452677e+00   5.118078e-17   1.242837e-03   3.729233e-20   1885062
  1.456984e+00   5.128790e-17   1.243476e-03   3.716159e-20   1897898
  1.461290e+00   5.136854e-17   1.242076e-03   3.721866e-20   1906922
  1.465594e+00   5.143147e-17   1.242184e-03   3.712816e-20   1919154
  1.469901e+00   5.153503e-17   1.243040e-03   3.711644e-20   1930658
  1.474202e+00   5.146780e-17   1.240512e-03   3.693859e-20   1938518
  1.478507e+00   5.157089e-17   1.243411e-03   3.691055e-20   1953864
  1.482809e+00   5.169206e-17   1.241884e-03   3.694189e-20   1961690
  1.487111e+00   5.174888e-17   1.242863e-03   3.682032e-20   1974930
  1.491416e+00   5.181079e-17   1.243334e-03   3.677398e-20   1987286
  1.495718e+00   5.186668e-17   1.240995e-03   3.670276e-20   1995122
  1.500024e+00   5.186785e-17   1.246031e-03   3.652893e-20   2014674
  1.504330e+00   5.201186e-17   1.239904e-03   3.661252e-20   2017970
  1.508634e+00   5.201939e-17   1.244035e-03   3.646693e-20   2035562
  1.512939e+00   5.207185e-17   1.241127e-03   3.643530e-20   2042718
  1.517240e+00   5.208116e-17   1.241490e-03   3.630769e-20   2054762
  1.521546e+00   5.222841e-17   1.244131e-03   3.630447e-20   2070632
  1.525849e+00   5.235422e-17   1.240416e-03   3.632608e-20   2075058
  1.530153e+00   5.235610e-17   1.245785e-03   3.615386e-20   2095838
  1.534463e+00   5.240406e-17   1.243031e-03   3.613522e-20   2103666
  1.538766e+00   5.245110e-17   1.242205e-03   3.609749e-20   2113322
  1.543072e+00   5.250092e-17   1.244060e-03   3.595560e-20   2129258
  1.547376e+00   5.257078e-17   1.241072e-03   3.601929e-20   2135994
  1.551679e+00   5.260311e-17   1.242739e-03   3.583821e-20   2151614
  1.555987e+00   5.264310e-17   1.243657e-03   3.576056e-20   2164850
  1.560295e+00   5.270612e-17   1.242951e-03   3.570155e-20   2176674
  1.564596e+00   5.276303e-17   1.238456e-03   3.576924e-20   2179754
  1.568894e+00   5.280875e-17   1.243472e-03   3.558269e-20   2199852
  1.573199e+00   5.293068e-17   1.241699e-03   3.557581e-20   2208626
  1.577500e+00   5.291149e-17   1.242956e-03   3.550891e-20   2222210
  1.581807e+00   5.292166e-17   1.244712e-03   3.538552e-20   2237802
  1.586113e+00   5.305409e-17   1.242571e-03   3.541048e-20   2246078
  1.590417e+00   5.305591e-17   1.242620e-03   3.534153e-20   2259626
  1.594722e+00   5.308590e-17   1.242750e-03   3.526350e-20   2271810
  1.599026e+00   5.311029e-17   1.241462e-03   3.508761e-20   2282522
  1.603329e+00   5.321963e-17   1.242364e-03   3.510507e-20   2296250
  1.607631e+00   5.332440e-17   1.240557e-03   3.511691e-20   2305542
  1.611933e+00   5.334982e-17   1.242016e-03   3.501305e-20   2320352
  1.616237e+00   5.337754e-17   1.243213e-03   3.489319e-20   2334258
  1.620545e+00   5.346677e-17   1.244091e-03   3.486296e-20   2347802
  1.624850e+00   5.343767e-17   1.242834e-03   3.481382e-20   2357462
  1.629153e+00   5.360092e-17   1.242084e-03   3.481416e-20   2369586
  1.633459e+00   5.358459e-17   1.244214e-03   3.474170e-20   2385506
  1.637763e+00   5.366341e-17   1.241440e-03   3.469793e-20   2394194
  1.642067e+00   5.366743e-17   1.242296e-03   3.462330e-20   2408730
  1.646373e+00   5.380048e-17   1.243029e-03   3.454682e-20   2423102
  1.650676e+00   5.378177e-17   1.239391e-03   3.453909e-20   2428458
  1.654978e+00   5.385995e-17   1.243637e-03   3.446040e-20   2449874
  1.659284e+00   5.384374e-17   1.241473e-03   3.435131e-20   2456864
  1.663583e+00   5.394643e-17   1.241854e-03   3.426647e-20   2469006
  1.667887e+00   5.397868e-17   1.243567e-03   3.424356e-20   2486546
  1.672195e+00   5.391794e-17   1.244576e-03   3.410017e-20   2500250
  1.676502e+00   5.409356e-17   1.243329e-03   3.414649e-20   2511186
  1.680803e+00   5.408668e-17   1.240061e-03   3.408409e-20   2517722
  1.685108e+00   5.417902e-17   1.245284e-03   3.397335e-20   2542742
  1.689415e+00   5.407502e-17   1.240720e-03   3.390640e-20   2545842
  1.693712e+00   5.424831e-17   1.239948e-03   3.398129e-20   2557874
  1.698013e+00   5.420255e-17   1.241475e-03   3.378282e-20   2574354
  1.702320e+00   5.433898e-17   1.244413e-03   3.377623e-20   2592404
  1.706626e+00   5.435219e-17   1.241878e-03   3.370280e-20   2599274
  1.710932e+00   5.439844e-17   1.245741e-03   3.366753e-20   2619954
  1.715239e+00   5.444322e-17   1.241533e-03   3.359277e-20   2624570
  1.719539e+00   5.455623e-17   1.242882e-03   3.358438e-20   2639714
  1.723846e+00   5.456022e-17   1.244823e-03   3.344715e-20   2659158
  1.728155e+00   5.452522e-17   1.242243e-03   3.336065e-20   2666810
  1.732457e+00   5.459000e-17   1.241518e-03   3.341235e-20   2679098
  1.736758e+00   5.459959e-17   1.240366e-03   3.328673e-20   2690778
  1.741064e+00   5.470639e-17   1.244805e-03   3.321907e-20   2713886
  1.745369e+00   5.465904e-17   1.239456e-03   3.323327e-20   2714448
  1.749676e+00   5.481029e-17   1.247458e-03   3.309368e-20   2744474
  1.753986e+00   5.477869e-17   1.241601e-03   3.306340e-20   2744690
  1.758281e+00   5.479196e-17   1.239906e-03   3.300738e-20   2752926
  1.762584e+00   5.496926e-17   1.246417e-03   3.300417e-20   2782370
  1.766896e+00   5.488427e-17   1.243946e-03   3.287880e-20   2790218
  1.771198e+00   5.491701e-17   1.240797e-03   3.282508e-20   2797890
  1.775495e+00   5.497569e-17   1.239545e-03   3.281256e-20   2808938
  1.779800e+00   5.503042e-17   1.245502e-03   3.265355e-20   2837358
  1.784107e+00   5.503328e-17   1.239356e-03   3.267767e-20   2837234
  1.788406e+00   5.507060e-17   1.242372e-03   3.261639e-20   2857250
  1.792715e+00   5.513398e-17   1.243958e-03   3.255983e-20   2874456
  1.797020e+00   5.514897e-17   1.242107e-03   3.249957e-20   2881862
  1.801324e+00   5.519105e-17   1.243761e-03   3.242320e-20   2899994
  1.805628e+00   5.527112e-17   1.242168e-03   3.236376e-20   2909586
  1.809931e+00   5.528163e-17   1.243470e-03   3.233474e-20   2927330
  1.814238e+00   5.529797e-17   1.243690e-03   3.229046e-20   2941802
  1.818542e+00   5.538735e-17   1.241373e-03   3.222055e-20   2952054
  1.822847e+00   5.541602e-17   1.242621e-03   3.216683e-20   2969522
  1.827150e+00   5.547642e-17   1.240525e-03   3.215233e-20   2978778
  1.831451e+00   5.536978e-17   1.241105e-03   3.200596e-20   2994338
  1.835751e+00   5.547156e-17   1.240314e-03   3.205945e-20   3004772
  1.840058e+00   5.542888e-17   1.246414e-03   3.185716e-20   3032706
  1.844365e+00   5.563782e-17   1.241907e-03   3.189196e-20   3035306
  1.848670e+00   5.554133e-17   1.244354e-03   3.178282e-20   3056018
  1.852975e+00   5.564138e-17   1.242053e-03   3.179266e-20   3063690
  1.857279e+00   5.562428e-17   1.243645e-03   3.170364e-20   3083726
  1.861581e+00   5.569997e-17   1.239993e-03   3.168237e-20   3089378
  1.865886e+00   5.570177e-17   1.244941e-03   3.155864e-20   3116898
  1.870193e+00   5.570893e-17   1.240195e-03   3.157024e-20   3119714
  1.874493e+00   5.580488e-17   1.241048e-03   3.148505e-20   3136518
  1.878799e+00   5.579672e-17   1.243148e-03   3.140242e-20   3155810
  1.883100e+00   5.582239e-17   1.240167e-03   3.142597e-20   3160760
  1.887405e+00   5.574072e-17   1.245521e-03   3.126922e-20   3188730
  1.891713e+00   5.587688e-17   1.242677e-03   3.129122e-20   3194306
  1.896011e+00   5.593009e-17   1.240445e-03   3.126927e-20   3204086
  1.900317e+00   5.598090e-17   1.246283e-03   3.114701e-20   3234282
  1.904623e+00   5.597644e-17   1.240145e-03   3.110139e-20   3234122
  1.908926e+00   5.597440e-17   1.243791e-03   3.101263e-20   3258762
  1.913232e+00   5.612185e-17   1.241319e-03   3.108106e-20   3267950
  1.917535e+00   5.612034e-17   1.241274e-03   3.097161e-20   3282698
  1.921839e+00   5.608015e-17   1.242799e-03   3.089401e-20   3300162
  1.926144e+00   5.606728e-17   1.242345e-03   3.084153e-20   3313592
  1.930452e+00   5.605067e-17   1.245108e-03   3.071198e-20   3333638
  1.934756e+00   5.611755e-17   1.241589e-03   3.069381e-20   3338922
  1.939059e+00   5.625019e-17   1.244093e-03   3.071175e-20   3360170
  1.943362e+00   5.624667e-17   1.241910e-03   3.063842e-20   3370466
  1.947662e+00   5.630865e-17   1.241051e-03   3.060329e-20   3383418
  1.951967e+00   5.627394e-17   1.244361e-03   3.049187e-20   3409310
  1.956277e+00   5.620816e-17   1.242644e-03   3.041165e-20   3420186
  1.960580e+00   5.635453e-17   1.241058e-03   3.044042e-20   3430370
  1.964884e+00   5.636322e-17   1.242399e-03   3.035442e-20   3449018
  1.969183e+00   5.638045e-17   1.239329e-03   3.037187e-20   3454878
  1.973487e+00   5.638668e-17   1.245402e-03   3.022163e-20   3486272
  1.977797e+00   5.643283e-17   1.243904e-03   3.019940e-20   3494954
  1.982100e+00   5.646172e-17   1.241774e-03   3.016209e-20   3506010
  1.986406e+00   5.647379e-17   1.244904e-03   3.008065e-20   3529586
  1.990712e+00   5.645027e-17   1.242458e-03   3.005493e-20   3538542
  1.995016e+00   5.642746e-17   1.241945e-03   2.995596e-20   3553826
  1.999319e+00   5.649846e-17   1.241956e-03   2.988529e-20   3570434
  2.003620e+00   5.651585e-17   1.239732e-03   2.987088e-20   3579018
  2.007924e+00   5.662101e-17   1.244701e-03   2.978490e-20   3608798
  2.012228e+00   5.653106e-17   1.238774e-03   2.978133e-20   3607130
  2.016532e+00   5.663525e-17   1.245747e-03   2.967058e-20   3640104
  2.020840e+00   5.665888e-17   1.242775e-03   2.965356e-20   3647210
  2.025143e+00   5.667808e-17   1.242355e-03   2.961232e-20   3660290
  2.029446e+00   5.667568e-17   1.243706e-03   2.953568e-20   3680550
  2.033752e+00   5.673451e-17   1.242363e-03   2.954809e-20   3693098
  2.038057e+00   5.664072e-17   1.243608e-03   2.943465e-20   3714114
  2.042363e+00   5.674962e-17   1.240820e-03   2.939621e-20   3722018
  2.046664e+00   5.674513e-17   1.242086e-03   2.935124e-20   3740990
  2.050969e+00   5.676833e-17   1.242428e-03   2.933171e-20   3758346
  2.055275e+00   5.678522e-17   1.242572e-03   2.921922e-20   3773954
  2.059575e+00   5.684485e-17   1.239579e-03   2.924138e-20   3780056
  2.063876e+00   5.677878e-17   1.244110e-03   2.913191e-20   3807714
  2.068184e+00   5.683706e-17   1.244255e-03   2.907615e-20   3824390
  2.072489e+00   5.678557e-17   1.241967e-03   2.897759e-20   3832538
  2.076792e+00   5.687622e-17   1.243235e-03   2.895895e-20   3854226
  2.081097e+00   5.693481e-17   1.241880e-03   2.896407e-20   3866354
  2.085398e+00   5.686822e-17   1.241460e-03   2.885241e-20   3881574
  2.089705e+00   5.696887e-17   1.244354e-03   2.880876e-20   3907874
  2.094012e+00   5.696749e-17   1.241372e-03   2.876971e-20   3914594
  2.098316e+00   5.698039e-17   1.241764e-03   2.872083e-20   3931602
  2.102619e+00   5.699072e-17   1.242514e-03   2.873487e-20   3948638
  2.106925e+00   5.694131e-17   1.243372e-03   2.861036e-20   3967736
  2.111226e+00   5.702602e-17   1.240652e-03   2.865791e-20   3972594
  2.115526e+00   5.706147e-17   1.243453e-03   2.856756e-20   3998954
  2.119832e+00   5.699197e-17   1.242579e-03   2.844490e-20   4012842
  2.124138e+00   5.706545e-17   1.244232e-03   2.840137e-20   4035254
  2.128446e+00   5.704900e-17   1.242914e-03   2.837739e-20   4048010
  2.132748e+00   5.709041e-17   1.240468e-03   2.836787e-20   4057242
  2.137052e+00   5.707407e-17   1.242910e-03   2.827194e-20   4081730
  2.141355e+00   5.709813e-17   1.241417e-03   2.821361e-20   4092086
  2.145657e+00   5.711300e-17   1.241641e-03   2.815203e-20   4110330
  2.149960e+00   5.714441e-17   1.242579e-03   2.815299e-20   4127672
  2.154266e+00   5.717079e-17   1.244228e-03   2.807966e-20   4149002
  2.158574e+00   5.714574e-17   1.244181e-03   2.801573e-20   4165482
  2.162879e+00   5.720312e-17   1.241793e-03   2.798274e-20   4175318
  2.167183e+00   5.717137e-17   1.243316e-03   2.792819e-20   4196754
  2.171489e+00   5.719800e-17   1.243264e-03   2.790617e-20   4214498
  2.175796e+00   5.717662e-17   1.242428e-03   2.779102e-20   4229690
  2.180100e+00   5.727104e-17   1.241701e-03   2.779523e-20   4243014
  2.184403e+00   5.721549e-17   1.242176e-03   2.769779e-20   4262114
  2.188703e+00   5.726023e-17   1.239864e-03   2.769919e-20   4270586
  2.193005e+00   5.725690e-17   1.243077e-03   2.765648e-20   4298442
  2.197313e+00   5.719402e-17   1.243776e-03   2.754108e-20   4315424
  2.201617e+00   5.727747e-17   1.242010e-03   2.751472e-20   4326502
  2.205919e+00   5.725284e-17   1.242090e-03   2.746789e-20   4343218
  2.210223e+00   5.731904e-17   1.243868e-03   2.740097e-20   4367282
  2.214533e+00   5.732241e-17   1.244354e-03   2.735925e-20   4386738
  2.218837e+00   5.729133e-17   1.240659e-03   2.735373e-20   4391198
  2.223134e+00   5.730660e-17   1.239602e-03   2.731166e-20   4405226
  2.227438e+00   5.735578e-17   1.244513e-03   2.725144e-20   4439250
  2.231748e+00   5.733783e-17   1.243132e-03   2.720742e-20   4452506
  2.236052e+00   5.734468e-17   1.241634e-03   2.713487e-20   4462130
  2.240352e+00   5.735736e-17   1.240792e-03   2.710732e-20   4476564
  2.244658e+00   5.734535e-17   1.245364e-03   2.698894e-20   4509338
  2.248962e+00   5.734194e-17   1.240711e-03   2.702584e-20   4510362
  2.253265e+00   5.738648e-17   1.243332e-03   2.696633e-20   4537346
  2.257569e+00   5.741605e-17   1.242277e-03   2.693069e-20   4550990
  2.261875e+00   5.737864e-17   1.243361e-03   2.684645e-20   4572642
  2.266181e+00   5.739454e-17   1.242778e-03   2.679351e-20   4588706
  2.270486e+00   5.739221e-17   1.241612e-03   2.674124e-20   4602770
  2.274788e+00   5.741107e-17   1.241771e-03   2.675866e-20   4619478
  2.279089e+00   5.746150e-17   1.240755e-03   2.671133e-20   4634138
  2.283394e+00   5.741070e-17   1.244489e-03   2.659014e-20   4663880
  2.287700e+00   5.740295e-17   1.241878e-03   2.657672e-20   4671234
  2.292004e+00   5.744389e-17   1.243070e-03   2.646820e-20   4692506
  2.296309e+00   5.732700e-17   1.243564e-03   2.639878e-20   4712910
  2.300614e+00   5.743621e-17   1.241968e-03   2.643463e-20   4724354
  2.304917e+00   5.740669e-17   1.243226e-03   2.635532e-20   4746746
  2.309222e+00   5.748581e-17   1.242336e-03   2.636218e-20   4762338
  2.313526e+00   5.744851e-17   1.242324e-03   2.629588e-20   4779854
  2.317829e+00   5.744307e-17   1.241534e-03   2.623000e-20   4795466
  2.322134e+00   5.745874e-17   1.243776e-03   2.619048e-20   4821354
  2.326436e+00   5.743066e-17   1.239680e-03   2.615690e-20   4824650
  2.330739e+00   5.748105e-17   1.244160e-03   2.612164e-20   4857600
  2.335045e+00   5.744713e-17   1.242397e-03   2.603901e-20   4868630
  2.339349e+00   5.742824e-17   1.242730e-03   2.597296e-20   4888178
  2.343650e+00   5.743405e-17   1.241148e-03   2.594740e-20   4899498
  2.347957e+00   5.747738e-17   1.245154e-03   2.586271e-20   4934162
  2.352265e+00   5.745876e-17   1.242531e-03   2.583436e-20   4942238
  2.356570e+00   5.744644e-17   1.242221e-03   2.580799e-20   4959786
  2.360872e+00   5.745979e-17   1.241444e-03   2.577679e-20   4974266
  2.365174e+00   5.750929e-17   1.241369e-03   2.575975e-20   4994210
  2.369476e+00   5.744557e-17   1.241541e-03   2.569722e-20   5011218
  2.373781e+00   5.742423e-17   1.244195e-03   2.557868e-20   5040140
  2.378089e+00   5.744283e-17   1.242503e-03   2.555816e-20   5050506
  2.382393e+00   5.750906e-17   1.243411e-03   2.553634e-20   5071754
  2.386698e+00   5.747597e-17   1.242456e-03   2.550684e-20   5085722
  2.391006e+00   5.752469e-17   1.245460e-03   2.542955e-20   5116902
  2.395311e+00   5.747058e-17   1.240080e-03   2.542951e-20   5114138
  2.399611e+00   5.749516e-17   1.243148e-03   2.535981e-20   5145266
  2.403915e+00   5.748235e-17   1.241306e-03   2.532133e-20   5157786
  2.408215e+00   5.747519e-17   1.240637e-03   2.527163e-20   5172578
  2.412521e+00   5.754672e-17   1.245271e-03   2.522717e-20   5211182
  2.416823e+00   5.746439e-17   1.237575e-03   2.522240e-20   5196930
  2.421125e+00   5.750110e-17   1.245808e-03   2.508048e-20   5250656
  2.425435e+00   5.747753e-17   1.242301e-03   2.506774e-20   5252370
  2.429740e+00   5.744103e-17   1.244183e-03   2.502511e-20   5278838
  2.434048e+00   5.750276e-17   1.242961e-03   2.498468e-20   5293178
  2.438352e+00   5.744507e-17   1.242508e-03   2.494970e-20   5309106
  2.442655e+00   5.749759e-17   1.241858e-03   2.493227e-20   5326490
  2.446958e+00   5.741219e-17   1.242077e-03   2.484649e-20   5346926
  2.451258e+00   5.743471e-17   1.239854e-03   2.482990e-20   5357370
  2.455559e+00   5.743449e-17   1.242581e-03   2.474580e-20   5386490
  2.459866e+00   5.749601e-17   1.243365e-03   2.472917e-20   5410386
  2.464172e+00   5.750387e-17   1.242166e-03   2.469826e-20   5422136
  2.468474e+00   5.744019e-17   1.242008e-03   2.462647e-20   5438390
  2.472780e+00   5.746889e-17   1.244789e-03   2.457886e-20   5469642
  2.477086e+00   5.749262e-17   1.241939e-03   2.458575e-20   5475866
  2.481390e+00   5.742800e-17   1.243879e-03   2.449630e-20   5504042
  2.485694e+00   5.738698e-17   1.241823e-03   2.445527e-20   5514198
  2.490000e+00   5.740718e-17   1.243759e-03   2.438989e-20   5544122
  2.494304e+00   5.738792e-17   1.240999e-03   2.435892e-20   5549978
  2.498605e+00   5.740269e-17   1.241898e-03   2.434173e-20   5575146
  2.502910e+00   5.741556e-17   1.242322e-03   2.425967e-20   5596322
  2.507211e+00   5.740260e-17   1.240639e-03   2.426173e-20   5607036
  2.511512e+00   5.738680e-17   1.242217e-03   2.417235e-20   5631314
  2.515818e+00   5.734208e-17   1.244475e-03   2.408352e-20   5661050
  2.520126e+00   5.736147e-17   1.243149e-03   2.409125e-20   5673786
  2.524432e+00   5.738999e-17   1.244130e-03   2.402530e-20   5697374
  2.528738e+00   5.743490e-17   1.241940e-03   2.404457e-20   5708810
  2.533040e+00   5.737509e-17   1.241784e-03   2.397425e-20   5727042
  2.537342e+00   5.734143e-17   1.241725e-03   2.393374e-20   5748458
  2.541649e+00   1.674078e-17   1.244094e-03   1.685120e-20   5778522
  2.545953e+00   2.829353e-22   1.240923e-03   1.307466e-25   5772611
  2.550256e+00   2.614506e-22   1.242948e-03   1.214869e-25   5773088
  2.554562e+00   2.404207e-22   1.243608e-03   1.119600e-25   5766492
  2.558868e+00   2.215888e-22   1.241607e-03   1.035216e-25   5746712
  2.563169e+00   2.052919e-22   1.242178e-03   9.608502e-26   5738888
  2.567472e+00   1.912121e-22   1.241717e-03   8.945480e-26   5727276
  2.571777e+00   1.791745e-22   1.244237e-03   8.392681e-26   5727968
  2.576082e+00   1.686288e-22   1.241561e-03   7.904159e-26   5706164
  2.580384e+00   1.595603e-22   1.241996e-03   7.481955e-26   5696964
  2.584687e+00   1.510225e-22   1.242601e-03   7.071087e-26   5691224
  2.588994e+00   1.433805e-22   1.243467e-03   6.715433e-26   5683428
  2.593295e+00   1.362609e-22   1.240170e-03   6.377957e-26   5658572
  2.597598e+00   1.296697e-22   1.243699e-03   6.071328e-26   5664392
  2.601906e+00   1.238092e-22   1.243219e-03   5.791345e-26   5650404
  2.606210e+00   1.183839e-22   1.241780e-03   5.537248e-26   5633456
  2.610515e+00   1.132373e-22   1.244307e-03   5.293856e-26   5634524
  2.614819e+00   1.086477e-22   1.239992e-03   5.072111e-26   5604324
  2.619119e+00   1.044108e-22   1.242897e-03   4.864280e-26   5605076
  2.623424e+00   1.003811e-22   1.242845e-03   4.676045e-26   5596064
  2.627732e+00   9.671123e-23   1.243912e-03   4.505680e-26   5588460
  2.632037e+00   9.319855e-23   1.241718e-03   4.334899e-26   5567744
  2.636340e+00   9.011211e-23   1.242380e-03   4.197130e-26   5559864
  2.640647e+00   8.706692e-23   1.244149e-03   4.045832e-26   5556716
  2.644952e+00   8.414922e-23   1.241612e-03   3.911152e-26   5532800
  2.649256e+00   8.154341e-23   1.243680e-03   3.786207e-26   5530536
  2.653561e+00   7.890129e-23   1.241739e-03   3.665776e-26   5511644
  2.657862e+00   7.657471e-23   1.242126e-03   3.554549e-26   5500436
  2.662166e+00   7.429155e-23   1.242823e-03   3.446203e-26   5492448
  2.666468e+00   7.203547e-23   1.241638e-03   3.338836e-26   5475248
  2.670773e+00   6.997107e-23   1.243929e-03   3.240279e-26   5475360
  2.675079e+00   6.801720e-23   1.241992e-03   3.151526e-26   5453936
  2.679381e+00   6.620936e-23   1.241882e-03   3.071960e-26   5442836
  2.683687e+00   6.432715e-23   1.243911e-03   2.976549e-26   5438952
  2.687991e+00   6.266248e-23   1.241484e-03   2.896628e-26   5415560
  2.692297e+00   6.104261e-23   1.244838e-03   2.819383e-26   5419112
  2.696604e+00   5.948475e-23   1.242148e-03   2.752974e-26   5394804
  2.700905e+00   5.797548e-23   1.241326e-03   2.680636e-26   5379152
  2.705208e+00   5.659094e-23   1.243277e-03   2.614978e-26   5375024
  2.709512e+00   5.512663e-23   1.241649e-03   2.544577e-26   5357184
  2.713816e+00   5.387559e-23   1.243183e-03   2.489616e-26   5350592
  2.718124e+00   5.254543e-23   1.244354e-03   2.423888e-26   5344632
  2.722428e+00   5.136481e-23   1.240029e-03   2.372950e-26   5312360
  2.726729e+00   5.010963e-23   1.243419e-03   2.311273e-26   5314304
  2.731034e+00   4.909377e-23   1.241470e-03   2.268119e-26   5293560
  2.735336e+00   4.791206e-23   1.242953e-03   2.209267e-26   5286788
  2.739642e+00   4.686994e-23   1.242757e-03   2.164405e-26   5273120
  2.743944e+00   4.579764e-23   1.241867e-03   2.113286e-26   5256096
  2.748250e+00   4.480343e-23   1.243964e-03   2.068627e-26   5253872
  2.752556e+00   4.389896e-23   1.242031e-03   2.026876e-26   5230968
  2.756857e+00   4.295624e-23   1.241736e-03   1.984837e-26   5217980
  2.761163e+00   4.203968e-23   1.243739e-03   1.938393e-26   5213288
  2.765469e+00   4.114603e-23   1.242489e-03   1.899636e-26   5195472
  2.769771e+00   4.034800e-23   1.240687e-03   1.867291e-26   5173796
  2.774075e+00   3.954528e-23   1.244078e-03   1.827362e-26   5175548
  2.778380e+00   3.875726e-23   1.241037e-03   1.792283e-26   5149176
  2.782682e+00   3.794108e-23   1.243380e-03   1.751422e-26   5143736
  2.786990e+00   3.718053e-23   1.243228e-03   1.719936e-26   5131652
  2.791292e+00   3.650431e-23   1.240578e-03   1.693272e-26   5106252
  2.795595e+00   3.575787e-23   1.243965e-03   1.653585e-26   5107544
  2.799902e+00   3.504482e-23   1.242001e-03   1.621843e-26   5085660
  2.804204e+00   3.442609e-23   1.241328e-03   1.597132e-26   5070776
  2.808509e+00   3.372825e-23   1.243153e-03   1.564893e-26   5062328
  2.812813e+00   3.310303e-23   1.242433e-03   1.537564e-26   5045868
  2.817121e+00   3.251074e-23   1.243714e-03   1.509196e-26   5037440
  2.821426e+00   3.187708e-23   1.242064e-03   1.483388e-26   5015132
  2.825726e+00   3.129654e-23   1.240668e-03   1.457383e-26   4995984
  2.830028e+00   3.073539e-23   1.243462e-03   1.430542e-26   4992980
  2.834333e+00   3.017582e-23   1.241884e-03   1.405787e-26   4972832
  2.838637e+00   2.962950e-23   1.243697e-03   1.379663e-26   4964340
  2.842943e+00   2.911888e-23   1.242516e-03   1.358113e-26   4947560
  2.847248e+00   2.861995e-23   1.242606e-03   1.337471e-26   4932360
  2.851552e+00   2.806204e-23   1.242840e-03   1.311469e-26   4919336
  2.855856e+00   2.758345e-23   1.241436e-03   1.290534e-26   4898936
  2.860160e+00   2.710570e-23   1.244078e-03   1.269528e-26   4894080
  2.864464e+00   2.660666e-23   1.241273e-03   1.247709e-26   4868312
  2.868766e+00   2.613682e-23   1.243024e-03   1.225781e-26   4860512
  2.873074e+00   2.568996e-23   1.244063e-03   1.205659e-26   4850652
  2.877378e+00   2.530978e-23   1.241215e-03   1.190735e-26   4823180
  2.881678e+00   2.480196e-23   1.241868e-03   1.169462e-26   4813092
  2.885983e+00   2.438756e-23   1.243357e-03   1.150216e-26   4803176
  2.890289e+00   2.401067e-23   1.242286e-03   1.134236e-26   4784612
  2.894591e+00   2.357893e-23   1.241218e-03   1.114751e-26   4764660
  2.898896e+00   2.321319e-23   1.244352e-03   1.098504e-26   4761752
  2.903203e+00   2.279487e-23   1.242254e-03   1.082528e-26   4737608
  2.907508e+00   2.242833e-23   1.243782e-03   1.064336e-26   4727544
  2.911813e+00   2.205851e-23   1.242011e-03   1.049640e-26   4706456
  2.916113e+00   2.166910e-23   1.241184e-03   1.031123e-26   4686092
  2.920414e+00   2.130747e-23   1.242474e-03   1.015147e-26   4677204
  2.924720e+00   2.097088e-23   1.243608e-03   9.997523e-27   4665956
  2.929027e+00   2.063839e-23   1.242491e-03   9.876650e-27   4646892
  2.933334e+00   2.031559e-23   1.243986e-03   9.712466e-27   4635308
  2.937638e+00   1.999851e-23   1.241156e-03   9.598834e-27   4610300
  2.941944e+00   1.964771e-23   1.244623e-03   9.425724e-27   4606236
  2.946248e+00   1.933877e-23   1.240809e-03   9.317905e-27   4575296
  2.950547e+00   1.903046e-23   1.241402e-03   9.170437e-27   4562624
  2.954849e+00   1.869963e-23   1.243009e-03   9.015434e-27   4552332
  2.959157e+00   1.841889e-23   1.243801e-03   8.893740e-27   4539152
  2.963460e+00   1.811928e-23   1.241288e-03   8.767778e-27   4513424
  2.967766e+00   1.782219e-23   1.243923e-03   8.636228e-27   4509456
  2.972070e+00   1.755582e-23   1.240552e-03   8.532228e-27   4479056
  2.976372e+00   1.727197e-23   1.243062e-03   8.393357e-27   4472616
  2.980678e+00   1.699321e-23   1.242201e-03   8.278614e-27   4452764
  2.984982e+00   1.673675e-23   1.242383e-03   8.178755e-27   4436276
  2.989287e+00   1.646799e-23   1.243020e-03   8.049112e-27   4421316
  2.993591e+00   1.620570e-23   1.242713e-03   7.946133e-27   4403552
  2.997897e+00   1.595700e-23   1.243125e-03   7.831072e-27   4388756
  3.002197e+00   1.571855e-23   1.239910e-03   7.744468e-27   4359612
  3.006501e+00   1.544663e-23   1.245189e-03   7.597028e-27   4363436
  3.010810e+00   1.525295e-23   1.241668e-03   7.532626e-27   4333152
  3.015112e+00   1.498950e-23   1.242322e-03   7.414934e-27   4319360
  3.019416e+00   1.477181e-23   1.241879e-03   7.329609e-27   4300196
  3.023718e+00   1.452871e-23   1.242009e-03   7.214574e-27   4283916
  3.028025e+00   1.433812e-23   1.243758e-03   7.130777e-27   4271612
  3.032329e+00   1.410504e-23   1.241888e-03   7.044476e-27   4247696
  3.036635e+00   1.387746e-23   1.244212e-03   6.926539e-27   4238484
  3.040938e+00   1.368129e-23   1.240927e-03   6.852138e-27   4208828
  3.045242e+00   1.347036e-23   1.244059e-03   6.752071e-27   4203992
  3.049546e+00   1.326179e-23   1.240882e-03   6.676179e-27   4175220
  3.053849e+00   1.305299e-23   1.243290e-03   6.570531e-27   4166720
  3.058155e+00   1.286787e-23   1.242345e-03   6.501037e-27   4145580
  3.062459e+00   1.265509e-23   1.242017e-03   6.410327e-27   4127948
  3.066765e+00   1.246838e-23   1.243251e-03   6.320812e-27   4112072
  3.071067e+00   1.227292e-23   1.241091e-03   6.247815e-27   4087332
  3.075369e+00   1.210785e-23   1.242294e-03   6.176796e-27   4073768
  3.079675e+00   1.192292e-23   1.244587e-03   6.084493e-27   4062104
  3.083981e+00   1.172314e-23   1.241704e-03   6.001747e-27   4034832
  3.088281e+00   1.154733e-23   1.241759e-03   5.923468e-27   4017152
  3.092588e+00   1.139430e-23   1.244393e-03   5.860433e-27   4008900
  3.096894e+00   1.122021e-23   1.241775e-03   5.784559e-27   3980792
  3.101197e+00   1.105851e-23   1.242095e-03   5.719721e-27   3966116
  3.105500e+00   1.088131e-23   1.241485e-03   5.647434e-27   3944292
  3.109802e+00   1.071448e-23   1.242384e-03   5.560811e-27   3928160
  3.114109e+00   1.055778e-23   1.244307e-03   5.495639e-27   3915392
  3.118416e+00   1.039723e-23   1.242839e-03   5.425957e-27   3892236
  3.122720e+00   1.024599e-23   1.242208e-03   5.359043e-27   3871208
  3.127025e+00   1.009254e-23   1.244417e-03   5.286688e-27   3858440
  3.131329e+00   9.948810e-24   1.240522e-03   5.235206e-27   3829476
  3.135627e+00   9.810497e-24   1.241321e-03   5.167560e-27   3812588
  3.139934e+00   9.671351e-24   1.244665e-03   5.110208e-27   3805824
  3.144241e+00   9.542435e-24   1.241244e-03   5.060665e-27   3775436
  3.148541e+00   9.360961e-24   1.241237e-03   4.975385e-27   3756728
  3.152845e+00   9.247798e-24   1.243512e-03   4.929142e-27   3743028
  3.157153e+00   9.114799e-24   1.244378e-03   4.873432e-27   3726488
  3.161460e+00   8.981676e-24   1.241902e-03   4.809002e-27   3700136
  3.165761e+00   8.851232e-24   1.242473e-03   4.758121e-27   3681744
  3.170065e+00   8.722939e-24   1.242646e-03   4.702059e-27   3663284
  3.174368e+00   8.582311e-24   1.242677e-03   4.635687e-27   3643820
  3.178675e+00   8.451985e-24   1.243305e-03   4.571074e-27   3627924
  3.182978e+00   8.345531e-24   1.241024e-03   4.529179e-27   3600248
  3.187282e+00   8.224522e-24   1.243610e-03   4.474427e-27   3589620
  3.191588e+00   8.106600e-24   1.241801e-03   4.430921e-27   3564152
  3.195892e+00   7.989904e-24   1.243025e-03   4.372907e-27   3548468
  3.200196e+00   7.864503e-24   1.241427e-03   4.317548e-27   3522804
  3.204500e+00   7.757452e-24   1.244268e-03   4.265482e-27   3510932
  3.208805e+00   7.649601e-24   1.240843e-03   4.228781e-27   3481400
  3.213105e+00   7.540138e-24   1.242400e-03   4.176137e-27   3464628
  3.217411e+00   7.432964e-24   1.243665e-03   4.122722e-27   3449732
  3.221713e+00   7.315739e-24   1.240414e-03   4.078403e-27   3419952
  3.226019e+00   7.218371e-24   1.244993e-03   4.033812e-27   3413852
  3.230325e+00   7.104759e-24   1.240922e-03   3.981577e-27   3381152
  3.234629e+00   7.010617e-24   1.243752e-03   3.937171e-27   3369888
  3.238934e+00   6.905755e-24   1.240725e-03   3.897636e-27   3340064
  3.243237e+00   6.807443e-24   1.243952e-03   3.839812e-27   3327980
  3.247544e+00   6.707469e-24   1.242354e-03   3.803419e-27   3302832
  3.251843e+00   6.620532e-24   1.240684e-03   3.769659e-27   3277616
  3.256148e+00   6.513778e-24   1.244322e-03   3.715753e-27   3267200
  3.260452e+00   6.424689e-24   1.241364e-03   3.677310e-27   3237636
  3.264754e+00   6.350530e-24   1.242345e-03   3.647797e-27   3221264
  3.269058e+00   6.242587e-24   1.242349e-03   3.593130e-27   3199116
  3.273365e+00   6.158577e-24   1.244259e-03   3.555348e-27   3184436
  3.277671e+00   6.087186e-24   1.241169e-03   3.531539e-27   3154580
  3.281974e+00   5.987108e-24   1.242759e-03   3.476572e-27   3138000
  3.286281e+00   5.904836e-24   1.243748e-03   3.441601e-27   3118340
  3.290585e+00   5.827485e-24   1.241841e-03   3.411484e-27   3092060
  3.294889e+00   5.745399e-24   1.243192e-03   3.380350e-27   3074844
  3.299189e+00   5.657460e-24   1.239988e-03   3.333412e-27   3044768
  3.303493e+00   5.590421e-24   1.245247e-03   3.300026e-27   3037296
  3.307798e+00   5.504694e-24   1.240368e-03   3.266717e-27   3003116
  3.312102e+00   5.432140e-24   1.244289e-03   3.233107e-27   2993168
  3.316409e+00   5.354538e-24   1.241010e-03   3.200982e-27   2962152
  3.320713e+00   5.286086e-24   1.244257e-03   3.166285e-27   2948960
  3.325017e+00   5.208665e-24   1.239985e-03   3.142845e-27   2916236
  3.329318e+00   5.134649e-24   1.243794e-03   3.099770e-27   2903352
  3.333624e+00   5.065820e-24   1.241996e-03   3.068506e-27   2876984
  3.337928e+00   5.002671e-24   1.244325e-03   3.038624e-27   2859644
  3.342233e+00   4.932716e-24   1.240955e-03   3.013418e-27   2830968
  3.346531e+00   4.857440e-24   1.241525e-03   2.977534e-27   2809772
  3.350838e+00   4.795365e-24   1.244479e-03   2.949856e-27   2796168
  3.355144e+00   4.739514e-24   1.240936e-03   2.927636e-27   2764736
  3.359447e+00   4.666199e-24   1.243314e-03   2.887810e-27   2748920
  3.363755e+00   4.604764e-24   1.242998e-03   2.861513e-27   2724024
  3.368060e+00   4.535667e-24   1.243223e-03   2.833370e-27   2702672
  3.372364e+00   4.480564e-24   1.241481e-03   2.810478e-27   2676332
  3.376665e+00   4.420787e-24   1.242163e-03   2.782795e-27   2655000
  3.380969e+00   4.358101e-24   1.242921e-03   2.751404e-27   2633972
  3.385272e+00   4.309093e-24   1.242564e-03   2.735135e-27   2610308
  3.389578e+00   4.246888e-24   1.243282e-03   2.704553e-27   2590392
  3.393879e+00   4.192663e-24   1.240186e-03   2.680320e-27   2559740
  3.398182e+00   4.129783e-24   1.243647e-03   2.648745e-27   2546100
  3.402488e+00   4.089258e-24   1.241802e-03   2.635745e-27   2518124
  3.406795e+00   4.027964e-24   1.244744e-03   2.601551e-27   2501540
  3.411103e+00   3.979810e-24   1.242194e-03   2.586623e-27   2472552
  3.415406e+00   3.928810e-24   1.242386e-03   2.563063e-27   2450012
  3.419712e+00   3.873022e-24   1.243549e-03   2.539253e-27   2428424
  3.424013e+00   3.822559e-24   1.241309e-03   2.516917e-27   2400384
  3.428317e+00   3.766886e-24   1.243494e-03   2.490683e-27   2382476
  3.432618e+00   3.726720e-24   1.240428e-03   2.474842e-27   2352792
  3.436925e+00   3.674496e-24   1.245326e-03   2.445881e-27   2340368
  3.441231e+00   3.632275e-24   1.239993e-03   2.436663e-27   2304980
  3.445532e+00   3.576705e-24   1.243085e-03   2.412574e-27   2289036
  3.449841e+00   3.532304e-24   1.243034e-03   2.389620e-27   2263832
  3.454145e+00   3.485321e-24   1.242763e-03   2.369535e-27   2239208
  3.458450e+00   3.441432e-24   1.242726e-03   2.353506e-27   2215152
  3.462749e+00   3.394897e-24   1.240565e-03   2.335816e-27   2187152
  3.467053e+00   3.357200e-24   1.244236e-03   2.315061e-27   2170232
  3.471357e+00   3.317329e-24   1.242100e-03   2.304491e-27   2142312
  3.475661e+00   3.272401e-24   1.241606e-03   2.283454e-27   2118980
  3.479960e+00   3.234709e-24   1.240321e-03   2.273186e-27   2091624
  3.484267e+00   3.192108e-24   1.245487e-03   2.248328e-27   2077196
  3.488576e+00   3.158799e-24   1.241536e-03   2.242127e-27   2044952
  3.492883e+00   3.115830e-24   1.245301e-03   2.221112e-27   2027928
  3.497190e+00   3.075373e-24   1.240704e-03   2.205246e-27   1994132
  3.501488e+00   3.034287e-24   1.242635e-03   2.185542e-27   1973588
  3.505796e+00   2.998174e-24   1.243403e-03   2.176242e-27   1950396
  3.510095e+00   2.956711e-24   1.240319e-03   2.161274e-27   1920152
  3.514400e+00   2.917545e-24   1.244999e-03   2.138393e-27   1903820
  3.518702e+00   2.884334e-24   1.239970e-03   2.135111e-27   1870656
  3.523008e+00   2.849830e-24   1.244485e-03   2.115983e-27   1855376
  3.527315e+00   2.817436e-24   1.240711e-03   2.113328e-27   1822620
  3.531616e+00   2.778637e-24   1.242837e-03   2.094713e-27   1802144
  3.535923e+00   2.749469e-24   1.241943e-03   2.089494e-27   1774628
  3.540221e+00   2.713940e-24   1.240835e-03   2.075920e-27   1747644
  3.544531e+00   2.680184e-24   1.247305e-03   2.060821e-27   1731584
  3.548836e+00   2.646628e-24   1.240250e-03   2.056707e-27   1696172
  3.553137e+00   2.615681e-24   1.242765e-03   2.043532e-27   1675524
  3.557437e+00   2.581781e-24   1.240925e-03   2.032086e-27   1646456
  3.561743e+00   2.548829e-24   1.245203e-03   2.021126e-27   1628736
  3.566046e+00   2.512572e-24   1.237706e-03   2.017637e-27   1593140
  3.570350e+00   2.482324e-24   1.246327e-03   2.000920e-27   1578920
  3.574661e+00   2.451811e-24   1.241687e-03   1.998220e-27   1546632
  3.578964e+00   2.422297e-24   1.243285e-03   1.985016e-27   1522928
  3.583268e+00   2.385033e-24   1.241311e-03   1.977373e-27   1494800
  3.587571e+00   2.358096e-24   1.243705e-03   1.967042e-27   1470876
  3.591878e+00   2.319200e-24   1.244769e-03   1.951289e-27   1446500
  3.596180e+00   2.288162e-24   1.240370e-03   1.949111e-27   1415720
  3.600477e+00   2.259469e-24   1.240840e-03   1.940524e-27   1391211
  3.604783e+00   2.225171e-24   1.245361e-03   1.923987e-27   1373078
  3.609093e+00   2.196128e-24   1.241619e-03   1.921826e-27   1347030
  3.613396e+00   2.164916e-24   1.241322e-03   1.908272e-27   1324700
  3.617702e+00   2.136831e-24   1.243596e-03   1.894914e-27   1305542
  3.622010e+00   2.108379e-24   1.243032e-03   1.887413e-27   1284432
  3.626313e+00   2.078374e-24   1.240880e-03   1.872360e-27   1261994
  3.630613e+00   2.050471e-24   1.241748e-03   1.870612e-27   1242332
  3.634916e+00   2.018688e-24   1.244739e-03   1.851913e-27   1225572
  3.639217e+00   1.985332e-24   1.240732e-03   1.839021e-27   1203506
  3.643520e+00   1.960257e-24   1.243587e-03   1.825819e-27   1188198
  3.647830e+00   1.931318e-24   1.245105e-03   1.813196e-27   1171646
  3.652136e+00   1.905815e-24   1.239822e-03   1.808135e-27   1149512
  3.656436e+00   1.872326e-24   1.240770e-03   1.787946e-27   1133088
  3.660744e+00   1.854082e-24   1.244965e-03   1.778855e-27   1119200
  3.665052e+00   1.824668e-24   1.241761e-03   1.767928e-27   1098872
  3.669355e+00   1.797175e-24   1.243163e-03   1.755889e-27   1083144
  3.673658e+00   1.771123e-24   1.242054e-03   1.743585e-27   1065242
  3.677962e+00   1.745892e-24   1.245400e-03   1.735475e-27   1051610
  3.682265e+00   1.724677e-24   1.240814e-03   1.726548e-27   1032528
  3.686564e+00   1.695470e-24   1.240659e-03   1.709374e-27   1017506
  3.690871e+00   1.669758e-24   1.244885e-03   1.698213e-27   1005522
  3.695180e+00   1.647362e-24   1.241691e-03   1.687788e-27   987932
  3.699486e+00   1.619475e-24   1.242027e-03   1.673067e-27   973430
  3.703788e+00   1.600205e-24   1.240205e-03   1.669762e-27   956610
  3.708091e+00   1.574927e-24   1.243901e-03   1.651078e-27   944276
  3.712398e+00   1.551731e-24   1.242909e-03   1.639984e-27   929042
  3.716697e+00   1.528528e-24   1.239641e-03   1.631880e-27   912228
  3.720996e+00   1.504399e-24   1.244034e-03   1.622843e-27   900938
  3.725301e+00   1.479918e-24   1.244350e-03   1.601145e-27   887300
  3.729607e+00   1.460097e-24   1.242828e-03   1.597076e-27   873444
  3.733912e+00   1.435840e-24   1.241094e-03   1.582738e-27   859124
  3.738218e+00   1.415287e-24   1.243449e-03   1.567115e-27   847356
  3.742526e+00   1.394779e-24   1.241707e-03   1.561868e-27   833444
  3.746828e+00   1.370000e-24   1.239215e-03   1.549405e-27   818612
  3.751135e+00   1.351533e-24   1.246212e-03   1.541051e-27   809412
  3.755442e+00   1.333685e-24   1.241851e-03   1.531205e-27   793556
  3.759742e+00   1.311565e-24   1.242070e-03   1.519321e-27   781148
  3.764044e+00   1.291061e-24   1.244335e-03   1.505188e-27   769734
  3.768345e+00   1.271386e-24   1.241711e-03   1.499034e-27   756140
  3.772646e+00   1.252004e-24   1.242027e-03   1.485202e-27   745368
  3.776949e+00   1.231785e-24   1.239919e-03   1.472289e-27   732638
  3.781256e+00   1.213929e-24   1.244328e-03   1.464153e-27   723380
  3.785567e+00   1.192044e-24   1.242097e-03   1.454974e-27   710454
  3.789871e+00   1.171413e-24   1.240149e-03   1.441727e-27   697484
  3.794175e+00   1.158948e-24   1.244634e-03   1.435534e-27   687950
  3.798481e+00   1.139044e-24   1.243251e-03   1.423335e-27   675588
  3.802784e+00   1.123946e-24   1.243527e-03   1.414922e-27   664526
  3.807086e+00   1.103406e-24   1.243057e-03   1.403796e-27   653222
  3.811382e+00   1.085858e-24   1.239869e-03   1.394724e-27   641076
  3.815684e+00   1.064923e-24   1.244690e-03   1.380338e-27   633446
  3.819995e+00   1.049182e-24   1.242906e-03   1.369569e-27   622350
  3.824304e+00   1.032874e-24   1.242336e-03   1.358765e-27   611732
  3.828612e+00   1.018142e-24   1.242604e-03   1.349230e-27   601406
  3.832919e+00   9.979415e-25   1.242414e-03   1.334148e-27   590838
  3.837224e+00   9.848642e-25   1.242464e-03   1.328279e-27   580430
  3.841526e+00   9.669264e-25   1.242047e-03   1.316651e-27   569894
  3.845827e+00   9.527798e-25   1.243789e-03   1.310346e-27   560526
  3.850127e+00   9.347911e-25   1.242442e-03   1.298432e-27   550100
  3.854428e+00   9.246451e-25   1.243944e-03   1.298008e-27   541510
  3.858733e+00   9.117881e-25   1.242256e-03   1.290037e-27   531958
  3.863041e+00   8.907926e-25   1.242909e-03   1.271133e-27   523334
  3.867350e+00   8.754135e-25   1.240489e-03   1.259277e-27   513174
  3.871652e+00   8.662272e-25   1.239859e-03   1.255650e-27   503510
  3.875957e+00   8.488363e-25   1.243746e-03   1.245072e-27   495494
  3.880262e+00   8.327702e-25   1.242479e-03   1.235764e-27   485520
  3.884567e+00   8.217111e-25   1.246505e-03   1.229541e-27   477866
  3.888872e+00   8.083763e-25   1.243343e-03   1.225962e-27   467774
  3.893171e+00   7.939845e-25   1.242926e-03   1.208280e-27   459126
  3.897469e+00   7.816941e-25   1.241387e-03   1.203437e-27   450590
  3.901772e+00   7.682226e-25   1.241781e-03   1.194026e-27   443046
  3.906080e+00   7.542145e-25   1.240971e-03   1.184842e-27   434774
  3.910389e+00   7.404842e-25   1.242062e-03   1.172491e-27   426800
  3.914700e+00   7.283478e-25   1.243098e-03   1.167395e-27   418710
  3.919008e+00   7.203345e-25   1.242350e-03   1.163738e-27   410078
  3.923310e+00   7.066477e-25   1.241277e-03   1.150803e-27   401462
  3.927610e+00   6.939063e-25   1.243155e-03   1.144201e-27   393966
  3.931907e+00   6.810952e-25   1.241583e-03   1.131800e-27   385592
  3.936202e+00   6.672762e-25   1.241950e-03   1.121734e-27   378134
  3.940499e+00   6.607166e-25   1.240966e-03   1.122016e-27   370758
  3.944808e+00   6.463394e-25   1.245390e-03   1.107056e-27   365240
  3.949127e+00   6.360018e-25   1.242830e-03   1.101213e-27   357438
  3.953436e+00   6.244397e-25   1.238686e-03   1.097492e-27   348950
  3.957741e+00   6.143328e-25   1.241424e-03   1.081264e-27   342248
  3.962044e+00   6.031091e-25   1.240320e-03   1.083307e-27   334422
  3.966343e+00   5.964565e-25   1.242324e-03   1.075608e-27   327488
  3.970648e+00   5.838972e-25   1.247427e-03   1.069079e-27   321542
  3.974949e+00   5.717749e-25   1.241889e-03   1.061304e-27   313158
  3.979242e+00   5.653673e-25   1.243167e-03   1.055548e-27   306944
  3.983542e+00   5.510946e-25   1.242299e-03   1.042739e-27   300678
  3.987849e+00   5.441591e-25   1.242031e-03   1.036627e-27   294680
  3.992164e+00   5.345363e-25   1.243020e-03   1.026361e-27   288662
  3.996476e+00   5.255085e-25   1.239477e-03   1.032982e-27   281352
  4.000782e+00   5.146142e-25   1.241700e-03   1.014964e-27   275198
  4.005085e+00   5.064821e-25   1.241837e-03   1.016758e-27   268520
  4.009384e+00   4.969987e-25   1.243281e-03   1.005422e-27   262254
  4.013685e+00   4.873431e-25   1.246683e-03   9.890371e-28   256616
  4.017984e+00   4.828566e-25   1.244294e-03   1.003828e-27   250070
  4.022278e+00   4.732928e-25   1.243069e-03   9.894468e-28   244200
  4.026577e+00   4.616409e-25   1.242777e-03   9.747237e-28   238982
  4.030889e+00   4.554908e-25   1.243897e-03   9.697096e-28   234024
  4.035205e+00   4.476841e-25   1.240889e-03   9.679708e-28   227942
  4.039517e+00   4.392941e-25   1.241489e-03   9.692354e-28   222320
  4.043831e+00   4.316375e-25   1.244754e-03   9.562183e-28   217056
  4.048137e+00   4.248482e-25   1.241548e-03   9.574752e-28   210638
  4.052434e+00   4.169919e-25   1.244778e-03   9.456974e-28   205424
  4.056732e+00   4.088341e-25   1.247037e-03   9.378149e-28   200262
  4.061029e+00   4.019304e-25   1.245830e-03   9.396699e-28   194864
  4.065315e+00   3.962697e-25   1.239179e-03   9.376425e-28   189128
  4.069612e+00   3.855850e-25   1.244716e-03   9.196186e-28   185670
  4.073932e+00   3.841483e-25   1.243382e-03   9.284153e-28   181040
  4.078254e+00   3.732329e-25   1.241054e-03   9.171534e-28   175944
  4.082570e+00   3.689184e-25   1.239918e-03   9.160061e-28   170798
  4.086878e+00   3.631523e-25   1.241154e-03   9.129483e-28   165848
  4.091176e+00   3.540814e-25   1.240293e-03   9.072564e-28   160632
  4.095472e+00   3.473035e-25   1.247049e-03   9.040023e-28   156536
  4.099769e+00   3.414456e-25   1.245543e-03   8.917294e-28   151622
  4.104059e+00   3.351443e-25   1.244926e-03   8.965824e-28   147168
  4.108341e+00   3.309819e-25   1.237458e-03   8.952619e-28   142472
  4.112638e+00   3.242356e-25   1.241585e-03   8.881399e-28   139446
  4.116967e+00   3.215228e-25   1.243547e-03   8.925454e-28   135872
  4.121292e+00   3.107950e-25   1.235215e-03   8.811706e-28   130904
  4.125611e+00   3.084467e-25   1.240243e-03   8.844451e-28   127152
  4.129922e+00   3.021111e-25   1.235853e-03   8.908641e-28   122318
  4.134222e+00   2.971827e-25   1.243448e-03   8.882925e-28   118664
  4.138523e+00   2.920894e-25   1.245585e-03   8.828291e-28   114600
  4.142820e+00   2.873440e-25   1.248546e-03   8.796609e-28   110840
  4.147105e+00   2.833004e-25   1.241265e-03   8.814341e-28   106544
  4.151380e+00   2.779751e-25   1.236592e-03   8.856272e-28   103062
  4.155685e+00   2.722424e-25   1.242674e-03   8.772434e-28   100664
  4.160015e+00   2.654048e-25   1.237273e-03   8.708253e-28   97056
  4.164349e+00   2.621351e-25   1.240197e-03   8.684377e-28   93800
  4.168677e+00   2.591285e-25   1.237323e-03   8.843080e-28   89912
  4.172991e+00   2.537298e-25   1.242531e-03   8.756792e-28   86478
  4.177295e+00   2.488819e-25   1.246729e-03   8.810019e-28   82964
  4.181582e+00   2.465675e-25   1.249042e-03   8.922808e-28   79448
  4.185858e+00   2.419164e-25   1.252933e-03   8.921617e-28   76320
  4.190116e+00   2.367956e-25   1.242366e-03   8.828516e-28   72824
  4.194375e+00   2.338084e-25   1.239447e-03   8.913308e-28   70440
  4.198690e+00   2.317650e-25   1.247436e-03   9.024356e-28   68672
  4.203037e+00   2.296109e-25   1.238201e-03   9.047181e-28   65630
  4.207369e+00   2.216990e-25   1.230180e-03   9.006322e-28   62472
  4.211693e+00   2.204286e-25   1.236482e-03   9.171297e-28   59840
  4.216013e+00   2.170522e-25   1.239900e-03   9.259301e-28   56984
  4.220325e+00   2.137967e-25   1.248234e-03   9.341864e-28   54360
  4.224618e+00   2.091637e-25   1.245928e-03   9.297999e-28   51392
  4.228885e+00   2.078335e-25   1.246936e-03   9.414558e-28   48848
  4.233144e+00   2.065227e-25   1.240032e-03   9.647453e-28   46440
  4.237410e+00   1.990747e-25   1.226870e-03   9.494906e-28   44336
  4.241742e+00   1.949505e-25   1.238986e-03   9.397648e-28   43032
  4.246127e+00   1.963091e-25   1.236472e-03   9.878739e-28   40832
  4.250502e+00   1.899040e-25   1.230469e-03   9.860241e-28   38336
  4.254838e+00   1.889610e-25   1.229795e-03   1.014991e-27   35814
  4.259129e+00   1.887225e-25   1.239924e-03   1.039368e-27   33464
  4.263395e+00   1.849532e-25   1.262873e-03   1.057988e-27   31520
  4.267642e+00   1.819086e-25   1.270522e-03   1.051993e-27   29424
  4.271853e+00   1.795320e-25   1.262765e-03   1.076500e-27   27440
  4.276024e+00   1.788233e-25   1.218899e-03   1.128915e-27   25496
  4.280255e+00   1.750471e-25   1.205127e-03   1.095304e-27   24672
  4.284640e+00   1.740669e-25   1.217339e-03   1.143547e-27   23744
  4.289085e+00   1.741917e-25   1.205355e-03   1.182005e-27   22008
  4.293515e+00   1.684304e-25   1.193033e-03   1.176451e-27   20240
  4.297933e+00   1.661296e-25   1.201211e-03   1.226283e-27   18704
  4.302335e+00   1.661271e-25   1.207590e-03   1.267800e-27   17040
  4.306698e+00   1.657672e-25   1.237844e-03   1.333043e-27   15536
  4.310981e+00   1.648651e-25   1.263330e-03   1.395202e-27   13760
  4.315054e+00   1.614027e-25   1.277957e-03   1.480477e-27   11892
  4.318898e+00   1.582980e-25   1.184342e-03   1.556030e-27   10592
  4.322977e+00   1.612739e-25   1.146856e-03   1.575340e-27   10704
  4.327389e+00   1.577298e-25   1.159956e-03   1.563662e-27   10088
  4.331880e+00   1.602763e-25   1.152852e-03   1.686784e-27   8984
  4.336374e+00   1.505415e-25   1.146967e-03   1.736881e-27   7944
  4.340870e+00   1.579507e-25   1.142164e-03   1.905392e-27   6968
  4.345367e+00   1.530517e-25   1.138312e-03   1.982641e-27   6056
  4.349865e+00   1.503097e-25   1.134426e-03   2.038744e-27   5202
  4.354354e+00   1.546052e-25   1.133085e-03   2.373922e-27   4400
  4.358759e+00   1.584228e-25   1.134889e-03   2.593292e-27   3512
  4.362387e+00   1.526461e-25   1.039628e-03   3.350744e-27   2112
  4.365765e+00   1.479353e-25   1.117844e-03   3.028141e-27   2456
  4.370136e+00   1.570428e-25   1.128521e-03   3.365090e-27   2184
  4.374643e+00   1.498547e-25   1.127793e-03   3.500587e-27   1688
  4.379149e+00   1.443976e-25   1.126990e-03   3.871620e-27   1256
  4.383653e+00   1.634333e-25   1.125798e-03   5.431833e-27   888
  4.388152e+00   1.566025e-25   1.123588e-03   6.055099e-27   584
  4.392638e+00   1.564641e-25   1.118773e-03   8.769384e-27   344
  4.397094e+00   1.668857e-25   1.106017e-03   8.688542e-27   168
  4.401463e+00   1.825392e-25   1.058147e-03   2.298574e-26   56
  4.405266e+00   2.949898e-25   0.000000e+00   9.546923e-26   6
