# power spectrum of zeta (dimensionless)
# redshift z=49.748176
# k              Pk             sigma(k)       sigma(Pk)      count
  3.926991e-03   1.180290e-18   3.512237e-11   2.595375e-19   6
  6.468504e-03   1.456679e-17   9.292307e-04   2.911518e-18   26
  1.075752e-02   5.962817e-17   1.401573e-03   5.786241e-18   114
  1.536034e-02   1.331656e-16   1.321130e-03   8.140429e-18   218
  1.986055e-02   1.885364e-16   1.282852e-03   8.853809e-18   374
  2.412735e-02   2.387903e-16   1.070437e-03   1.059197e-17   474
  2.806277e-02   2.827156e-16   1.114764e-03   1.048356e-17   650
  3.226384e-02   3.211889e-16   1.228263e-03   1.062005e-17   938
  3.651078e-02   3.983516e-16   1.191974e-03   1.130368e-17   1158
  4.085013e-02   4.486122e-16   1.255331e-03   1.092273e-17   1538
  4.514216e-02   4.818276e-16   1.197883e-03   1.157337e-17   1752
  4.940297e-02   5.347834e-16   1.270218e-03   1.121160e-17   2210
  5.382476e-02   5.823846e-16   1.313135e-03   1.146747e-17   2690
  5.822499e-02   6.151953e-16   1.260291e-03   1.091088e-17   3054
  6.261788e-02   6.353160e-16   1.278262e-03   1.029832e-17   3602
  6.689321e-02   6.606669e-16   1.192161e-03   1.113217e-17   3842
  7.113570e-02   6.469498e-16   1.241459e-03   9.295052e-18   4554
  7.543827e-02   6.969225e-16   1.223626e-03   9.890024e-18   5030
  7.964244e-02   6.826061e-16   1.192059e-03   9.118368e-18   5474
  8.383361e-02   7.269505e-16   1.204502e-03   9.297996e-18   6162
  8.813706e-02   7.427307e-16   1.244010e-03   8.887957e-18   7016
  9.251506e-02   7.519255e-16   1.282007e-03   8.727902e-18   7818
  9.690760e-02   7.472525e-16   1.275623e-03   7.922290e-18   8582
  1.012249e-01   7.525199e-16   1.222801e-03   8.052429e-18   8954
  1.055230e-01   7.649056e-16   1.275661e-03   7.583704e-18   10170
  1.098886e-01   7.895653e-16   1.242528e-03   7.626223e-18   10826
  1.141614e-01   7.629621e-16   1.215228e-03   7.242062e-18   11438
  1.184437e-01   7.784531e-16   1.241708e-03   6.956321e-18   12594
  1.227045e-01   7.826642e-16   1.208460e-03   6.737290e-18   13130
  1.269880e-01   7.755529e-16   1.247270e-03   6.435659e-18   14586
  1.313025e-01   7.628130e-16   1.229078e-03   6.088011e-18   15242
  1.356256e-01   7.772212e-16   1.268369e-03   6.041298e-18   16772
  1.399394e-01   7.693053e-16   1.224094e-03   6.025259e-18   17178
  1.442192e-01   7.513916e-16   1.256219e-03   5.514698e-18   18722
  1.485429e-01   7.499533e-16   1.247601e-03   5.382858e-18   19706
  1.528259e-01   7.575529e-16   1.235493e-03   5.278674e-18   20694
  1.571269e-01   7.469118e-16   1.247928e-03   5.032101e-18   22154
  1.614322e-01   7.405643e-16   1.238069e-03   4.857702e-18   23210
  1.657530e-01   7.418569e-16   1.247771e-03   4.723564e-18   24762
  1.700419e-01   7.443242e-16   1.219659e-03   4.759199e-18   25418
  1.743047e-01   7.365224e-16   1.232581e-03   4.437651e-18   27030
  1.785948e-01   7.238407e-16   1.236925e-03   4.281541e-18   28400
  1.829249e-01   7.136128e-16   1.260632e-03   4.104643e-18   30314
  1.872537e-01   7.138336e-16   1.245689e-03   4.072206e-18   31242
  1.915471e-01   7.088585e-16   1.243795e-03   3.915221e-18   32726
  1.958851e-01   7.074044e-16   1.262333e-03   3.807673e-18   34802
  2.001902e-01   7.068055e-16   1.225777e-03   3.833678e-18   35298
  2.044527e-01   6.987323e-16   1.231750e-03   3.645286e-18   37106
  2.087345e-01   6.962159e-16   1.233995e-03   3.554000e-18   38750
  2.130597e-01   6.908958e-16   1.253313e-03   3.408107e-18   41082
  2.173474e-01   6.810259e-16   1.213580e-03   3.327471e-18   41330
  2.216268e-01   6.686798e-16   1.248206e-03   3.161120e-18   44226
  2.259811e-01   6.650799e-16   1.262369e-03   3.156166e-18   46256
  2.302954e-01   6.537654e-16   1.236821e-03   2.997071e-18   47006
  2.346000e-01   6.545612e-16   1.253826e-03   2.961001e-18   49506
  2.389041e-01   6.434375e-16   1.236946e-03   2.869849e-18   50618
  2.432051e-01   6.388938e-16   1.252069e-03   2.775192e-18   53114
  2.475055e-01   6.406435e-16   1.235789e-03   2.757912e-18   54366
  2.518059e-01   6.366004e-16   1.244531e-03   2.668577e-18   56834
  2.560686e-01   6.280702e-16   1.213941e-03   2.659325e-18   57258
  2.603901e-01   6.215393e-16   1.274431e-03   2.477928e-18   62378
  2.647358e-01   6.102311e-16   1.225553e-03   2.469351e-18   61850
  2.690012e-01   6.122611e-16   1.236600e-03   2.407444e-18   64284
  2.733015e-01   6.031522e-16   1.248977e-03   2.349955e-18   66938
  2.776367e-01   5.984433e-16   1.258384e-03   2.267589e-18   69602
  2.819415e-01   5.942306e-16   1.232881e-03   2.230140e-18   70242
  2.862215e-01   5.883091e-16   1.244813e-03   2.175942e-18   73166
  2.905544e-01   5.812158e-16   1.257712e-03   2.094123e-18   76370
  2.948557e-01   5.800247e-16   1.224268e-03   2.078762e-18   76578
  2.991694e-01   5.701758e-16   1.260194e-03   2.005505e-18   81362
  3.034794e-01   5.623333e-16   1.220452e-03   1.984540e-18   80994
  3.077617e-01   5.638085e-16   1.245850e-03   1.932412e-18   85046
  3.120682e-01   5.580538e-16   1.236732e-03   1.900814e-18   86552
  3.163691e-01   5.533772e-16   1.248599e-03   1.846084e-18   89754
  3.206760e-01   5.536866e-16   1.241846e-03   1.831546e-18   91538
  3.249908e-01   5.458405e-16   1.257274e-03   1.762360e-18   95198
  3.292984e-01   5.383556e-16   1.234300e-03   1.729338e-18   96066
  3.335953e-01   5.359506e-16   1.250578e-03   1.695792e-18   99890
  3.379016e-01   5.337926e-16   1.237173e-03   1.674327e-18   101562
  3.421850e-01   5.278854e-16   1.235122e-03   1.635030e-18   103994
  3.465039e-01   5.255062e-16   1.254469e-03   1.601833e-18   108566
  3.508098e-01   5.165318e-16   1.225687e-03   1.559950e-18   108570
  3.550962e-01   5.126857e-16   1.245765e-03   1.537420e-18   113162
  3.594096e-01   5.114038e-16   1.239769e-03   1.510834e-18   115136
  3.637064e-01   5.062258e-16   1.244989e-03   1.473301e-18   118110
  3.680190e-01   5.029416e-16   1.250013e-03   1.446316e-18   121466
  3.723377e-01   5.004601e-16   1.247712e-03   1.435073e-18   124154
  3.766409e-01   4.940623e-16   1.239592e-03   1.388951e-18   126282
  3.809305e-01   4.933293e-16   1.239411e-03   1.380006e-18   129206
  3.852310e-01   4.896470e-16   1.240944e-03   1.346415e-18   132714
  3.895315e-01   4.835624e-16   1.236189e-03   1.319651e-18   135002
  3.938308e-01   4.822289e-16   1.243110e-03   1.290425e-18   138866
  3.981506e-01   4.775726e-16   1.245584e-03   1.263919e-18   142146
  4.024599e-01   4.756088e-16   1.240083e-03   1.252713e-18   144476
  4.067698e-01   4.674997e-16   1.249157e-03   1.211534e-18   148274
  4.110722e-01   4.656732e-16   1.241511e-03   1.204067e-18   150498
  4.153656e-01   4.653852e-16   1.240169e-03   1.182606e-18   153578
  4.196566e-01   4.567700e-16   1.243070e-03   1.156073e-18   156974
  4.239772e-01   4.548726e-16   1.254355e-03   1.130316e-18   162090
  4.282871e-01   4.520261e-16   1.232977e-03   1.125602e-18   162674
  4.325900e-01   4.526884e-16   1.248247e-03   1.104194e-18   168186
  4.368889e-01   4.461704e-16   1.230518e-03   1.091696e-18   168986
  4.411796e-01   4.437405e-16   1.243170e-03   1.064941e-18   174302
  4.454808e-01   4.406367e-16   1.235964e-03   1.046192e-18   176394
  4.497749e-01   4.377020e-16   1.243559e-03   1.033362e-18   180848
  4.540988e-01   4.333136e-16   1.252525e-03   1.007656e-18   185522
  4.584177e-01   4.337022e-16   1.245424e-03   1.004341e-18   187758
  4.627131e-01   4.291193e-16   1.237877e-03   9.849142e-19   190322
  4.670077e-01   4.289163e-16   1.244159e-03   9.703628e-19   194898
  4.713189e-01   4.214679e-16   1.244577e-03   9.468857e-19   198914
  4.756220e-01   4.199302e-16   1.237959e-03   9.411103e-19   201386
  4.799286e-01   4.176581e-16   1.245790e-03   9.214318e-19   206694
  4.842396e-01   4.136768e-16   1.237579e-03   9.021242e-19   208970
  4.885355e-01   4.124019e-16   1.239312e-03   8.933812e-19   212858
  4.928323e-01   4.070885e-16   1.239690e-03   8.807987e-19   216432
  4.971331e-01   4.071697e-16   1.245356e-03   8.664279e-19   220910
  5.014504e-01   4.058103e-16   1.251792e-03   8.549211e-19   225818
  5.057482e-01   4.024761e-16   1.234295e-03   8.455898e-19   226578
  5.100535e-01   3.996628e-16   1.253105e-03   8.257173e-19   234314
  5.143672e-01   3.993206e-16   1.238530e-03   8.258366e-19   235338
  5.186759e-01   3.952627e-16   1.249367e-03   8.010070e-19   241886
  5.229717e-01   3.905511e-16   1.226886e-03   7.919692e-19   241514
  5.272665e-01   3.899295e-16   1.249867e-03   7.826220e-19   250122
  5.315791e-01   3.888013e-16   1.236342e-03   7.736285e-19   251450
  5.358794e-01   3.860854e-16   1.243646e-03   7.645928e-19   256940
  5.401773e-01   3.850616e-16   1.237459e-03   7.571884e-19   259314
  5.444679e-01   3.799492e-16   1.243546e-03   7.409227e-19   264602
  5.487766e-01   3.796729e-16   1.245963e-03   7.317170e-19   269602
  5.530817e-01   3.774830e-16   1.241744e-03   7.225969e-19   272710
  5.573981e-01   3.741143e-16   1.251961e-03   7.060022e-19   279650
  5.617030e-01   3.727394e-16   1.232873e-03   7.062324e-19   279618
  5.660045e-01   3.712463e-16   1.249306e-03   6.936703e-19   288074
  5.703137e-01   3.678442e-16   1.235438e-03   6.836809e-19   289010
  5.746156e-01   3.669542e-16   1.247203e-03   6.759389e-19   296310
  5.789244e-01   3.663710e-16   1.237400e-03   6.714827e-19   298346
  5.832246e-01   3.634989e-16   1.245397e-03   6.574840e-19   304256
  5.875350e-01   3.633083e-16   1.246290e-03   6.566812e-19   308826
  5.918408e-01   3.596502e-16   1.243049e-03   6.423184e-19   312590
  5.961529e-01   3.581718e-16   1.248985e-03   6.333784e-19   318762
  6.004593e-01   3.556970e-16   1.240718e-03   6.271959e-19   321074
  6.047547e-01   3.538677e-16   1.240799e-03   6.216536e-19   326378
  6.090549e-01   3.516539e-16   1.240211e-03   6.119033e-19   330738
  6.133630e-01   3.502346e-16   1.246939e-03   6.055251e-19   337382
  6.176694e-01   3.497195e-16   1.237203e-03   6.002576e-19   339626
  6.219644e-01   3.484667e-16   1.240002e-03   5.931540e-19   345162
  6.262616e-01   3.437509e-16   1.239266e-03   5.840452e-19   349400
  6.305613e-01   3.450665e-16   1.244262e-03   5.790487e-19   355382
  6.348730e-01   3.418101e-16   1.246769e-03   5.674864e-19   360954
  6.391819e-01   3.402685e-16   1.243477e-03   5.669314e-19   364778
  6.435002e-01   3.386932e-16   1.250914e-03   5.571698e-19   372426
  6.478087e-01   3.368703e-16   1.236390e-03   5.531084e-19   372794
  6.521037e-01   3.358475e-16   1.244101e-03   5.422620e-19   380486
  6.564090e-01   3.342982e-16   1.239094e-03   5.394241e-19   384066
  6.607107e-01   3.321104e-16   1.242538e-03   5.330061e-19   390434
  6.650234e-01   3.308086e-16   1.243376e-03   5.269486e-19   395762
  6.693144e-01   3.300098e-16   1.232039e-03   5.229205e-19   397062
  6.736189e-01   3.284224e-16   1.251120e-03   5.140800e-19   408176
  6.779316e-01   3.260323e-16   1.240403e-03   5.100521e-19   409362
  6.822349e-01   3.236615e-16   1.245861e-03   5.007542e-19   416666
  6.865353e-01   3.253823e-16   1.238522e-03   5.039469e-19   419186
  6.908366e-01   3.231845e-16   1.246872e-03   4.959455e-19   427638
  6.951419e-01   3.202555e-16   1.239127e-03   4.890021e-19   430274
  6.994439e-01   3.194658e-16   1.244186e-03   4.826370e-19   438050
  7.037510e-01   3.181479e-16   1.238974e-03   4.794428e-19   441426
  7.080449e-01   3.163464e-16   1.239295e-03   4.734891e-19   446942
  7.123499e-01   3.159233e-16   1.242845e-03   4.681178e-19   453890
  7.166480e-01   3.140277e-16   1.237274e-03   4.653989e-19   456816
  7.209534e-01   3.120698e-16   1.248635e-03   4.579822e-19   466370
  7.252656e-01   3.115698e-16   1.242502e-03   4.555832e-19   469518
  7.295732e-01   3.102114e-16   1.245116e-03   4.507850e-19   476330
  7.338725e-01   3.095113e-16   1.238721e-03   4.472888e-19   478994
  7.381744e-01   3.085970e-16   1.246904e-03   4.418208e-19   488394
  7.424884e-01   3.071581e-16   1.242990e-03   4.381718e-19   492698
  7.467973e-01   3.052825e-16   1.243980e-03   4.313803e-19   498974
  7.510935e-01   3.049597e-16   1.234693e-03   4.307071e-19   501090
  7.553919e-01   3.029280e-16   1.244343e-03   4.239929e-19   511082
  7.597004e-01   3.022177e-16   1.240179e-03   4.204844e-19   514784
  7.639967e-01   3.006159e-16   1.240878e-03   4.166365e-19   520350
  7.683091e-01   2.991967e-16   1.249509e-03   4.103352e-19   530138
  7.726120e-01   2.978494e-16   1.236517e-03   4.091823e-19   529794
  7.769160e-01   2.974377e-16   1.251602e-03   4.051783e-19   542762
  7.812225e-01   2.962770e-16   1.235289e-03   4.033046e-19   541634
  7.855259e-01   2.949646e-16   1.250892e-03   3.955149e-19   554670
  7.898355e-01   2.940215e-16   1.237417e-03   3.946189e-19   554834
  7.941302e-01   2.931067e-16   1.241778e-03   3.916011e-19   563306
  7.984446e-01   2.916361e-16   1.246587e-03   3.861989e-19   571794
  8.027475e-01   2.900763e-16   1.236199e-03   3.843223e-19   572894
  8.070387e-01   2.893307e-16   1.240006e-03   3.815745e-19   580776
  8.113339e-01   2.896558e-16   1.240324e-03   3.772652e-19   586418
  8.156437e-01   2.867433e-16   1.249813e-03   3.718846e-19   597386
  8.199632e-01   2.868372e-16   1.245750e-03   3.700035e-19   601362
  8.242739e-01   2.862780e-16   1.245729e-03   3.661917e-19   608078
  8.285755e-01   2.849194e-16   1.238705e-03   3.643415e-19   610898
  8.328766e-01   2.840717e-16   1.245632e-03   3.610144e-19   621330
  8.371838e-01   2.822630e-16   1.238702e-03   3.566729e-19   624722
  8.414815e-01   2.806936e-16   1.240373e-03   3.532133e-19   631958
  8.457801e-01   2.800404e-16   1.238534e-03   3.509013e-19   637602
  8.500779e-01   2.795704e-16   1.240333e-03   3.494749e-19   644840
  8.543927e-01   2.785523e-16   1.249060e-03   3.446397e-19   655578
  8.587058e-01   2.775351e-16   1.242590e-03   3.424070e-19   657818
  8.630031e-01   2.757057e-16   1.240971e-03   3.385971e-19   664022
  8.673080e-01   2.753362e-16   1.245948e-03   3.354154e-19   672954
  8.716138e-01   2.752252e-16   1.242705e-03   3.337368e-19   678338
  8.759180e-01   2.729346e-16   1.242125e-03   3.299887e-19   685130
  8.802218e-01   2.727867e-16   1.242115e-03   3.281855e-19   692166
  8.845144e-01   2.720999e-16   1.234388e-03   3.265448e-19   694682
  8.888163e-01   2.709095e-16   1.247301e-03   3.218057e-19   709146
  8.931296e-01   2.699246e-16   1.239356e-03   3.198375e-19   711506
  8.974273e-01   2.690590e-16   1.240782e-03   3.174936e-19   718148
  9.017357e-01   2.689105e-16   1.247217e-03   3.157786e-19   729042
  9.060468e-01   2.678038e-16   1.242130e-03   3.126251e-19   732410
  9.103467e-01   2.674199e-16   1.242891e-03   3.105102e-19   739946
  9.146534e-01   2.657518e-16   1.244593e-03   3.070086e-19   747906
  9.189582e-01   2.649390e-16   1.242506e-03   3.046664e-19   754214
  9.232643e-01   2.640423e-16   1.242436e-03   3.033652e-19   761618
  9.275643e-01   2.626122e-16   1.239211e-03   2.998101e-19   766986
  9.318660e-01   2.621142e-16   1.241058e-03   2.965765e-19   775922
  9.361725e-01   2.617864e-16   1.241758e-03   2.958658e-19   783198
  9.404756e-01   2.601172e-16   1.240472e-03   2.926032e-19   789080
  9.447763e-01   2.602617e-16   1.242851e-03   2.924954e-19   796850
  9.490869e-01   2.591080e-16   1.247937e-03   2.883634e-19   807522
  9.533924e-01   2.580282e-16   1.239848e-03   2.867433e-19   808994
  9.577007e-01   2.578519e-16   1.250666e-03   2.840146e-19   824078
  9.620112e-01   2.567623e-16   1.238593e-03   2.828152e-19   823554
  9.663007e-01   2.556068e-16   1.239589e-03   2.801388e-19   831818
  9.705964e-01   2.563430e-16   1.239567e-03   2.799333e-19   839906
  9.749005e-01   2.538720e-16   1.243918e-03   2.749563e-19   850518
  9.792141e-01   2.536166e-16   1.243935e-03   2.736284e-19   858194
  9.835154e-01   2.534918e-16   1.237898e-03   2.733095e-19   861138
  9.878201e-01   2.520845e-16   1.246238e-03   2.698522e-19   874328
  9.921277e-01   2.515770e-16   1.242167e-03   2.695821e-19   877754
  9.964333e-01   2.504681e-16   1.246740e-03   2.657963e-19   889110
  1.000736e+00   2.497567e-16   1.239362e-03   2.645205e-19   891266
  1.005045e+00   2.489786e-16   1.250650e-03   2.621199e-19   907490
  1.009351e+00   2.484131e-16   1.236362e-03   2.612201e-19   905442
  1.013648e+00   2.471808e-16   1.243368e-03   2.582391e-19   919094
  1.017959e+00   2.463389e-16   1.242743e-03   2.549525e-19   926706
  1.022255e+00   2.459383e-16   1.235935e-03   2.546475e-19   929066
  1.026557e+00   2.458447e-16   1.244945e-03   2.530297e-19   944210
  1.030871e+00   2.442817e-16   1.244094e-03   2.514170e-19   950280
  1.035172e+00   2.439555e-16   1.240473e-03   2.494758e-19   954830
  1.039482e+00   2.432948e-16   1.249830e-03   2.475792e-19   969770
  1.043793e+00   2.430997e-16   1.241385e-03   2.466979e-19   971370
  1.048084e+00   2.418120e-16   1.238565e-03   2.448804e-19   976970
  1.052389e+00   2.410692e-16   1.248650e-03   2.421368e-19   993998
  1.056701e+00   2.402173e-16   1.239979e-03   2.414415e-19   995850
  1.061001e+00   2.395681e-16   1.241064e-03   2.393081e-19   1004930
  1.065300e+00   2.393340e-16   1.238399e-03   2.381559e-19   1011570
  1.069600e+00   2.385412e-16   1.241097e-03   2.362099e-19   1021550
  1.073904e+00   2.374791e-16   1.241994e-03   2.346632e-19   1030184
  1.078211e+00   2.368404e-16   1.244718e-03   2.316239e-19   1039458
  1.082516e+00   2.363093e-16   1.242818e-03   2.305980e-19   1046378
  1.086817e+00   2.362288e-16   1.241429e-03   2.307891e-19   1053266
  1.091121e+00   2.350032e-16   1.245400e-03   2.274995e-19   1065414
  1.095433e+00   2.343638e-16   1.244145e-03   2.261928e-19   1073258
  1.099737e+00   2.340012e-16   1.239997e-03   2.252415e-19   1078522
  1.104033e+00   2.329442e-16   1.238538e-03   2.237170e-19   1086226
  1.108335e+00   2.327036e-16   1.242384e-03   2.221051e-19   1098374
  1.112647e+00   2.313718e-16   1.244052e-03   2.199842e-19   1108626
  1.116952e+00   2.307074e-16   1.239083e-03   2.193819e-19   1111466
  1.121259e+00   2.306678e-16   1.247025e-03   2.181044e-19   1127384
  1.125557e+00   2.299829e-16   1.234728e-03   2.176503e-19   1123506
  1.129854e+00   2.290494e-16   1.248772e-03   2.147524e-19   1144814
  1.134168e+00   2.292015e-16   1.243865e-03   2.142244e-19   1149074
  1.138474e+00   2.284664e-16   1.244851e-03   2.121157e-19   1159050
  1.142776e+00   2.272263e-16   1.239251e-03   2.113059e-19   1163282
  1.147076e+00   2.267606e-16   1.243109e-03   2.093385e-19   1176462
  1.151386e+00   2.264691e-16   1.242518e-03   2.084046e-19   1185266
  1.155692e+00   2.253849e-16   1.242010e-03   2.059055e-19   1193066
  1.159992e+00   2.247033e-16   1.238572e-03   2.054063e-19   1199058
  1.164291e+00   2.243839e-16   1.242339e-03   2.046532e-19   1210400
  1.168599e+00   2.239149e-16   1.245940e-03   2.028388e-19   1222238
  1.172906e+00   2.230195e-16   1.242668e-03   2.013665e-19   1227642
  1.177204e+00   2.226733e-16   1.241123e-03   2.002845e-19   1235594
  1.181510e+00   2.217249e-16   1.246370e-03   1.985981e-19   1249850
  1.185818e+00   2.209728e-16   1.242248e-03   1.974104e-19   1255470
  1.190121e+00   2.203255e-16   1.240701e-03   1.958263e-19   1264130
  1.194423e+00   2.199690e-16   1.241739e-03   1.946228e-19   1274130
  1.198728e+00   2.198225e-16   1.242253e-03   1.945020e-19   1283978
  1.203038e+00   2.188487e-16   1.244741e-03   1.926020e-19   1295498
  1.207344e+00   2.181242e-16   1.240214e-03   1.916338e-19   1300158
  1.211643e+00   2.178005e-16   1.241677e-03   1.906437e-19   1309064
  1.215945e+00   2.172096e-16   1.245586e-03   1.889022e-19   1322690
  1.220252e+00   2.167735e-16   1.242364e-03   1.882164e-19   1328658
  1.224558e+00   2.158219e-16   1.246335e-03   1.857880e-19   1342238
  1.228869e+00   2.156524e-16   1.243416e-03   1.861089e-19   1349490
  1.233166e+00   2.152220e-16   1.237892e-03   1.852379e-19   1353506
  1.237466e+00   2.144418e-16   1.242952e-03   1.839053e-19   1369106
  1.241772e+00   2.138279e-16   1.242177e-03   1.824405e-19   1377582
  1.246079e+00   2.130034e-16   1.242400e-03   1.810882e-19   1388114
  1.250381e+00   2.123074e-16   1.239627e-03   1.799392e-19   1393274
  1.254678e+00   2.118826e-16   1.241614e-03   1.789819e-19   1404720
  1.258988e+00   2.115774e-16   1.247243e-03   1.779563e-19   1420178
  1.263292e+00   2.110190e-16   1.239631e-03   1.770372e-19   1421174
  1.267590e+00   2.101225e-16   1.243106e-03   1.760482e-19   1434786
  1.271896e+00   2.099561e-16   1.244547e-03   1.745056e-19   1446986
  1.276207e+00   2.091569e-16   1.243658e-03   1.735082e-19   1456698
  1.280513e+00   2.085730e-16   1.241620e-03   1.724906e-19   1464134
  1.284817e+00   2.084683e-16   1.241275e-03   1.718288e-19   1474346
  1.289118e+00   2.077978e-16   1.239915e-03   1.708180e-19   1481874
  1.293420e+00   2.064255e-16   1.242922e-03   1.691283e-19   1495418
  1.297725e+00   2.065256e-16   1.241362e-03   1.683753e-19   1502768
  1.302034e+00   2.059128e-16   1.247057e-03   1.671086e-19   1519446
  1.306335e+00   2.052433e-16   1.237101e-03   1.664600e-19   1516106
  1.310634e+00   2.047187e-16   1.247497e-03   1.653258e-19   1539458
  1.314948e+00   2.041009e-16   1.243906e-03   1.641637e-19   1545762
  1.319254e+00   2.038739e-16   1.242503e-03   1.637387e-19   1554062
  1.323553e+00   2.030671e-16   1.239615e-03   1.627683e-19   1561650
  1.327854e+00   2.027183e-16   1.242329e-03   1.619863e-19   1575458
  1.332163e+00   2.021234e-16   1.243591e-03   1.604289e-19   1587722
  1.336470e+00   2.014479e-16   1.241143e-03   1.599327e-19   1594002
  1.340765e+00   2.012753e-16   1.238235e-03   1.590052e-19   1600814
  1.345068e+00   2.002697e-16   1.245460e-03   1.574787e-19   1619192
  1.349373e+00   2.000142e-16   1.241649e-03   1.570362e-19   1624002
  1.353677e+00   1.991760e-16   1.244635e-03   1.556686e-19   1638602
  1.357986e+00   1.994418e-16   1.244174e-03   1.552514e-19   1648566
  1.362290e+00   1.984854e-16   1.241284e-03   1.543489e-19   1655666
  1.366596e+00   1.978572e-16   1.245214e-03   1.534545e-19   1671698
  1.370906e+00   1.972703e-16   1.242328e-03   1.523617e-19   1679562
  1.375207e+00   1.964419e-16   1.239299e-03   1.515753e-19   1685138
  1.379509e+00   1.960610e-16   1.243826e-03   1.503044e-19   1702454
  1.383816e+00   1.957109e-16   1.241119e-03   1.496259e-19   1708986
  1.388120e+00   1.947294e-16   1.243909e-03   1.485941e-19   1722488
  1.392418e+00   1.949244e-16   1.238529e-03   1.485225e-19   1724810
  1.396721e+00   1.941923e-16   1.248056e-03   1.469933e-19   1749438
  1.401035e+00   1.938970e-16   1.243226e-03   1.466124e-19   1753610
  1.405335e+00   1.930061e-16   1.240420e-03   1.458176e-19   1760418
  1.409639e+00   1.926512e-16   1.244367e-03   1.445982e-19   1777586
  1.413941e+00   1.924994e-16   1.239207e-03   1.445083e-19   1780934
  1.418241e+00   1.915758e-16   1.242630e-03   1.430933e-19   1797570
  1.422549e+00   1.913992e-16   1.243489e-03   1.424923e-19   1809098
  1.426853e+00   1.907041e-16   1.241116e-03   1.416500e-19   1816970
  1.431155e+00   1.902345e-16   1.241990e-03   1.406996e-19   1828410
  1.435456e+00   1.898622e-16   1.242105e-03   1.403423e-19   1839428
  1.439764e+00   1.887634e-16   1.245227e-03   1.385836e-19   1854378
  1.444071e+00   1.885318e-16   1.243715e-03   1.379848e-19   1863026
  1.448374e+00   1.882644e-16   1.241766e-03   1.376548e-19   1872122
  1.452677e+00   1.875147e-16   1.242837e-03   1.367317e-19   1885062
  1.456984e+00   1.871231e-16   1.243476e-03   1.357565e-19   1897898
  1.461290e+00   1.868333e-16   1.242076e-03   1.353752e-19   1906922
  1.465594e+00   1.862830e-16   1.242184e-03   1.345829e-19   1919154
  1.469901e+00   1.857000e-16   1.243040e-03   1.339884e-19   1930658
  1.474202e+00   1.849213e-16   1.240512e-03   1.329202e-19   1938518
  1.478507e+00   1.846017e-16   1.243411e-03   1.322048e-19   1953864
  1.482809e+00   1.843114e-16   1.241884e-03   1.317510e-19   1961690
  1.487111e+00   1.837272e-16   1.242863e-03   1.308613e-19   1974930
  1.491416e+00   1.833206e-16   1.243334e-03   1.300484e-19   1987286
  1.495718e+00   1.828084e-16   1.240995e-03   1.294804e-19   1995122
  1.500024e+00   1.821583e-16   1.246031e-03   1.283558e-19   2014674
  1.504330e+00   1.820089e-16   1.239904e-03   1.282654e-19   2017970
  1.508634e+00   1.812882e-16   1.244035e-03   1.272348e-19   2035562
  1.512939e+00   1.808592e-16   1.241127e-03   1.266533e-19   2042718
  1.517240e+00   1.801475e-16   1.241490e-03   1.256497e-19   2054762
  1.521546e+00   1.797450e-16   1.244131e-03   1.251247e-19   2070632
  1.525849e+00   1.796210e-16   1.240416e-03   1.248303e-19   2075058
  1.530153e+00   1.789042e-16   1.245785e-03   1.235518e-19   2095838
  1.534463e+00   1.784594e-16   1.243031e-03   1.230440e-19   2103666
  1.538766e+00   1.779320e-16   1.242205e-03   1.226085e-19   2113322
  1.543072e+00   1.775456e-16   1.244060e-03   1.217472e-19   2129258
  1.547376e+00   1.771047e-16   1.241072e-03   1.213246e-19   2135994
  1.551679e+00   1.764721e-16   1.242739e-03   1.203761e-19   2151614
  1.555987e+00   1.758536e-16   1.243657e-03   1.196399e-19   2164850
  1.560295e+00   1.755542e-16   1.242951e-03   1.190353e-19   2176674
  1.564596e+00   1.751455e-16   1.238456e-03   1.188631e-19   2179754
  1.568894e+00   1.744615e-16   1.243472e-03   1.177095e-19   2199852
  1.573199e+00   1.743013e-16   1.241699e-03   1.172288e-19   2208626
  1.577500e+00   1.735514e-16   1.242956e-03   1.166113e-19   2222210
  1.581807e+00   1.728385e-16   1.244712e-03   1.156080e-19   2237802
  1.586113e+00   1.727453e-16   1.242571e-03   1.153060e-19   2246078
  1.590417e+00   1.722005e-16   1.242620e-03   1.148067e-19   2259626
  1.594722e+00   1.717233e-16   1.242750e-03   1.142688e-19   2271810
  1.599026e+00   1.710390e-16   1.241462e-03   1.131109e-19   2282522
  1.603329e+00   1.707338e-16   1.242364e-03   1.127051e-19   2296250
  1.607631e+00   1.703084e-16   1.240557e-03   1.122992e-19   2305542
  1.611933e+00   1.698335e-16   1.242016e-03   1.115862e-19   2320352
  1.616237e+00   1.695001e-16   1.243213e-03   1.109547e-19   2334258
  1.620545e+00   1.688689e-16   1.244091e-03   1.101738e-19   2347802
  1.624850e+00   1.683189e-16   1.242834e-03   1.097646e-19   2357462
  1.629153e+00   1.681282e-16   1.242084e-03   1.092700e-19   2369586
  1.633459e+00   1.674784e-16   1.244214e-03   1.085637e-19   2385506
  1.637763e+00   1.671220e-16   1.241440e-03   1.081868e-19   2394194
  1.642067e+00   1.665496e-16   1.242296e-03   1.075128e-19   2408730
  1.646373e+00   1.664079e-16   1.243029e-03   1.069295e-19   2423102
  1.650676e+00   1.657418e-16   1.239391e-03   1.065464e-19   2428458
  1.654978e+00   1.653320e-16   1.243637e-03   1.058952e-19   2449874
  1.659284e+00   1.646822e-16   1.241473e-03   1.051004e-19   2456864
  1.663583e+00   1.644495e-16   1.241854e-03   1.045930e-19   2469006
  1.667887e+00   1.638604e-16   1.243567e-03   1.039964e-19   2486546
  1.672195e+00   1.630860e-16   1.244576e-03   1.031802e-19   2500250
  1.676502e+00   1.630427e-16   1.243329e-03   1.029667e-19   2511186
  1.680803e+00   1.624999e-16   1.240061e-03   1.024355e-19   2517722
  1.685108e+00   1.620012e-16   1.245284e-03   1.017051e-19   2542742
  1.689415e+00   1.611722e-16   1.240720e-03   1.012137e-19   2545842
  1.693712e+00   1.611637e-16   1.239948e-03   1.010939e-19   2557874
  1.698013e+00   1.605348e-16   1.241475e-03   1.001736e-19   2574354
  1.702320e+00   1.602884e-16   1.244413e-03   9.973969e-20   2592404
  1.706626e+00   1.597798e-16   1.241878e-03   9.916418e-20   2599274
  1.710932e+00   1.591459e-16   1.245741e-03   9.852859e-20   2619954
  1.715239e+00   1.588491e-16   1.241533e-03   9.805679e-20   2624570
  1.719539e+00   1.585733e-16   1.242882e-03   9.768309e-20   2639714
  1.723846e+00   1.580729e-16   1.244823e-03   9.703013e-20   2659158
  1.728155e+00   1.573096e-16   1.242243e-03   9.631284e-20   2666810
  1.732457e+00   1.570382e-16   1.241518e-03   9.623543e-20   2679098
  1.736758e+00   1.565920e-16   1.240366e-03   9.552909e-20   2690778
  1.741064e+00   1.562127e-16   1.244805e-03   9.493184e-20   2713886
  1.745369e+00   1.554990e-16   1.239456e-03   9.449517e-20   2714448
  1.749676e+00   1.554316e-16   1.247458e-03   9.394302e-20   2744474
  1.753986e+00   1.546919e-16   1.241601e-03   9.344860e-20   2744690
  1.758281e+00   1.542034e-16   1.239906e-03   9.298395e-20   2752926
  1.762584e+00   1.541709e-16   1.246417e-03   9.264572e-20   2782370
  1.766896e+00   1.534124e-16   1.243946e-03   9.200087e-20   2790218
  1.771198e+00   1.529284e-16   1.240797e-03   9.150268e-20   2797890
  1.775495e+00   1.525372e-16   1.239545e-03   9.105854e-20   2808938
  1.779800e+00   1.521807e-16   1.245502e-03   9.044568e-20   2837358
  1.784107e+00   1.516193e-16   1.239356e-03   9.007015e-20   2837234
  1.788406e+00   1.511529e-16   1.242372e-03   8.956755e-20   2857250
  1.792715e+00   1.508657e-16   1.243958e-03   8.917813e-20   2874456
  1.797020e+00   1.502907e-16   1.242107e-03   8.867307e-20   2881862
  1.801324e+00   1.499068e-16   1.243761e-03   8.811797e-20   2899994
  1.805628e+00   1.495921e-16   1.242168e-03   8.768352e-20   2909586
  1.809931e+00   1.490381e-16   1.243470e-03   8.721738e-20   2927330
  1.814238e+00   1.486506e-16   1.243690e-03   8.687449e-20   2941802
  1.818542e+00   1.482467e-16   1.241373e-03   8.631999e-20   2952054
  1.822847e+00   1.479354e-16   1.242621e-03   8.598219e-20   2969522
  1.827150e+00   1.475353e-16   1.240525e-03   8.564568e-20   2978778
  1.831451e+00   1.465968e-16   1.241105e-03   8.481334e-20   2994338
  1.835751e+00   1.464962e-16   1.240314e-03   8.469687e-20   3004772
  1.840058e+00   1.458004e-16   1.246414e-03   8.387117e-20   3032706
  1.844365e+00   1.458224e-16   1.241907e-03   8.367317e-20   3035306
  1.848670e+00   1.450720e-16   1.244354e-03   8.307141e-20   3056018
  1.852975e+00   1.447834e-16   1.242053e-03   8.279443e-20   3063690
  1.857279e+00   1.442739e-16   1.243645e-03   8.225965e-20   3083726
  1.861581e+00   1.439127e-16   1.239993e-03   8.191841e-20   3089378
  1.865886e+00   1.434533e-16   1.244941e-03   8.131205e-20   3116898
  1.870193e+00   1.429160e-16   1.240195e-03   8.108283e-20   3119714
  1.874493e+00   1.426989e-16   1.241048e-03   8.053840e-20   3136518
  1.878799e+00   1.421674e-16   1.243148e-03   8.007611e-20   3155810
  1.883100e+00   1.417009e-16   1.240167e-03   7.978370e-20   3160760
  1.887405e+00   1.410488e-16   1.245521e-03   7.917128e-20   3188730
  1.891713e+00   1.408616e-16   1.242677e-03   7.892371e-20   3194306
  1.896011e+00   1.404458e-16   1.240445e-03   7.857639e-20   3204086
  1.900317e+00   1.401586e-16   1.246283e-03   7.808288e-20   3234282
  1.904623e+00   1.396388e-16   1.240145e-03   7.761851e-20   3234122
  1.908926e+00   1.391078e-16   1.243791e-03   7.712324e-20   3258762
  1.913232e+00   1.390199e-16   1.241319e-03   7.707717e-20   3267950
  1.917535e+00   1.385734e-16   1.241274e-03   7.654337e-20   3282698
  1.921839e+00   1.379578e-16   1.242799e-03   7.603658e-20   3300162
  1.926144e+00   1.374334e-16   1.242345e-03   7.562017e-20   3313592
  1.930452e+00   1.368831e-16   1.245108e-03   7.507310e-20   3333638
  1.934756e+00   1.365899e-16   1.241589e-03   7.477503e-20   3338922
  1.939059e+00   1.364460e-16   1.244093e-03   7.453473e-20   3360170
  1.943362e+00   1.358951e-16   1.241910e-03   7.408895e-20   3370466
  1.947662e+00   1.355433e-16   1.241051e-03   7.371753e-20   3383418
  1.951967e+00   1.350288e-16   1.244361e-03   7.319471e-20   3409310
  1.956277e+00   1.344038e-16   1.242644e-03   7.276476e-20   3420186
  1.960580e+00   1.343129e-16   1.241058e-03   7.264313e-20   3430370
  1.964884e+00   1.338578e-16   1.242399e-03   7.218706e-20   3449018
  1.969183e+00   1.333952e-16   1.239329e-03   7.192002e-20   3454878
  1.973487e+00   1.329564e-16   1.245402e-03   7.132696e-20   3486272
  1.977797e+00   1.326081e-16   1.243904e-03   7.099125e-20   3494954
  1.982100e+00   1.321777e-16   1.241774e-03   7.066169e-20   3506010
  1.986406e+00   1.317385e-16   1.244904e-03   7.022635e-20   3529586
  1.990712e+00   1.312606e-16   1.242458e-03   6.991303e-20   3538542
  1.995016e+00   1.307629e-16   1.241945e-03   6.949631e-20   3553826
  1.999319e+00   1.304782e-16   1.241956e-03   6.908977e-20   3570434
  2.003620e+00   1.300477e-16   1.239732e-03   6.884038e-20   3579018
  2.007924e+00   1.298209e-16   1.244701e-03   6.833414e-20   3608798
  2.012228e+00   1.291394e-16   1.238774e-03   6.808123e-20   3607130
  2.016532e+00   1.289064e-16   1.245747e-03   6.759883e-20   3640104
  2.020840e+00   1.285302e-16   1.242775e-03   6.732388e-20   3647210
  2.025143e+00   1.280655e-16   1.242355e-03   6.697722e-20   3660290
  2.029446e+00   1.276960e-16   1.243706e-03   6.660427e-20   3680550
  2.033752e+00   1.273580e-16   1.242363e-03   6.639408e-20   3693098
  2.038057e+00   1.267290e-16   1.243608e-03   6.590610e-20   3714114
  2.042363e+00   1.264804e-16   1.240820e-03   6.556566e-20   3722018
  2.046664e+00   1.260886e-16   1.242086e-03   6.525936e-20   3740990
  2.050969e+00   1.256628e-16   1.242428e-03   6.496946e-20   3758346
  2.055275e+00   1.252696e-16   1.242572e-03   6.451563e-20   3773954
  2.059575e+00   1.249592e-16   1.239579e-03   6.432404e-20   3780056
  2.063876e+00   1.243888e-16   1.244110e-03   6.387569e-20   3807714
  2.068184e+00   1.240727e-16   1.244255e-03   6.352198e-20   3824390
  2.072489e+00   1.235173e-16   1.241967e-03   6.307894e-20   3832538
  2.076792e+00   1.233202e-16   1.243235e-03   6.282905e-20   3854226
  2.081097e+00   1.230015e-16   1.241880e-03   6.265421e-20   3866354
  2.085398e+00   1.224372e-16   1.241460e-03   6.216963e-20   3881574
  2.089705e+00   1.221939e-16   1.244354e-03   6.184593e-20   3907874
  2.094012e+00   1.217788e-16   1.241372e-03   6.157541e-20   3914594
  2.098316e+00   1.213955e-16   1.241764e-03   6.123265e-20   3931602
  2.102619e+00   1.209835e-16   1.242514e-03   6.103575e-20   3948638
  2.106925e+00   1.204652e-16   1.243372e-03   6.056954e-20   3967736
  2.111226e+00   1.202174e-16   1.240652e-03   6.046599e-20   3972594
  2.115526e+00   1.198744e-16   1.243453e-03   6.002938e-20   3998954
  2.119832e+00   1.193098e-16   1.242579e-03   5.960962e-20   4012842
  2.124138e+00   1.190548e-16   1.244232e-03   5.928300e-20   4035254
  2.128446e+00   1.185660e-16   1.242914e-03   5.901666e-20   4048010
  2.132748e+00   1.182663e-16   1.240468e-03   5.880638e-20   4057242
  2.137052e+00   1.178213e-16   1.242910e-03   5.840700e-20   4081730
  2.141355e+00   1.174563e-16   1.241417e-03   5.806394e-20   4092086
  2.145657e+00   1.170749e-16   1.241641e-03   5.778045e-20   4110330
  2.149960e+00   1.167213e-16   1.242579e-03   5.755782e-20   4127672
  2.154266e+00   1.163603e-16   1.244228e-03   5.720501e-20   4149002
  2.158574e+00   1.159055e-16   1.244181e-03   5.687295e-20   4165482
  2.162879e+00   1.156454e-16   1.241793e-03   5.660180e-20   4175318
  2.167183e+00   1.151861e-16   1.243316e-03   5.629580e-20   4196754
  2.171489e+00   1.148092e-16   1.243264e-03   5.605593e-20   4214498
  2.175796e+00   1.143701e-16   1.242428e-03   5.561375e-20   4229690
  2.180100e+00   1.141463e-16   1.241701e-03   5.543863e-20   4243014
  2.184403e+00   1.136802e-16   1.242176e-03   5.507903e-20   4262114
  2.188703e+00   1.133418e-16   1.239864e-03   5.486212e-20   4270586
  2.193005e+00   1.129355e-16   1.243077e-03   5.458963e-20   4298442
  2.197313e+00   1.124148e-16   1.243776e-03   5.418243e-20   4315424
  2.201617e+00   1.121803e-16   1.242010e-03   5.393409e-20   4326502
  2.205919e+00   1.117481e-16   1.242090e-03   5.365422e-20   4343218
  2.210223e+00   1.115185e-16   1.243868e-03   5.336964e-20   4367282
  2.214533e+00   1.110872e-16   1.244354e-03   5.306395e-20   4386738
  2.218837e+00   1.106585e-16   1.240659e-03   5.288494e-20   4391198
  2.223134e+00   1.103214e-16   1.239602e-03   5.261681e-20   4405226
  2.227438e+00   1.100109e-16   1.244513e-03   5.230583e-20   4439250
  2.231748e+00   1.096024e-16   1.243132e-03   5.206678e-20   4452506
  2.236052e+00   1.092353e-16   1.241634e-03   5.172689e-20   4462130
  2.240352e+00   1.088825e-16   1.240792e-03   5.149017e-20   4476564
  2.244658e+00   1.084727e-16   1.245364e-03   5.108278e-20   4509338
  2.248962e+00   1.080841e-16   1.240711e-03   5.098223e-20   4510362
  2.253265e+00   1.078040e-16   1.243332e-03   5.070201e-20   4537346
  2.257569e+00   1.074569e-16   1.242277e-03   5.043068e-20   4550990
  2.261875e+00   1.070042e-16   1.243361e-03   5.009646e-20   4572642
  2.266181e+00   1.066718e-16   1.242778e-03   4.983464e-20   4588706
  2.270486e+00   1.063091e-16   1.241612e-03   4.956514e-20   4602770
  2.274788e+00   1.059393e-16   1.241771e-03   4.940855e-20   4619478
  2.279089e+00   1.056738e-16   1.240755e-03   4.914798e-20   4634138
  2.283394e+00   1.052243e-16   1.244489e-03   4.877445e-20   4663880
  2.287700e+00   1.048336e-16   1.241878e-03   4.857920e-20   4671234
  2.292004e+00   1.045473e-16   1.243070e-03   4.822625e-20   4692506
  2.296309e+00   1.039726e-16   1.243564e-03   4.790589e-20   4712910
  2.300614e+00   1.037904e-16   1.241968e-03   4.778863e-20   4724354
  2.304917e+00   1.033519e-16   1.243226e-03   4.748357e-20   4746746
  2.309222e+00   1.031647e-16   1.242336e-03   4.734676e-20   4762338
  2.313526e+00   1.027212e-16   1.242324e-03   4.706542e-20   4779854
  2.317829e+00   1.023830e-16   1.241534e-03   4.677605e-20   4795466
  2.322134e+00   1.020540e-16   1.243776e-03   4.653980e-20   4821354
  2.326436e+00   1.016448e-16   1.239680e-03   4.633010e-20   4824650
  2.330739e+00   1.013597e-16   1.244160e-03   4.610387e-20   4857600
  2.335045e+00   1.009498e-16   1.242397e-03   4.578162e-20   4868630
  2.339349e+00   1.005702e-16   1.242730e-03   4.551680e-20   4888178
  2.343650e+00   1.002124e-16   1.241148e-03   4.529844e-20   4899498
  2.347957e+00   9.993542e-17   1.245154e-03   4.498981e-20   4934162
  2.352265e+00   9.955365e-17   1.242531e-03   4.478191e-20   4942238
  2.356570e+00   9.917888e-17   1.242221e-03   4.457866e-20   4959786
  2.360872e+00   9.887659e-17   1.241444e-03   4.439652e-20   4974266
  2.365174e+00   9.861293e-17   1.241369e-03   4.419551e-20   4994210
  2.369476e+00   9.814308e-17   1.241541e-03   4.393518e-20   5011218
  2.373781e+00   9.776706e-17   1.244195e-03   4.357691e-20   5040140
  2.378089e+00   9.745506e-17   1.242503e-03   4.339525e-20   5050506
  2.382393e+00   9.723136e-17   1.243411e-03   4.319234e-20   5071754
  2.386698e+00   9.682886e-17   1.242456e-03   4.300297e-20   5085722
  2.391006e+00   9.656135e-17   1.245460e-03   4.271876e-20   5116902
  2.395311e+00   9.613879e-17   1.240080e-03   4.257239e-20   5114138
  2.399611e+00   9.584080e-17   1.243148e-03   4.231741e-20   5145266
  2.403915e+00   9.547661e-17   1.241306e-03   4.208674e-20   5157786
  2.408215e+00   9.513225e-17   1.240637e-03   4.186248e-20   5172578
  2.412521e+00   9.489354e-17   1.245271e-03   4.162905e-20   5211182
  2.416823e+00   9.445498e-17   1.237575e-03   4.149475e-20   5196930
  2.421125e+00   9.416548e-17   1.245808e-03   4.110219e-20   5250656
  2.425435e+00   9.380102e-17   1.242301e-03   4.093185e-20   5252370
  2.429740e+00   9.341259e-17   1.244183e-03   4.072095e-20   5278838
  2.434048e+00   9.317945e-17   1.242961e-03   4.052004e-20   5293178
  2.438352e+00   9.276615e-17   1.242508e-03   4.032101e-20   5309106
  2.442655e+00   9.251787e-17   1.241858e-03   4.014832e-20   5326490
  2.446958e+00   9.205614e-17   1.242077e-03   3.986113e-20   5346926
  2.451258e+00   9.175653e-17   1.239854e-03   3.969418e-20   5357370
  2.455559e+00   9.143686e-17   1.242581e-03   3.942538e-20   5386490
  2.459866e+00   9.121333e-17   1.243365e-03   3.925897e-20   5410386
  2.464172e+00   9.089214e-17   1.242166e-03   3.907037e-20   5422136
  2.468474e+00   9.046629e-17   1.242008e-03   3.882202e-20   5438390
  2.472780e+00   9.018474e-17   1.244789e-03   3.860195e-20   5469642
  2.477086e+00   8.991108e-17   1.241939e-03   3.847485e-20   5475866
  2.481390e+00   8.949947e-17   1.243879e-03   3.819857e-20   5504042
  2.485694e+00   8.910102e-17   1.241823e-03   3.800088e-20   5514198
  2.490000e+00   8.881173e-17   1.243759e-03   3.775058e-20   5544122
  2.494304e+00   8.845746e-17   1.240999e-03   3.757239e-20   5549978
  2.498605e+00   8.816487e-17   1.241898e-03   3.740893e-20   5575146
  2.502910e+00   8.787016e-17   1.242322e-03   3.715905e-20   5596322
  2.507211e+00   8.753695e-17   1.240639e-03   3.702315e-20   5607036
  2.511512e+00   8.719515e-17   1.242217e-03   3.675860e-20   5631314
  2.515818e+00   8.681264e-17   1.244475e-03   3.649572e-20   5661050
  2.520126e+00   8.652019e-17   1.243149e-03   3.636336e-20   5673786
  2.524432e+00   8.624872e-17   1.244130e-03   3.613700e-20   5697374
  2.528738e+00   8.599046e-17   1.241940e-03   3.601745e-20   5708810
  2.533040e+00   8.556341e-17   1.241784e-03   3.577606e-20   5727042
  2.537342e+00   8.520403e-17   1.241725e-03   3.559194e-20   5748458
  2.541649e+00   2.520174e-17   1.244094e-03   2.491289e-20   5778522
  2.545953e+00   5.276203e-19   1.240923e-03   2.245075e-22   5772611
  2.550256e+00   5.005724e-19   1.242948e-03   2.120998e-22   5773088
  2.554562e+00   4.760045e-19   1.243608e-03   2.012327e-22   5766492
  2.558868e+00   4.533386e-19   1.241607e-03   1.913474e-22   5746712
  2.563169e+00   4.337452e-19   1.242178e-03   1.830591e-22   5738888
  2.567472e+00   4.162667e-19   1.241717e-03   1.758749e-22   5727276
  2.571777e+00   3.997858e-19   1.244237e-03   1.685132e-22   5727968
  2.576082e+00   3.850099e-19   1.241561e-03   1.625477e-22   5706164
  2.580384e+00   3.711220e-19   1.241996e-03   1.567201e-22   5696964
  2.584687e+00   3.586218e-19   1.242601e-03   1.516140e-22   5691224
  2.588994e+00   3.472610e-19   1.243467e-03   1.467078e-22   5683428
  2.593295e+00   3.360610e-19   1.240170e-03   1.425221e-22   5658572
  2.597598e+00   3.260011e-19   1.243699e-03   1.379905e-22   5664392
  2.601906e+00   3.167142e-19   1.243219e-03   1.341668e-22   5650404
  2.606210e+00   3.077356e-19   1.241780e-03   1.306704e-22   5633456
  2.610515e+00   2.996521e-19   1.244307e-03   1.271254e-22   5634524
  2.614819e+00   2.917658e-19   1.239992e-03   1.241960e-22   5604324
  2.619119e+00   2.843761e-19   1.242897e-03   1.208541e-22   5605076
  2.623424e+00   2.775332e-19   1.242845e-03   1.180784e-22   5596064
  2.627732e+00   2.704475e-19   1.243912e-03   1.151968e-22   5588460
  2.632037e+00   2.644195e-19   1.241718e-03   1.127755e-22   5567744
  2.636340e+00   2.585856e-19   1.242380e-03   1.103598e-22   5559864
  2.640647e+00   2.532205e-19   1.244149e-03   1.081388e-22   5556716
  2.644952e+00   2.475437e-19   1.241612e-03   1.059984e-22   5532800
  2.649256e+00   2.426269e-19   1.243680e-03   1.038108e-22   5530536
  2.653561e+00   2.376029e-19   1.241739e-03   1.018243e-22   5511644
  2.657862e+00   2.329921e-19   1.242126e-03   1.000264e-22   5500436
  2.662166e+00   2.287865e-19   1.242823e-03   9.815763e-23   5492448
  2.666468e+00   2.242029e-19   1.241638e-03   9.633958e-23   5475248
  2.670773e+00   2.202938e-19   1.243929e-03   9.474226e-23   5475360
  2.675079e+00   2.163252e-19   1.241992e-03   9.318702e-23   5453936
  2.679381e+00   2.127294e-19   1.241882e-03   9.174304e-23   5442836
  2.683687e+00   2.092142e-19   1.243911e-03   9.023166e-23   5438952
  2.687991e+00   2.055065e-19   1.241484e-03   8.878975e-23   5415560
  2.692297e+00   2.022743e-19   1.244838e-03   8.745637e-23   5419112
  2.696604e+00   1.990589e-19   1.242148e-03   8.617943e-23   5394804
  2.700905e+00   1.960877e-19   1.241326e-03   8.497479e-23   5379152
  2.705208e+00   1.931832e-19   1.243277e-03   8.386454e-23   5375024
  2.709512e+00   1.902933e-19   1.241649e-03   8.260643e-23   5357184
  2.713816e+00   1.874512e-19   1.243183e-03   8.149956e-23   5350592
  2.718124e+00   1.847744e-19   1.244354e-03   8.049418e-23   5344632
  2.722428e+00   1.821917e-19   1.240029e-03   7.948775e-23   5312360
  2.726729e+00   1.796783e-19   1.243419e-03   7.849244e-23   5314304
  2.731034e+00   1.774081e-19   1.241470e-03   7.747603e-23   5293560
  2.735336e+00   1.749842e-19   1.242953e-03   7.649594e-23   5286788
  2.739642e+00   1.728067e-19   1.242757e-03   7.569865e-23   5273120
  2.743944e+00   1.706460e-19   1.241867e-03   7.477608e-23   5256096
  2.748250e+00   1.684753e-19   1.243964e-03   7.401979e-23   5253872
  2.752556e+00   1.665423e-19   1.242031e-03   7.322507e-23   5230968
  2.756857e+00   1.645115e-19   1.241736e-03   7.245772e-23   5217980
  2.761163e+00   1.625316e-19   1.243739e-03   7.150493e-23   5213288
  2.765469e+00   1.607608e-19   1.242489e-03   7.100519e-23   5195472
  2.769771e+00   1.588212e-19   1.240687e-03   7.021558e-23   5173796
  2.774075e+00   1.570275e-19   1.244078e-03   6.947457e-23   5175548
  2.778380e+00   1.553710e-19   1.241037e-03   6.894070e-23   5149176
  2.782682e+00   1.537670e-19   1.243380e-03   6.824486e-23   5143736
  2.786990e+00   1.521102e-19   1.243228e-03   6.766063e-23   5131652
  2.791292e+00   1.505614e-19   1.240578e-03   6.713482e-23   5106252
  2.795595e+00   1.491452e-19   1.243965e-03   6.654381e-23   5107544
  2.799902e+00   1.475832e-19   1.242001e-03   6.599062e-23   5085660
  2.804204e+00   1.458084e-19   1.241328e-03   6.527607e-23   5070776
  2.808509e+00   1.445292e-19   1.243153e-03   6.481551e-23   5062328
  2.812813e+00   1.431970e-19   1.242433e-03   6.436902e-23   5045868
  2.817121e+00   1.417427e-19   1.243714e-03   6.380771e-23   5037440
  2.821426e+00   1.408115e-19   1.242064e-03   6.344734e-23   5015132
  2.825726e+00   1.392382e-19   1.240668e-03   6.293108e-23   4995984
  2.830028e+00   1.379696e-19   1.243462e-03   6.233859e-23   4992980
  2.834333e+00   1.368515e-19   1.241884e-03   6.207464e-23   4972832
  2.838637e+00   1.355045e-19   1.243697e-03   6.150751e-23   4964340
  2.842943e+00   1.344071e-19   1.242516e-03   6.116904e-23   4947560
  2.847248e+00   1.332189e-19   1.242606e-03   6.069374e-23   4932360
  2.851552e+00   1.320501e-19   1.242840e-03   6.023854e-23   4919336
  2.855856e+00   1.312026e-19   1.241436e-03   6.004362e-23   4898936
  2.860160e+00   1.299812e-19   1.244078e-03   5.950464e-23   4894080
  2.864464e+00   1.288921e-19   1.241273e-03   5.925340e-23   4868312
  2.868766e+00   1.278054e-19   1.243024e-03   5.886122e-23   4860512
  2.873074e+00   1.268772e-19   1.244063e-03   5.845500e-23   4850652
  2.877378e+00   1.260118e-19   1.241215e-03   5.821475e-23   4823180
  2.881678e+00   1.247610e-19   1.241868e-03   5.779431e-23   4813092
  2.885983e+00   1.238933e-19   1.243357e-03   5.748975e-23   4803176
  2.890289e+00   1.230873e-19   1.242286e-03   5.720154e-23   4784612
  2.894591e+00   1.221684e-19   1.241218e-03   5.702706e-23   4764660
  2.898896e+00   1.212888e-19   1.244352e-03   5.666805e-23   4761752
  2.903203e+00   1.204796e-19   1.242254e-03   5.647008e-23   4737608
  2.907508e+00   1.195275e-19   1.243782e-03   5.609876e-23   4727544
  2.911813e+00   1.188105e-19   1.242011e-03   5.592358e-23   4706456
  2.916113e+00   1.179279e-19   1.241184e-03   5.565001e-23   4686092
  2.920414e+00   1.170970e-19   1.242474e-03   5.532628e-23   4677204
  2.924720e+00   1.162491e-19   1.243608e-03   5.508590e-23   4665956
  2.929027e+00   1.155195e-19   1.242491e-03   5.482085e-23   4646892
  2.933334e+00   1.147411e-19   1.243986e-03   5.451421e-23   4635308
  2.937638e+00   1.140154e-19   1.241156e-03   5.439485e-23   4610300
  2.941944e+00   1.132921e-19   1.244623e-03   5.411602e-23   4606236
  2.946248e+00   1.125597e-19   1.240809e-03   5.396801e-23   4575296
  2.950547e+00   1.118277e-19   1.241402e-03   5.376110e-23   4562624
  2.954849e+00   1.109589e-19   1.243009e-03   5.344861e-23   4552332
  2.959157e+00   1.104700e-19   1.243801e-03   5.331267e-23   4539152
  2.963460e+00   1.098322e-19   1.241288e-03   5.319043e-23   4513424
  2.967766e+00   1.091176e-19   1.243923e-03   5.301152e-23   4509456
  2.972070e+00   1.083116e-19   1.240552e-03   5.279995e-23   4479056
  2.976372e+00   1.077627e-19   1.243062e-03   5.261055e-23   4472616
  2.980678e+00   1.071122e-19   1.242201e-03   5.245635e-23   4452764
  2.984982e+00   1.065512e-19   1.242383e-03   5.227037e-23   4436276
  2.989287e+00   1.060036e-19   1.243020e-03   5.222851e-23   4421316
  2.993591e+00   1.051975e-19   1.242713e-03   5.188856e-23   4403552
  2.997897e+00   1.046095e-19   1.243125e-03   5.176349e-23   4388756
  3.002197e+00   1.040729e-19   1.239910e-03   5.169612e-23   4359612
  3.006501e+00   1.036455e-19   1.245189e-03   5.160317e-23   4363436
  3.010810e+00   1.029828e-19   1.241668e-03   5.143893e-23   4333152
  3.015112e+00   1.024512e-19   1.242322e-03   5.126674e-23   4319360
  3.019416e+00   1.017419e-19   1.241879e-03   5.109375e-23   4300196
  3.023718e+00   1.012425e-19   1.242009e-03   5.094343e-23   4283916
  3.028025e+00   1.007502e-19   1.243758e-03   5.085424e-23   4271612
  3.032329e+00   1.002254e-19   1.241888e-03   5.078917e-23   4247696
  3.036635e+00   9.962489e-20   1.244212e-03   5.066648e-23   4238484
  3.040938e+00   9.901334e-20   1.240927e-03   5.054823e-23   4208828
  3.045242e+00   9.872896e-20   1.244059e-03   5.041536e-23   4203992
  3.049546e+00   9.809255e-20   1.240882e-03   5.036082e-23   4175220
  3.053849e+00   9.762808e-20   1.243290e-03   5.021171e-23   4166720
  3.058155e+00   9.724249e-20   1.242345e-03   5.023326e-23   4145580
  3.062459e+00   9.657883e-20   1.242017e-03   4.998465e-23   4127948
  3.066765e+00   9.603071e-20   1.243251e-03   4.985895e-23   4112072
  3.071067e+00   9.559490e-20   1.241091e-03   4.981049e-23   4087332
  3.075369e+00   9.526338e-20   1.242294e-03   4.977156e-23   4073768
  3.079675e+00   9.473359e-20   1.244587e-03   4.964478e-23   4062104
  3.083981e+00   9.410179e-20   1.241704e-03   4.957040e-23   4034832
  3.088281e+00   9.374838e-20   1.241759e-03   4.954961e-23   4017152
  3.092588e+00   9.349608e-20   1.244393e-03   4.952216e-23   4008900
  3.096894e+00   9.290018e-20   1.241775e-03   4.944292e-23   3980792
  3.101197e+00   9.255050e-20   1.242095e-03   4.941688e-23   3966116
  3.105500e+00   9.200533e-20   1.241485e-03   4.928352e-23   3944292
  3.109802e+00   9.143469e-20   1.242384e-03   4.919914e-23   3928160
  3.114109e+00   9.112050e-20   1.244307e-03   4.913144e-23   3915392
  3.118416e+00   9.068151e-20   1.242839e-03   4.902908e-23   3892236
  3.122720e+00   9.033676e-20   1.242208e-03   4.902251e-23   3871208
  3.127025e+00   8.986424e-20   1.244417e-03   4.896051e-23   3858440
  3.131329e+00   8.949065e-20   1.240522e-03   4.906697e-23   3829476
  3.135627e+00   8.905917e-20   1.241321e-03   4.899205e-23   3812588
  3.139934e+00   8.869568e-20   1.244665e-03   4.873869e-23   3805824
  3.144241e+00   8.832317e-20   1.241244e-03   4.885753e-23   3775436
  3.148541e+00   8.778195e-20   1.241237e-03   4.878121e-23   3756728
  3.152845e+00   8.746763e-20   1.243512e-03   4.870841e-23   3743028
  3.157153e+00   8.706836e-20   1.244378e-03   4.868039e-23   3726488
  3.161460e+00   8.667557e-20   1.241902e-03   4.869621e-23   3700136
  3.165761e+00   8.621480e-20   1.242473e-03   4.862441e-23   3681744
  3.170065e+00   8.592817e-20   1.242646e-03   4.868046e-23   3663284
  3.174368e+00   8.553141e-20   1.242677e-03   4.873134e-23   3643820
  3.178675e+00   8.529359e-20   1.243305e-03   4.870267e-23   3627924
  3.182978e+00   8.479409e-20   1.241024e-03   4.866372e-23   3600248
  3.187282e+00   8.449050e-20   1.243610e-03   4.867903e-23   3589620
  3.191588e+00   8.393131e-20   1.241801e-03   4.865210e-23   3564152
  3.195892e+00   8.373615e-20   1.243025e-03   4.861516e-23   3548468
  3.200196e+00   8.326369e-20   1.241427e-03   4.858029e-23   3522804
  3.204500e+00   8.302426e-20   1.244268e-03   4.860695e-23   3510932
  3.208805e+00   8.256916e-20   1.240843e-03   4.857517e-23   3481400
  3.213105e+00   8.232382e-20   1.242400e-03   4.868608e-23   3464628
  3.217411e+00   8.199323e-20   1.243665e-03   4.867695e-23   3449732
  3.221713e+00   8.158741e-20   1.240414e-03   4.870039e-23   3419952
  3.226019e+00   8.118266e-20   1.244993e-03   4.858349e-23   3413852
  3.230325e+00   8.075538e-20   1.240922e-03   4.864741e-23   3381152
  3.234629e+00   8.057140e-20   1.243752e-03   4.867402e-23   3369888
  3.238934e+00   8.017890e-20   1.240725e-03   4.870960e-23   3340064
  3.243237e+00   7.988428e-20   1.243952e-03   4.871049e-23   3327980
  3.247544e+00   7.957089e-20   1.242354e-03   4.881579e-23   3302832
  3.251843e+00   7.913520e-20   1.240684e-03   4.873198e-23   3277616
  3.256148e+00   7.897220e-20   1.244322e-03   4.888106e-23   3267200
  3.260452e+00   7.845886e-20   1.241364e-03   4.885299e-23   3237636
  3.264754e+00   7.846953e-20   1.242345e-03   4.915060e-23   3221264
  3.269058e+00   7.777035e-20   1.242349e-03   4.893361e-23   3199116
  3.273365e+00   7.765784e-20   1.244259e-03   4.899681e-23   3184436
  3.277671e+00   7.711528e-20   1.241169e-03   4.891629e-23   3154580
  3.281974e+00   7.690788e-20   1.242759e-03   4.911789e-23   3138000
  3.286281e+00   7.668638e-20   1.243748e-03   4.914106e-23   3118340
  3.290585e+00   7.627126e-20   1.241841e-03   4.924516e-23   3092060
  3.294889e+00   7.595408e-20   1.243192e-03   4.920465e-23   3074844
  3.299189e+00   7.560092e-20   1.239988e-03   4.934945e-23   3044768
  3.303493e+00   7.543731e-20   1.245247e-03   4.925556e-23   3037296
  3.307798e+00   7.503109e-20   1.240368e-03   4.951178e-23   3003116
  3.312102e+00   7.473264e-20   1.244289e-03   4.946921e-23   2993168
  3.316409e+00   7.433712e-20   1.241010e-03   4.971092e-23   2962152
  3.320713e+00   7.413388e-20   1.244257e-03   4.960323e-23   2948960
  3.325017e+00   7.374018e-20   1.239985e-03   4.979555e-23   2916236
  3.329318e+00   7.344368e-20   1.243794e-03   4.982209e-23   2903352
  3.333624e+00   7.317643e-20   1.241996e-03   4.992415e-23   2876984
  3.337928e+00   7.266865e-20   1.244325e-03   4.986671e-23   2859644
  3.342233e+00   7.261259e-20   1.240955e-03   5.016641e-23   2830968
  3.346531e+00   7.210400e-20   1.241525e-03   5.000141e-23   2809772
  3.350838e+00   7.182771e-20   1.244479e-03   5.015169e-23   2796168
  3.355144e+00   7.150805e-20   1.240936e-03   5.022682e-23   2764736
  3.359447e+00   7.126855e-20   1.243314e-03   5.026046e-23   2748920
  3.363755e+00   7.081598e-20   1.242998e-03   5.036978e-23   2724024
  3.368060e+00   7.048673e-20   1.243223e-03   5.045538e-23   2702672
  3.372364e+00   7.012391e-20   1.241481e-03   5.056201e-23   2676332
  3.376665e+00   6.989615e-20   1.242163e-03   5.073033e-23   2655000
  3.380969e+00   6.946825e-20   1.242921e-03   5.067432e-23   2633972
  3.385272e+00   6.928914e-20   1.242564e-03   5.086905e-23   2610308
  3.389578e+00   6.896016e-20   1.243282e-03   5.082880e-23   2590392
  3.393879e+00   6.838385e-20   1.240186e-03   5.102227e-23   2559740
  3.398182e+00   6.831025e-20   1.243647e-03   5.125527e-23   2546100
  3.402488e+00   6.774199e-20   1.241802e-03   5.112731e-23   2518124
  3.406795e+00   6.759512e-20   1.244744e-03   5.134468e-23   2501540
  3.411103e+00   6.720089e-20   1.242194e-03   5.143806e-23   2472552
  3.415406e+00   6.686218e-20   1.242386e-03   5.155144e-23   2450012
  3.419712e+00   6.656319e-20   1.243549e-03   5.163278e-23   2428424
  3.424013e+00   6.607193e-20   1.241309e-03   5.177304e-23   2400384
  3.428317e+00   6.575775e-20   1.243494e-03   5.179763e-23   2382476
  3.432618e+00   6.537398e-20   1.240428e-03   5.184663e-23   2352792
  3.436925e+00   6.508499e-20   1.245326e-03   5.205301e-23   2340368
  3.441231e+00   6.461460e-20   1.239993e-03   5.206897e-23   2304980
  3.445532e+00   6.449845e-20   1.243085e-03   5.223492e-23   2289036
  3.449841e+00   6.390131e-20   1.243034e-03   5.240205e-23   2263832
  3.454145e+00   6.356623e-20   1.242763e-03   5.237998e-23   2239208
  3.458450e+00   6.318431e-20   1.242726e-03   5.267234e-23   2215152
  3.462749e+00   6.277834e-20   1.240565e-03   5.272055e-23   2187152
  3.467053e+00   6.247796e-20   1.244236e-03   5.278151e-23   2170232
  3.471357e+00   6.204304e-20   1.242100e-03   5.279766e-23   2142312
  3.475661e+00   6.170608e-20   1.241606e-03   5.302334e-23   2118980
  3.479960e+00   6.099029e-20   1.240321e-03   5.284888e-23   2091624
  3.484267e+00   6.080718e-20   1.245487e-03   5.308615e-23   2077196
  3.488576e+00   6.029627e-20   1.241536e-03   5.310052e-23   2044952
  3.492883e+00   5.994420e-20   1.245301e-03   5.313238e-23   2027928
  3.497190e+00   5.924068e-20   1.240704e-03   5.302536e-23   1994132
  3.501488e+00   5.897519e-20   1.242635e-03   5.318461e-23   1973588
  3.505796e+00   5.860088e-20   1.243403e-03   5.335320e-23   1950396
  3.510095e+00   5.787772e-20   1.240319e-03   5.326563e-23   1920152
  3.514400e+00   5.762839e-20   1.244999e-03   5.343176e-23   1903820
  3.518702e+00   5.673962e-20   1.239970e-03   5.321559e-23   1870656
  3.523008e+00   5.658156e-20   1.244485e-03   5.333236e-23   1855376
  3.527315e+00   5.559216e-20   1.240711e-03   5.292894e-23   1822620
  3.531616e+00   5.555733e-20   1.242837e-03   5.355349e-23   1802144
  3.535923e+00   5.479032e-20   1.241943e-03   5.318071e-23   1774628
  3.540221e+00   5.432620e-20   1.240835e-03   5.354186e-23   1747644
  3.544531e+00   5.389433e-20   1.247305e-03   5.340881e-23   1731584
  3.548836e+00   5.291638e-20   1.240250e-03   5.255590e-23   1696172
  3.553137e+00   5.255824e-20   1.242765e-03   5.280649e-23   1675524
  3.557437e+00   5.169108e-20   1.240925e-03   5.232379e-23   1646456
  3.561743e+00   5.121699e-20   1.245203e-03   5.230223e-23   1628736
  3.566046e+00   5.025773e-20   1.237706e-03   5.178845e-23   1593140
  3.570350e+00   4.972919e-20   1.246327e-03   5.163040e-23   1578920
  3.574661e+00   4.882865e-20   1.241687e-03   5.115383e-23   1546632
  3.578964e+00   4.822708e-20   1.243285e-03   5.087011e-23   1522928
  3.583268e+00   4.729053e-20   1.241311e-03   5.014361e-23   1494800
  3.587571e+00   4.652393e-20   1.243705e-03   4.958057e-23   1470876
  3.591878e+00   4.576788e-20   1.244769e-03   4.899359e-23   1446500
  3.596180e+00   4.466880e-20   1.240370e-03   4.790275e-23   1415720
  3.600477e+00   4.390356e-20   1.240840e-03   4.731416e-23   1391211
  3.604783e+00   4.308031e-20   1.245361e-03   4.639775e-23   1373078
  3.609093e+00   4.230961e-20   1.241619e-03   4.579643e-23   1347030
  3.613396e+00   4.156060e-20   1.241322e-03   4.516245e-23   1324700
  3.617702e+00   4.095990e-20   1.243596e-03   4.455056e-23   1305542
  3.622010e+00   4.046044e-20   1.243032e-03   4.440599e-23   1284432
  3.626313e+00   3.973317e-20   1.240880e-03   4.375074e-23   1261994
  3.630613e+00   3.920967e-20   1.241748e-03   4.339964e-23   1242332
  3.634916e+00   3.870124e-20   1.244739e-03   4.287719e-23   1225572
  3.639217e+00   3.802042e-20   1.240732e-03   4.233878e-23   1203506
  3.643520e+00   3.762854e-20   1.243587e-03   4.217439e-23   1188198
  3.647830e+00   3.702497e-20   1.245105e-03   4.165543e-23   1171646
  3.652136e+00   3.649562e-20   1.239822e-03   4.135847e-23   1149512
  3.656436e+00   3.583079e-20   1.240770e-03   4.073996e-23   1133088
  3.660744e+00   3.561739e-20   1.244965e-03   4.054892e-23   1119200
  3.665052e+00   3.494341e-20   1.241761e-03   3.999340e-23   1098872
  3.669355e+00   3.446107e-20   1.243163e-03   3.963914e-23   1083144
  3.673658e+00   3.404241e-20   1.242054e-03   3.939853e-23   1065242
  3.677962e+00   3.363834e-20   1.245400e-03   3.902070e-23   1051610
  3.682265e+00   3.322742e-20   1.240814e-03   3.879312e-23   1032528
  3.686564e+00   3.270817e-20   1.240659e-03   3.827357e-23   1017506
  3.690871e+00   3.222894e-20   1.244885e-03   3.798502e-23   1005522
  3.695180e+00   3.191021e-20   1.241691e-03   3.781600e-23   987932
  3.699486e+00   3.142865e-20   1.242027e-03   3.742883e-23   973430
  3.703788e+00   3.109074e-20   1.240205e-03   3.731961e-23   956610
  3.708091e+00   3.072203e-20   1.243901e-03   3.700997e-23   944276
  3.712398e+00   3.027724e-20   1.242909e-03   3.681360e-23   929042
  3.716697e+00   2.987716e-20   1.239641e-03   3.624730e-23   912228
  3.720996e+00   2.946718e-20   1.244034e-03   3.593024e-23   900938
  3.725301e+00   2.909507e-20   1.244350e-03   3.566144e-23   887300
  3.729607e+00   2.878212e-20   1.242828e-03   3.557271e-23   873444
  3.733912e+00   2.839718e-20   1.241094e-03   3.533005e-23   859124
  3.738218e+00   2.809631e-20   1.243449e-03   3.506524e-23   847356
  3.742526e+00   2.762729e-20   1.241707e-03   3.469464e-23   833444
  3.746828e+00   2.728430e-20   1.239215e-03   3.447262e-23   818612
  3.751135e+00   2.708410e-20   1.246212e-03   3.433069e-23   809412
  3.755442e+00   2.666878e-20   1.241851e-03   3.414819e-23   793556
  3.759742e+00   2.626318e-20   1.242070e-03   3.375887e-23   781148
  3.764044e+00   2.601816e-20   1.244335e-03   3.354063e-23   769734
  3.768345e+00   2.576230e-20   1.241711e-03   3.366133e-23   756140
  3.772646e+00   2.533039e-20   1.242027e-03   3.309283e-23   745368
  3.776949e+00   2.499237e-20   1.239919e-03   3.293046e-23   732638
  3.781256e+00   2.475590e-20   1.244328e-03   3.283578e-23   723380
  3.785567e+00   2.438106e-20   1.242097e-03   3.251461e-23   710454
  3.789871e+00   2.410688e-20   1.240149e-03   3.231029e-23   697484
  3.794175e+00   2.395325e-20   1.244634e-03   3.233994e-23   687950
  3.798481e+00   2.350982e-20   1.243251e-03   3.204061e-23   675588
  3.802784e+00   2.330503e-20   1.243527e-03   3.185034e-23   664526
  3.807086e+00   2.295096e-20   1.243057e-03   3.163103e-23   653222
  3.811382e+00   2.264645e-20   1.239869e-03   3.133649e-23   641076
  3.815684e+00   2.245893e-20   1.244690e-03   3.138393e-23   633446
  3.819995e+00   2.217280e-20   1.242906e-03   3.117285e-23   622350
  3.824304e+00   2.190192e-20   1.242336e-03   3.073620e-23   611732
  3.828612e+00   2.161294e-20   1.242604e-03   3.046575e-23   601406
  3.832919e+00   2.129993e-20   1.242414e-03   3.046603e-23   590838
  3.837224e+00   2.114361e-20   1.242464e-03   3.047847e-23   580430
  3.841526e+00   2.082450e-20   1.242047e-03   3.018063e-23   569894
  3.845827e+00   2.062454e-20   1.243789e-03   3.012404e-23   560526
  3.850127e+00   2.031103e-20   1.242442e-03   2.996425e-23   550100
  3.854428e+00   2.018202e-20   1.243944e-03   3.008695e-23   541510
  3.858733e+00   1.995803e-20   1.242256e-03   2.978107e-23   531958
  3.863041e+00   1.963665e-20   1.242909e-03   2.949346e-23   523334
  3.867350e+00   1.947575e-20   1.240489e-03   2.958466e-23   513174
  3.871652e+00   1.924079e-20   1.239859e-03   2.930945e-23   503510
  3.875957e+00   1.891579e-20   1.243746e-03   2.906226e-23   495494
  3.880262e+00   1.874716e-20   1.242479e-03   2.925054e-23   485520
  3.884567e+00   1.853098e-20   1.246505e-03   2.893401e-23   477866
  3.888872e+00   1.826193e-20   1.243343e-03   2.874695e-23   467774
  3.893171e+00   1.809439e-20   1.242926e-03   2.866226e-23   459126
  3.897469e+00   1.783593e-20   1.241387e-03   2.860062e-23   450590
  3.901772e+00   1.765601e-20   1.241781e-03   2.849133e-23   443046
  3.906080e+00   1.747355e-20   1.240971e-03   2.824025e-23   434774
  3.910389e+00   1.727951e-20   1.242062e-03   2.814766e-23   426800
  3.914700e+00   1.707888e-20   1.243098e-03   2.833556e-23   418710
  3.919008e+00   1.693214e-20   1.242350e-03   2.819905e-23   410078
  3.923310e+00   1.674046e-20   1.241277e-03   2.802719e-23   401462
  3.927610e+00   1.649712e-20   1.243155e-03   2.776827e-23   393966
  3.931907e+00   1.628283e-20   1.241583e-03   2.780157e-23   385592
  3.936202e+00   1.609282e-20   1.241950e-03   2.776230e-23   378134
  3.940499e+00   1.598254e-20   1.240966e-03   2.770886e-23   370758
  3.944808e+00   1.569522e-20   1.245390e-03   2.738336e-23   365240
  3.949127e+00   1.555927e-20   1.242830e-03   2.737413e-23   357438
  3.953436e+00   1.535718e-20   1.238686e-03   2.742724e-23   348950
  3.957741e+00   1.521510e-20   1.241424e-03   2.726758e-23   342248
  3.962044e+00   1.504440e-20   1.240320e-03   2.746949e-23   334422
  3.966343e+00   1.491471e-20   1.242324e-03   2.733356e-23   327488
  3.970648e+00   1.467091e-20   1.247427e-03   2.697888e-23   321542
  3.974949e+00   1.449252e-20   1.241889e-03   2.735446e-23   313158
  3.979242e+00   1.443394e-20   1.243167e-03   2.732847e-23   306944
  3.983542e+00   1.423877e-20   1.242299e-03   2.705487e-23   300678
  3.987849e+00   1.407900e-20   1.242031e-03   2.701617e-23   294680
  3.992164e+00   1.390435e-20   1.243020e-03   2.683584e-23   288662
  3.996476e+00   1.377271e-20   1.239477e-03   2.719338e-23   281352
  4.000782e+00   1.365700e-20   1.241700e-03   2.719659e-23   275198
  4.005085e+00   1.337034e-20   1.241837e-03   2.683563e-23   268520
  4.009384e+00   1.336442e-20   1.243281e-03   2.711746e-23   262254
  4.013685e+00   1.313019e-20   1.246683e-03   2.691219e-23   256616
  4.017984e+00   1.307574e-20   1.244294e-03   2.696349e-23   250070
  4.022278e+00   1.292363e-20   1.243069e-03   2.711299e-23   244200
  4.026577e+00   1.269437e-20   1.242777e-03   2.691425e-23   238982
  4.030889e+00   1.259634e-20   1.243897e-03   2.682572e-23   234024
  4.035205e+00   1.247727e-20   1.240889e-03   2.697695e-23   227942
  4.039517e+00   1.236597e-20   1.241489e-03   2.702349e-23   222320
  4.043831e+00   1.216002e-20   1.244754e-03   2.679265e-23   217056
  4.048137e+00   1.213334e-20   1.241548e-03   2.717231e-23   210638
  4.052434e+00   1.195018e-20   1.244778e-03   2.721532e-23   205424
  4.056732e+00   1.188686e-20   1.247037e-03   2.719710e-23   200262
  4.061029e+00   1.176021e-20   1.245830e-03   2.726048e-23   194864
  4.065315e+00   1.162003e-20   1.239179e-03   2.741521e-23   189128
  4.069612e+00   1.140651e-20   1.244716e-03   2.710413e-23   185670
  4.073932e+00   1.143531e-20   1.243382e-03   2.745945e-23   181040
  4.078254e+00   1.123636e-20   1.241054e-03   2.750450e-23   175944
  4.082570e+00   1.121545e-20   1.239918e-03   2.765050e-23   170798
  4.086878e+00   1.102477e-20   1.241154e-03   2.759685e-23   165848
  4.091176e+00   1.089461e-20   1.240293e-03   2.781481e-23   160632
  4.095472e+00   1.078320e-20   1.247049e-03   2.769319e-23   156536
  4.099769e+00   1.066143e-20   1.245543e-03   2.795602e-23   151622
  4.104059e+00   1.061439e-20   1.244926e-03   2.804488e-23   147168
  4.108341e+00   1.052139e-20   1.237458e-03   2.850536e-23   142472
  4.112638e+00   1.038409e-20   1.241585e-03   2.807518e-23   139446
  4.116967e+00   1.031799e-20   1.243547e-03   2.836716e-23   135872
  4.121292e+00   1.013586e-20   1.235215e-03   2.861019e-23   130904
  4.125611e+00   1.008485e-20   1.240243e-03   2.845828e-23   127152
  4.129922e+00   1.003643e-20   1.235853e-03   2.923128e-23   122318
  4.134222e+00   9.941769e-21   1.243448e-03   2.933400e-23   118664
  4.138523e+00   9.885283e-21   1.245585e-03   2.966250e-23   114600
  4.142820e+00   9.722692e-21   1.248546e-03   2.942731e-23   110840
  4.147105e+00   9.682901e-21   1.241265e-03   2.995446e-23   106544
  4.151380e+00   9.606785e-21   1.236592e-03   3.025986e-23   103062
  4.155685e+00   9.539300e-21   1.242674e-03   3.038694e-23   100664
  4.160015e+00   9.385476e-21   1.237273e-03   3.036251e-23   97056
  4.164349e+00   9.343792e-21   1.240197e-03   3.079607e-23   93800
  4.168677e+00   9.308767e-21   1.237323e-03   3.137729e-23   89912
  4.172991e+00   9.237963e-21   1.242531e-03   3.158348e-23   86478
  4.177295e+00   9.085412e-21   1.246729e-03   3.178881e-23   82964
  4.181582e+00   9.131534e-21   1.249042e-03   3.234533e-23   79448
  4.185858e+00   8.994153e-21   1.252933e-03   3.243925e-23   76320
  4.190116e+00   8.851015e-21   1.242366e-03   3.291190e-23   72824
  4.194375e+00   8.883919e-21   1.239447e-03   3.340834e-23   70440
  4.198690e+00   8.870878e-21   1.247436e-03   3.397573e-23   68672
  4.203037e+00   8.749524e-21   1.238201e-03   3.433479e-23   65630
  4.207369e+00   8.615788e-21   1.230180e-03   3.476727e-23   62472
  4.211693e+00   8.685190e-21   1.236482e-03   3.579020e-23   59840
  4.216013e+00   8.570909e-21   1.239900e-03   3.561411e-23   56984
  4.220325e+00   8.470660e-21   1.248234e-03   3.654138e-23   54360
  4.224618e+00   8.376087e-21   1.245928e-03   3.701482e-23   51392
  4.228885e+00   8.487695e-21   1.246936e-03   3.844060e-23   48848
  4.233144e+00   8.383411e-21   1.240032e-03   3.863388e-23   46440
  4.237410e+00   8.289393e-21   1.226870e-03   3.920578e-23   44336
  4.241742e+00   8.190997e-21   1.238986e-03   3.924154e-23   43032
  4.246127e+00   8.175146e-21   1.236472e-03   4.065092e-23   40832
  4.250502e+00   8.087046e-21   1.230469e-03   4.123367e-23   38336
  4.254838e+00   8.081233e-21   1.229795e-03   4.253072e-23   35814
  4.259129e+00   8.019716e-21   1.239924e-03   4.338819e-23   33464
  4.263395e+00   7.962647e-21   1.262873e-03   4.480426e-23   31520
  4.267642e+00   7.976973e-21   1.270522e-03   4.667121e-23   29424
  4.271853e+00   7.940574e-21   1.262765e-03   4.834225e-23   27440
  4.276024e+00   7.994912e-21   1.218899e-03   4.977575e-23   25496
  4.280255e+00   7.912969e-21   1.205127e-03   4.954029e-23   24672
  4.284640e+00   7.889651e-21   1.217339e-03   5.121611e-23   23744
  4.289085e+00   7.825568e-21   1.205355e-03   5.344420e-23   22008
  4.293515e+00   7.834416e-21   1.193033e-03   5.527504e-23   20240
  4.297933e+00   7.842798e-21   1.201211e-03   5.765761e-23   18704
  4.302335e+00   7.746075e-21   1.207590e-03   5.990207e-23   17040
  4.306698e+00   7.844425e-21   1.237844e-03   6.286666e-23   15536
  4.310981e+00   7.601128e-21   1.263330e-03   6.530353e-23   13760
  4.315054e+00   7.609688e-21   1.277957e-03   6.953811e-23   11892
  4.318898e+00   7.756279e-21   1.184342e-03   7.609384e-23   10592
  4.322977e+00   7.555694e-21   1.146856e-03   7.517394e-23   10704
  4.327389e+00   7.556344e-21   1.159956e-03   7.431135e-23   10088
  4.331880e+00   7.879377e-21   1.152852e-03   8.475454e-23   8984
  4.336374e+00   7.631360e-21   1.146967e-03   8.657117e-23   7944
  4.340870e+00   7.757264e-21   1.142164e-03   9.098906e-23   6968
  4.345367e+00   7.712154e-21   1.138312e-03   9.899214e-23   6056
  4.349865e+00   7.524801e-21   1.134426e-03   1.043909e-22   5202
  4.354354e+00   7.540478e-21   1.133085e-03   1.127829e-22   4400
  4.358759e+00   7.633247e-21   1.134889e-03   1.253370e-22   3512
  4.362387e+00   7.616101e-21   1.039628e-03   1.606524e-22   2112
  4.365765e+00   7.752365e-21   1.117844e-03   1.561961e-22   2456
  4.370136e+00   7.828754e-21   1.128521e-03   1.647838e-22   2184
  4.374643e+00   7.720941e-21   1.127793e-03   1.913397e-22   1688
  4.379149e+00   7.509704e-21   1.126990e-03   2.088605e-22   1256
  4.383653e+00   7.488755e-21   1.125798e-03   2.452208e-22   888
  4.388152e+00   7.601922e-21   1.123588e-03   3.466969e-22   584
  4.392638e+00   8.331772e-21   1.118773e-03   4.553849e-22   344
  4.397094e+00   7.935443e-21   1.106017e-03   5.169948e-22   168
  4.401463e+00   7.021482e-21   1.058147e-03   8.360396e-22   56
  4.405266e+00   1.612733e-20   0.000000e+00   6.398342e-21   6
