# power spectrum of zeta (dimensionless)
# redshift z=48.519767
# k              Pk             sigma(k)       sigma(Pk)      count
  4.487990e-03   1.609928e-18   0.000000e+00   3.529726e-19   6
  6.346976e-03   8.237025e-18   0.000000e+00   2.292594e-18   12
  7.773426e-03   2.291070e-17   8.514949e-11   8.452959e-18   8
  8.975979e-03   2.873406e-17   0.000000e+00   2.166901e-18   6
  1.003545e-02   2.841629e-17   1.605594e-10   3.614041e-18   24
  1.099328e-02   4.456073e-17   1.605594e-10   1.115320e-17   24
  1.269395e-02   9.433135e-17   0.000000e+00   2.749303e-17   12
  1.346397e-02   9.802896e-17   1.816523e-10   1.602888e-17   30
  1.419227e-02   7.463119e-17   0.000000e+00   9.000649e-18   24
  1.488498e-02   1.047719e-16   2.780971e-10   1.795867e-17   24
  1.554685e-02   2.047780e-16   1.702990e-10   3.469263e-17   8
  1.618168e-02   1.247103e-16   2.270653e-10   1.669164e-17   24
  1.679252e-02   1.297413e-16   0.000000e+00   1.531552e-17   48
  1.795196e-02   9.818910e-17   0.000000e+00   3.317873e-18   6
  1.850445e-02   1.599394e-16   2.270653e-10   2.077260e-17   48
  1.904093e-02   1.291042e-16   2.140792e-10   1.196086e-17   36
  1.956269e-02   1.887725e-16   2.270653e-10   3.969563e-17   24
  2.007090e-02   1.997784e-16   3.211188e-10   2.124434e-17   24
  2.056655e-02   2.089996e-16   0.000000e+00   3.115257e-17   48
  2.105054e-02   1.682175e-16   3.211188e-10   2.685123e-17   24
  2.198657e-02   2.738114e-16   3.211188e-10   4.396475e-17   24
  2.243995e-02   1.343862e-16   0.000000e+00   1.828724e-17   30
  2.288435e-02   2.314883e-16   0.000000e+00   2.786856e-17   72
  2.332028e-02   1.178564e-16   3.405980e-10   1.452626e-17   32
  2.416856e-02   1.725246e-16   0.000000e+00   1.694913e-17   72
  2.458173e-02   2.021263e-16   0.000000e+00   1.758112e-17   48
  2.538790e-02   3.331190e-16   0.000000e+00   9.853659e-17   12
  2.578154e-02   2.359892e-16   0.000000e+00   2.797097e-17   48
  2.616925e-02   2.557299e-16   0.000000e+00   4.233175e-17   48
  2.655130e-02   2.661816e-16   3.211188e-10   2.862621e-17   48
  2.692794e-02   1.654173e-16   3.633045e-10   1.990684e-17   30
  2.729937e-02   1.218556e-16   0.000000e+00   2.543659e-17   24
  2.766583e-02   2.213695e-16   6.769780e-10   2.984679e-17   72
  2.838454e-02   2.075866e-16   0.000000e+00   3.012351e-17   24
  2.873715e-02   2.113913e-16   0.000000e+00   1.722844e-17   96
  2.908550e-02   2.275819e-16   0.000000e+00   3.081272e-17   48
  2.942972e-02   3.374100e-16   5.561942e-10   5.075089e-17   24
  2.976995e-02   3.290260e-16   5.561942e-10   6.106742e-17   24
  3.010635e-02   2.269046e-16   0.000000e+00   2.833035e-17   72
  3.043903e-02   2.520993e-16   0.000000e+00   2.539106e-17   48
  3.109370e-02   2.800843e-16   3.405980e-10   9.084913e-17   8
  3.141593e-02   2.839853e-16   4.036717e-10   3.795371e-17   54
  3.173488e-02   2.803975e-16   0.000000e+00   2.834342e-17   84
  3.205066e-02   2.058887e-16   0.000000e+00   2.473784e-17   48
  3.236335e-02   2.760651e-16   4.541306e-10   5.206211e-17   24
  3.267306e-02   2.668308e-16   6.055075e-10   2.657837e-17   72
  3.297985e-02   2.182048e-16   0.000000e+00   2.260811e-17   96
  3.358504e-02   3.085800e-16   0.000000e+00   4.092931e-17   48
  3.388358e-02   2.498556e-16   0.000000e+00   2.368338e-17   48
  3.417951e-02   2.498464e-16   0.000000e+00   5.124142e-17   24
  3.447290e-02   2.317066e-16   0.000000e+00   2.229373e-17   72
  3.505232e-02   2.267325e-16   0.000000e+00   3.248658e-17   72
  3.533846e-02   2.637967e-16   0.000000e+00   2.407106e-17   96
  3.590392e-02   4.384860e-16   0.000000e+00   7.662208e-17   6
  3.618333e-02   2.657192e-16   0.000000e+00   2.523748e-17   96
  3.646060e-02   2.547971e-16   4.541306e-10   2.490234e-17   96
  3.673578e-02   3.486123e-16   0.000000e+00   6.956454e-17   24
  3.700891e-02   3.216652e-16   4.541306e-10   4.100967e-17   48
  3.728004e-02   3.118477e-16   0.000000e+00   3.259905e-17   96
  3.754921e-02   2.857780e-16   0.000000e+00   3.278449e-17   48
  3.808185e-02   3.377905e-16   4.281585e-10   3.928457e-17   36
  3.834540e-02   2.539780e-16   7.865773e-10   3.494409e-17   48
  3.860715e-02   2.864250e-16   8.899106e-10   2.704235e-17   120
  3.886713e-02   2.628717e-16   0.000000e+00   4.150382e-17   56
  3.912539e-02   2.350471e-16   4.541306e-10   4.777860e-17   24
  3.938195e-02   3.750873e-16   0.000000e+00   3.888733e-17   96
  3.963685e-02   2.951489e-16   0.000000e+00   3.513932e-17   48
  4.014180e-02   2.851482e-16   6.422377e-10   5.171544e-17   24
  4.039191e-02   2.764854e-16   0.000000e+00   2.312472e-17   102
  4.064047e-02   3.112065e-16   4.541306e-10   4.294743e-17   48
  4.088753e-02   3.359833e-16   0.000000e+00   4.468725e-17   72
  4.113310e-02   3.674311e-16   0.000000e+00   4.933193e-17   48
  4.137722e-02   2.942436e-16   0.000000e+00   3.958880e-17   48
  4.161990e-02   3.846953e-16   1.027580e-09   3.439717e-17   120
  4.210107e-02   4.646138e-16   6.422377e-10   7.728738e-17   24
  4.233961e-02   4.213164e-16   6.055075e-10   3.076755e-17   144
  4.257681e-02   3.012621e-16   7.266090e-10   3.227513e-17   120
  4.281269e-02   2.520869e-16   6.422377e-10   2.537812e-17   48
  4.328060e-02   2.445904e-16   6.422377e-10   2.989806e-17   48
  4.351267e-02   3.705730e-16   6.422377e-10   3.523663e-17   96
  4.412543e-02   3.020486e-16   1.076845e-04   3.166102e-17   72
  4.442883e-02   3.594898e-16   5.708779e-10   3.139414e-17   108
  4.465493e-02   3.718376e-16   0.000000e+00   4.319751e-17   72
  4.487990e-02   2.160781e-16   0.000000e+00   3.197489e-17   30
  4.510374e-02   3.148574e-16   0.000000e+00   2.560836e-17   168
  4.532647e-02   4.314604e-16   0.000000e+00   4.850787e-17   48
  4.576869e-02   3.930205e-16   0.000000e+00   4.626407e-17   72
  4.598821e-02   3.740490e-16   0.000000e+00   4.327860e-17   96
  4.620668e-02   3.676072e-16   1.211015e-09   4.169935e-17   72
  4.642412e-02   3.498392e-16   0.000000e+00   2.900514e-17   72
  4.678970e-02   4.195486e-16   9.942967e-05   3.505302e-17   104
  4.707043e-02   3.012326e-16   8.563169e-10   2.294637e-17   144
  4.770798e-02   2.917378e-16   1.436087e-09   2.450121e-17   96
  4.791862e-02   3.557190e-16   0.000000e+00   2.899429e-17   96
  4.825361e-02   4.319802e-16   1.022910e-04   3.517832e-17   120
  4.854503e-02   3.772206e-16   0.000000e+00   3.543755e-17   120
  4.875204e-02   3.298594e-16   0.000000e+00   3.659731e-17   72
  4.916346e-02   2.820894e-16   0.000000e+00   2.757248e-17   48
  4.936788e-02   3.171107e-16   1.117860e-09   3.904035e-17   78
  4.962939e-02   4.049820e-16   9.159181e-05   3.207308e-17   168
  5.017725e-02   3.648775e-16   1.048770e-09   3.022980e-17   144
  5.037756e-02   3.433623e-16   8.563169e-10   2.470039e-17   144
  5.095853e-02   4.311190e-16   5.274950e-05   3.399025e-17   156
  5.117095e-02   3.292004e-16   1.112388e-09   6.084082e-17   48
  5.136739e-02   2.760510e-16   7.266090e-10   2.310290e-17   120
  5.156307e-02   4.399880e-16   0.000000e+00   8.933108e-17   48
  5.190908e-02   3.399799e-16   8.074274e-05   2.061334e-17   216
  5.233850e-02   3.102991e-16   0.000000e+00   4.072179e-17   48
  5.253057e-02   3.910800e-16   6.422377e-10   4.138502e-17   96
  5.280366e-02   3.639021e-16   9.436050e-05   2.620572e-17   168
  5.310261e-02   4.107295e-16   6.422377e-10   5.772338e-17   48
  5.329192e-02   3.125422e-16   0.000000e+00   3.310360e-17   96
  5.348057e-02   3.934414e-16   0.000000e+00   4.776622e-17   48
  5.385587e-02   3.004378e-16   7.266090e-10   3.680366e-17   30
  5.404255e-02   3.862638e-16   0.000000e+00   4.465254e-17   96
  5.426566e-02   3.540281e-16   7.415896e-05   1.964785e-17   240
  5.455256e-02   2.735308e-16   8.000683e-05   5.111781e-17   32
  5.478289e-02   3.306178e-16   0.000000e+00   2.685722e-17   168
  5.496642e-02   3.611317e-16   0.000000e+00   3.430293e-17   120
  5.533165e-02   3.701917e-16   1.353956e-09   4.288234e-17   72
  5.551336e-02   3.734714e-16   6.055075e-10   2.868096e-17   144
  5.569449e-02   2.943315e-16   0.000000e+00   2.626806e-17   96
  5.587502e-02   3.357420e-16   0.000000e+00   3.034778e-17   96
  5.623435e-02   2.987611e-16   0.000000e+00   2.806879e-17   72
  5.641315e-02   3.545926e-16   9.082613e-10   3.566375e-17   96
  5.676908e-02   4.043835e-16   0.000000e+00   5.802394e-17   24
  5.694620e-02   3.472008e-16   0.000000e+00   2.285553e-17   192
  5.715479e-02   3.517266e-16   6.789523e-05   3.133303e-17   132
  5.747431e-02   4.376278e-16   0.000000e+00   6.110144e-17   96
  5.764927e-02   4.113537e-16   0.000000e+00   3.144767e-17   96
  5.782370e-02   3.899788e-16   7.266090e-10   3.681445e-17   120
  5.817099e-02   4.539683e-16   0.000000e+00   5.821718e-17   48
  5.845566e-02   3.910949e-16   8.228355e-05   2.543638e-17   222
  5.868808e-02   4.205933e-16   0.000000e+00   2.937820e-17   120
  5.885943e-02   2.926337e-16   1.112388e-09   7.766638e-17   24
  5.910891e-02   4.003850e-16   8.492858e-05   2.212484e-17   312
  5.965251e-02   3.906570e-16   7.962394e-05   4.508066e-17   72
  5.987725e-02   3.811662e-16   1.112388e-09   4.450195e-17   96
  6.010802e-02   3.834197e-16   8.108596e-05   2.957678e-17   192
  6.037972e-02   3.398511e-16   1.027580e-09   3.686013e-17   120
  6.054629e-02   3.427236e-16   0.000000e+00   2.845841e-17   144
  6.087805e-02   3.630038e-16   0.000000e+00   4.781218e-17   48
  6.111387e-02   3.256316e-16   8.153477e-05   1.928357e-17   336
  6.137233e-02   4.079602e-16   0.000000e+00   5.589331e-17   48
  6.169965e-02   4.177363e-16   0.000000e+00   2.689912e-17   192
  6.186267e-02   3.085225e-16   0.000000e+00   4.364721e-17   48
  6.232604e-02   3.561522e-16   5.659583e-05   4.305760e-17   56
  6.255643e-02   4.138553e-16   7.268827e-05   2.172895e-17   336
  6.283185e-02   4.045932e-16   8.073433e-10   6.734068e-17   54
  6.307177e-02   3.570920e-16   7.983781e-05   2.258588e-17   240
  6.356985e-02   3.675177e-16   7.644534e-05   2.396195e-17   228
  6.378632e-02   3.634012e-16   8.563169e-10   3.851323e-17   72
  6.399644e-02   3.635718e-16   7.415385e-05   3.237207e-17   144
  6.425823e-02   4.040024e-16   0.000000e+00   4.979433e-17   96
  6.441477e-02   3.237497e-16   1.027580e-09   1.829669e-17   240
  6.472671e-02   5.477937e-16   9.082613e-10   9.472009e-17   24
  6.492641e-02   4.091438e-16   7.003773e-05   2.163405e-17   336
  6.519181e-02   4.681080e-16   0.000000e+00   4.778379e-17   72
  6.543408e-02   4.317265e-16   7.617900e-05   2.770338e-17   168
  6.565363e-02   3.849062e-16   0.000000e+00   3.720633e-17   72
  6.595971e-02   3.511617e-16   0.000000e+00   2.428228e-17   96
  6.619675e-02   4.442900e-16   7.560752e-05   3.125006e-17   216
  6.641618e-02   3.055505e-16   0.000000e+00   2.796610e-17   96
  6.671876e-02   2.780630e-16   9.082613e-10   2.134567e-17   192
  6.686954e-02   3.405957e-16   8.563169e-10   2.777902e-17   144
  6.717008e-02   4.007288e-16   0.000000e+00   4.588197e-17   48
  6.737816e-02   3.326767e-16   7.289453e-05   2.176308e-17   246
  6.766089e-02   3.846397e-16   6.720992e-05   3.351372e-17   168
  6.791561e-02   3.934875e-16   1.779821e-09   3.205071e-17   120
  6.806373e-02   3.243123e-16   0.000000e+00   1.891609e-17   240
  6.835902e-02   2.717787e-16   0.000000e+00   3.761418e-17   24
  6.859430e-02   3.939111e-16   7.194229e-05   1.887310e-17   360
  6.888731e-02   3.332852e-16   7.163615e-05   3.281458e-17   120
  6.909172e-02   2.755708e-16   0.000000e+00   2.076379e-17   144
  6.923733e-02   3.422405e-16   0.000000e+00   3.194695e-17   96
  6.967233e-02   3.284812e-16   0.000000e+00   2.586235e-17   144
  6.981673e-02   3.057239e-16   0.000000e+00   2.783347e-17   132
  7.001966e-02   3.371466e-16   7.070381e-05   2.431706e-17   176
  7.031425e-02   3.563095e-16   7.139661e-05   1.955925e-17   312
  7.067693e-02   3.536039e-16   0.000000e+00   3.904699e-17   96
  7.081928e-02   3.372592e-16   0.000000e+00   2.504323e-17   144
  7.103769e-02   3.917696e-16   7.068048e-05   1.989207e-17   312
  7.138584e-02   3.755917e-16   0.000000e+00   4.947893e-17   48
  7.152678e-02   4.158536e-16   9.082613e-10   2.898821e-17   192
  7.180783e-02   3.453424e-16   0.000000e+00   7.181340e-17   6
  7.199456e-02   3.598611e-16   6.592151e-05   2.250859e-17   288
  7.229701e-02   3.838343e-16   6.965036e-05   3.037596e-17   192
  7.250569e-02   3.154522e-16   2.136030e-09   1.914587e-17   216
  7.264446e-02   3.421661e-16   0.000000e+00   3.559080e-17   72
  7.299019e-02   4.044478e-16   6.898890e-05   2.615486e-17   192
  7.321980e-02   3.561751e-16   5.122797e-05   1.898208e-17   288
  7.347155e-02   4.064095e-16   0.000000e+00   5.386257e-17   24
  7.366606e-02   3.484932e-16   6.748859e-05   1.572027e-17   456
  7.401782e-02   2.640676e-16   0.000000e+00   3.837736e-17   48
  7.423517e-02   3.313287e-16   6.647357e-05   2.112621e-17   240
  7.448497e-02   3.109524e-16   6.717903e-05   2.169020e-17   216
  7.469503e-02   2.611876e-16   0.000000e+00   3.371561e-17   72
  7.482974e-02   3.786047e-16   2.321067e-09   2.488171e-17   168
  7.521008e-02   3.718005e-16   4.993319e-05   2.166028e-17   288
  7.542338e-02   3.858557e-16   6.607016e-05   2.872990e-17   168
  7.576598e-02   3.591700e-16   0.000000e+00   2.442362e-17   192
  7.589879e-02   2.827109e-16   8.563169e-10   2.311353e-17   144
  7.616371e-02   3.670370e-16   8.563169e-10   5.007067e-17   36
  7.638837e-02   3.971055e-16   6.033611e-05   2.090101e-17   342
  7.660318e-02   3.237915e-16   6.195787e-05   3.202675e-17   144
  7.687931e-02   3.676174e-16   6.497828e-05   1.970510e-17   384
  7.721429e-02   3.647769e-16   1.779821e-09   3.310910e-17   120
  7.738009e-02   3.348545e-16   5.794173e-05   2.188693e-17   264
  7.760459e-02   3.746602e-16   2.872174e-09   3.521205e-17   192
  7.781602e-02   3.695650e-16   6.244329e-05   2.918594e-17   152
  7.799294e-02   4.061777e-16   1.712634e-09   2.962195e-17   144
  7.836508e-02   3.610137e-16   4.041391e-05   2.489262e-17   216
  7.853733e-02   3.669511e-16   5.400376e-05   2.285848e-17   312
  7.884055e-02   3.482056e-16   6.258929e-05   2.271220e-17   240
  7.901921e-02   2.945354e-16   9.082613e-10   3.672398e-17   96
  7.935833e-02   3.252801e-16   5.983988e-05   2.796956e-17   144
  7.956734e-02   3.105323e-16   5.881734e-05   1.348405e-17   456
  7.990638e-02   3.729032e-16   0.000000e+00   3.032774e-17   120
  8.003232e-02   3.913727e-16   0.000000e+00   3.632796e-17   144
  8.028360e-02   2.651593e-16   1.284475e-09   5.101876e-17   24
  8.044470e-02   3.664765e-16   5.653709e-05   1.869218e-17   336
  8.072332e-02   3.477645e-16   6.235271e-05   2.379015e-17   198
  8.098439e-02   3.076898e-16   6.063443e-05   1.363372e-17   432
  8.128095e-02   2.525370e-16   1.816523e-09   2.793049e-17   48
  8.143566e-02   3.069819e-16   5.352971e-05   1.290328e-17   384
  8.171344e-02   3.808177e-16   6.162404e-05   2.881670e-17   144
  8.196515e-02   2.412769e-16   6.118458e-05   1.397046e-17   264
  8.226621e-02   2.667181e-16   0.000000e+00   3.544805e-17   48
  8.246820e-02   3.085600e-16   5.817654e-05   1.907814e-17   276
  8.266310e-02   3.335319e-16   5.273546e-05   2.215260e-17   192
  8.292356e-02   2.940170e-16   5.926306e-05   1.350189e-17   552
  8.323980e-02   2.354865e-16   1.453218e-09   1.703413e-17   120
  8.342777e-02   2.793398e-16   5.998883e-05   1.884301e-17   216
  8.360198e-02   3.364132e-16   1.453218e-09   2.923024e-17   120
  8.391317e-02   3.563748e-16   5.907428e-05   1.926328e-17   408
  8.420215e-02   5.952277e-16   1.284475e-09   8.195552e-17   24
  8.438134e-02   2.997437e-16   5.967566e-05   1.654910e-17   384
  8.463161e-02   2.509518e-16   5.830526e-05   1.401948e-17   240
  8.484893e-02   3.013573e-16   5.873223e-05   2.146621e-17   168
  8.515361e-02   2.776925e-16   0.000000e+00   2.746159e-17   120
  8.535003e-02   3.059802e-16   6.122527e-05   1.693747e-17   350
  8.566942e-02   3.859710e-16   1.007886e-04   1.980862e-17   384
  8.586029e-02   2.706689e-16   0.000000e+00   2.125877e-17   144
  8.621146e-02   2.903247e-16   1.211015e-09   1.662301e-17   288
  8.639482e-02   2.954882e-16   5.769264e-05   1.552709e-17   336
  8.664426e-02   3.550574e-16   5.252436e-05   2.687383e-17   168
  8.679359e-02   3.129093e-16   3.442699e-09   1.557912e-17   336
  8.710244e-02   2.959650e-16   5.451716e-05   1.603499e-17   288
  8.728795e-02   3.206113e-16   5.136910e-05   2.232647e-17   264
  8.760206e-02   2.918817e-16   0.000000e+00   1.805458e-17   240
  8.771695e-02   3.514292e-16   0.000000e+00   3.121998e-17   96
  8.812928e-02   3.560809e-16   6.985852e-05   2.093989e-17   360
  8.832172e-02   3.703411e-16   5.149772e-05   2.837791e-17   168
  8.856486e-02   3.059510e-16   5.613787e-05   1.499567e-17   456
  8.885766e-02   2.367819e-16   1.614687e-09   2.297602e-17   108
  8.902234e-02   2.624108e-16   5.632711e-05   1.834400e-17   264
  8.922780e-02   2.763170e-16   5.025296e-05   1.520104e-17   264
  8.950914e-02   2.787834e-16   4.742099e-05   1.387693e-17   312
  8.985946e-02   2.815928e-16   3.523897e-05   1.962128e-17   270
  9.000628e-02   3.112988e-16   4.474031e-05   2.141554e-17   240
  9.027023e-02   2.734935e-16   5.534940e-05   1.325703e-17   384
  9.043048e-02   2.899168e-16   1.816523e-09   2.113231e-17   192
  9.074177e-02   3.086389e-16   4.441052e-05   2.126299e-17   240
  9.092233e-02   2.793590e-16   5.480976e-05   1.444344e-17   336
  9.126190e-02   3.103445e-16   5.517650e-05   1.376000e-17   480
  9.153738e-02   2.627027e-16   1.211015e-09   2.797165e-17   72
  9.169127e-02   3.119518e-16   5.380211e-05   1.868331e-17   240
  9.190057e-02   3.188697e-16   5.056661e-05   1.931899e-17   312
  9.214050e-02   3.046065e-16   5.465037e-05   2.305221e-17   240
  9.250305e-02   2.975997e-16   4.152014e-05   1.425053e-17   408
  9.264658e-02   2.508222e-16   3.802244e-05   1.352222e-17   336
  9.292709e-02   2.695606e-16   4.827913e-05   1.632581e-17   264
  9.306493e-02   2.487128e-16   0.000000e+00   1.977278e-17   144
  9.344847e-02   2.766402e-16   6.691774e-05   1.152837e-17   464
  9.365053e-02   2.847990e-16   5.321333e-05   2.193400e-17   168
  9.385003e-02   2.725237e-16   4.846574e-05   1.666482e-17   336
  9.421059e-02   3.144137e-16   5.092274e-05   1.496116e-17   414
  9.441384e-02   2.972578e-16   5.300755e-05   1.995079e-17   216
  9.467424e-02   2.989902e-16   1.284475e-09   2.519265e-17   96
  9.478056e-02   3.212988e-16   3.146309e-09   1.494541e-17   384
  9.515300e-02   2.884095e-16   5.290514e-05   1.315768e-17   492
  9.535260e-02   2.647803e-16   5.173669e-05   1.723416e-17   240
  9.557820e-02   2.735778e-16   5.253086e-05   1.648774e-17   312
  9.588974e-02   3.069104e-16   5.251357e-05   2.531812e-17   192
  9.608709e-02   3.004600e-16   5.089201e-05   1.257878e-17   504
  9.634892e-02   2.893598e-16   3.369138e-05   1.537973e-17   408
  9.655507e-02   2.974954e-16   1.032177e-04   2.195216e-17   168
  9.681304e-02   2.470592e-16   4.902931e-05   1.359493e-17   288
  9.702952e-02   2.642121e-16   5.116628e-05   1.369577e-17   288
  9.725127e-02   2.868863e-16   5.146081e-05   1.538441e-17   432
  9.757291e-02   2.910284e-16   4.866478e-05   1.938975e-17   216
  9.774479e-02   2.629358e-16   4.856211e-05   1.486682e-17   360
  9.805077e-02   3.105203e-16   4.739615e-05   1.870359e-17   312
  9.832692e-02   1.543494e-16   0.000000e+00   1.582142e-17   48
  9.848611e-02   2.626988e-16   5.081550e-05   1.241010e-17   432
  9.877120e-02   2.710974e-16   8.476078e-05   1.238212e-17   414
  9.893956e-02   2.628245e-16   1.936190e-09   1.505557e-17   312
  9.925365e-02   2.659301e-16   7.437288e-05   1.119749e-17   528
  9.946561e-02   2.667980e-16   3.903945e-05   1.581035e-17   264
  9.972025e-02   2.923143e-16   4.629008e-05   1.404859e-17   480
  1.000530e-01   2.777649e-16   0.000000e+00   1.667441e-17   288
  1.001967e-01   2.136876e-16   4.973726e-05   1.458426e-17   168
  1.004595e-01   2.769344e-16   7.873394e-05   1.272610e-17   504
  1.007551e-01   2.840357e-16   1.211015e-09   2.192353e-17   144
  1.009411e-01   2.469543e-16   5.056606e-05   1.229492e-17   464
  1.012205e-01   2.643691e-16   7.420855e-05   1.450091e-17   432
  1.013531e-01   2.646492e-16   1.284475e-09   1.736169e-17   192
  1.016957e-01   2.375083e-16   5.501332e-05   1.340340e-17   396
  1.018981e-01   2.754028e-16   4.941713e-05   1.472593e-17   288
  1.021026e-01   2.429536e-16   4.881567e-05   1.341241e-17   336
  1.024293e-01   2.475738e-16   3.091107e-05   1.170075e-17   432
  1.026367e-01   2.636810e-16   8.011717e-05   1.582813e-17   360
  1.028695e-01   2.592085e-16   4.739049e-05   1.208118e-17   384
  1.032001e-01   2.531289e-16   4.183121e-05   1.902875e-17   198
  1.033594e-01   2.384515e-16   4.754848e-05   9.833483e-18   552
  1.036565e-01   2.431545e-16   6.656461e-05   1.236379e-17   432
  1.039045e-01   2.693312e-16   2.542602e-09   2.034271e-17   168
  1.041126e-01   2.209946e-16   8.251578e-05   1.133800e-17   480
  1.043880e-01   3.414175e-16   0.000000e+00   3.478965e-17   120
  1.045119e-01   2.616104e-16   6.739531e-05   1.508495e-17   336
  1.048143e-01   2.643941e-16   4.754634e-05   1.014451e-17   672
  1.051134e-01   2.137729e-16   6.916265e-05   1.070895e-17   528
  1.052527e-01   2.754706e-16   2.076026e-09   2.431542e-17   168
  1.055745e-01   2.462359e-16   7.715047e-05   1.158670e-17   456
  1.057708e-01   2.099769e-16   4.711644e-05   1.749461e-17   168
  1.059747e-01   2.408851e-16   4.703185e-05   1.053057e-17   504
  1.063135e-01   2.489380e-16   6.052278e-05   1.232339e-17   336
  1.065184e-01   2.477147e-16   4.362976e-05   1.455550e-17   312
  1.067457e-01   2.540594e-16   4.262923e-05   1.043103e-17   504
  1.070448e-01   2.438415e-16   2.957734e-05   1.255961e-17   432
  1.071854e-01   2.384073e-16   4.570679e-05   1.462570e-17   312
  1.074777e-01   2.285048e-16   4.685168e-05   1.207872e-17   384
  1.077830e-01   2.541580e-16   3.980594e-05   2.812939e-17   126
  1.079714e-01   2.194581e-16   6.988975e-05   1.117926e-17   492
  1.082121e-01   2.440555e-16   4.476446e-05   1.081528e-17   528
  1.085129e-01   2.463136e-16   4.547108e-05   1.136630e-17   480
  1.086993e-01   2.162784e-16   6.281804e-05   9.377698e-18   432
  1.089692e-01   2.110305e-16   4.939807e-05   1.250343e-17   440
  1.092826e-01   2.494672e-16   2.456546e-05   1.462243e-17   312
  1.094002e-01   2.369573e-16   3.681340e-05   1.094956e-17   480
  1.096414e-01   2.021021e-16   7.207992e-05   1.090851e-17   408
  1.099939e-01   2.174570e-16   4.316772e-05   1.012558e-17   360
  1.101428e-01   2.520626e-16   4.165528e-05   1.284087e-17   408
  1.104187e-01   2.094105e-16   4.238952e-05   1.009154e-17   456
  1.107295e-01   2.489327e-16   4.051394e-05   1.243902e-17   264
  1.109019e-01   1.862203e-16   4.396779e-05   1.092317e-17   384
  1.111530e-01   2.277386e-16   7.402287e-05   9.036937e-18   672
  1.114432e-01   2.169476e-16   4.427524e-05   1.350509e-17   240
  1.116107e-01   2.110926e-16   4.492830e-05   1.132348e-17   264
  1.118470e-01   2.418759e-16   5.541164e-05   9.064057e-18   624
  1.121997e-01   2.170281e-16   0.000000e+00   1.743068e-17   150
  1.123253e-01   2.217282e-16   6.209312e-05   9.412825e-18   600
  1.125901e-01   2.203931e-16   4.285507e-05   8.691642e-18   672
  1.128900e-01   2.521381e-16   4.030821e-05   1.216604e-17   336
  1.130571e-01   1.976841e-16   4.384359e-05   1.033799e-17   408
  1.133240e-01   2.301733e-16   4.374031e-05   1.075123e-17   408
  1.136209e-01   1.993250e-16   2.211745e-05   1.051172e-17   360
  1.138039e-01   2.163198e-16   8.120816e-05   9.929487e-18   456
  1.140250e-01   2.512182e-16   4.416149e-05   1.391189e-17   384
  1.143063e-01   1.983712e-16   4.076666e-05   1.186953e-17   348
  1.144584e-01   2.127072e-16   5.025723e-05   9.145994e-18   576
  1.147440e-01   2.155235e-16   4.138022e-05   9.977869e-18   504
  1.150362e-01   2.324425e-16   5.836440e-05   1.099086e-17   432
  1.152912e-01   1.991365e-16   7.940448e-05   8.324228e-18   576
  1.154731e-01   1.987332e-16   0.000000e+00   1.236493e-17   264
  1.157616e-01   1.902161e-16   6.318613e-05   7.480162e-18   768
  1.160125e-01   2.157326e-16   8.506861e-05   1.524845e-17   240
  1.162120e-01   2.150461e-16   7.502246e-05   1.459295e-17   192
  1.165026e-01   2.069910e-16   5.522570e-05   9.102224e-18   504
  1.167181e-01   1.794396e-16   7.441870e-05   8.151394e-18   590
  1.169248e-01   2.017938e-16   8.338208e-05   1.057220e-17   384
  1.171839e-01   1.903067e-16   6.968286e-05   8.381741e-18   504
  1.174968e-01   1.762091e-16   6.705897e-05   7.052558e-18   648
  1.178003e-01   1.846499e-16   1.821233e-05   7.537848e-18   504
  1.179227e-01   1.713336e-16   4.154576e-05   1.026085e-17   312
  1.181387e-01   1.830790e-16   5.985722e-05   7.781816e-18   576
  1.184353e-01   2.083502e-16   4.165498e-05   1.276727e-17   240
  1.186082e-01   1.940662e-16   4.209035e-05   7.310622e-18   552
  1.188529e-01   1.987848e-16   3.952187e-05   7.995850e-18   600
  1.192015e-01   1.905012e-16   4.827284e-05   8.304890e-18   600
  1.194111e-01   2.108886e-16   7.730513e-05   1.289168e-17   312
  1.196198e-01   1.913727e-16   6.732512e-05   9.410570e-18   480
  1.198806e-01   2.022081e-16   4.200441e-05   8.359171e-18   576
  1.201101e-01   1.722464e-16   6.763622e-05   7.971205e-18   408
  1.203138e-01   2.105589e-16   7.890077e-05   1.697310e-17   216
  1.205770e-01   1.605196e-16   6.042911e-05   6.664397e-18   516
  1.208589e-01   1.874276e-16   5.765552e-05   7.983308e-18   744
  1.211498e-01   1.474836e-16   3.850879e-05   7.321944e-18   462
  1.213141e-01   1.859456e-16   3.913862e-05   9.491659e-18   432
  1.215691e-01   1.819584e-16   3.630965e-05   6.888757e-18   648
  1.218688e-01   1.701344e-16   5.312777e-05   7.638016e-18   528
  1.221096e-01   1.923392e-16   6.397910e-05   8.767843e-18   600
  1.223502e-01   1.568835e-16   8.066092e-05   1.069192e-17   240
  1.225832e-01   1.705600e-16   6.178548e-05   6.517597e-18   720
  1.228540e-01   1.661291e-16   4.888350e-05   6.505608e-18   720
  1.231542e-01   1.686657e-16   0.000000e+00   1.394462e-17   144
  1.233122e-01   1.522905e-16   6.302546e-05   5.140142e-18   720
  1.235369e-01   1.966723e-16   3.779131e-05   1.166893e-17   384
  1.238183e-01   1.770169e-16   4.189367e-05   7.187885e-18   672
  1.240853e-01   1.607055e-16   7.335120e-05   8.633110e-18   336
  1.242128e-01   1.782063e-16   0.000000e+00   1.087622e-17   288
  1.245250e-01   1.848327e-16   5.805257e-05   6.840407e-18   776
  1.248140e-01   1.878169e-16   4.967278e-05   6.810250e-18   720
  1.250567e-01   1.561471e-16   4.001507e-05   7.489425e-18   432
  1.252509e-01   1.815445e-16   5.704653e-05   7.818966e-18   504
  1.254668e-01   2.165024e-16   3.996919e-05   1.018604e-17   528
  1.257690e-01   1.853934e-16   5.445569e-05   9.289537e-18   438
  1.260177e-01   1.672689e-16   6.338144e-05   7.396064e-18   624
  1.262050e-01   1.848945e-16   7.763371e-05   1.165023e-17   312
  1.264626e-01   1.695152e-16   4.182709e-05   6.461009e-18   696
  1.267289e-01   1.473754e-16   3.784594e-05   6.867053e-18   552
  1.270059e-01   1.535285e-16   2.928013e-05   6.380792e-18   516
  1.271773e-01   1.485778e-16   5.848486e-05   6.240493e-18   528
  1.273859e-01   1.743274e-16   3.803430e-05   7.368434e-18   528
  1.276822e-01   1.448053e-16   5.015953e-05   4.832086e-18   864
  1.278834e-01   1.421948e-16   6.870823e-05   8.330543e-18   408
  1.280847e-01   1.252204e-16   6.807282e-05   1.010672e-17   192
  1.283701e-01   1.582724e-16   5.633353e-05   7.012377e-18   720
  1.286110e-01   1.672930e-16   5.194228e-05   6.792244e-18   696
  1.288973e-01   1.519657e-16   5.609815e-05   6.015828e-18   720
  1.291592e-01   1.619367e-16   7.603431e-05   8.467789e-18   432
  1.293119e-01   1.672423e-16   4.475677e-05   9.902028e-18   264
  1.295867e-01   1.580388e-16   6.180712e-05   6.599970e-18   672
  1.298325e-01   1.386236e-16   6.328100e-05   5.947567e-18   600
  1.301242e-01   1.643145e-16   3.705096e-05   1.015786e-17   270
  1.302712e-01   1.611069e-16   5.577202e-05   7.760619e-18   528
  1.305049e-01   1.379980e-16   3.819070e-05   4.689854e-18   840
  1.308254e-01   1.376339e-16   7.302747e-05   4.587550e-18   888
  1.311216e-01   1.505467e-16   5.441084e-05   5.628539e-18   744
  1.313718e-01   1.203524e-16   2.795923e-05   5.807204e-18   456
  1.314963e-01   1.237325e-16   3.820801e-05   6.055072e-18   360
  1.317093e-01   1.569867e-16   3.310510e-05   8.277022e-18   384
  1.320361e-01   1.548681e-16   5.310026e-05   5.850682e-18   816
  1.322813e-01   1.550614e-16   7.704106e-05   5.570470e-18   824
  1.325794e-01   1.705189e-16   3.581235e-05   9.052952e-18   360
  1.327390e-01   1.364858e-16   5.284558e-05   6.127832e-18   624
  1.329587e-01   1.542591e-16   3.571018e-05   8.622497e-18   360
  1.332513e-01   1.563861e-16   4.857633e-05   5.389354e-18   876
  1.335156e-01   1.370537e-16   5.769416e-05   5.991627e-18   696
  1.337821e-01   1.286266e-16   3.725510e-05   7.173455e-18   336
  1.339218e-01   1.103800e-16   3.721324e-05   4.933049e-18   504
  1.341526e-01   1.588587e-16   3.753571e-05   6.080644e-18   672
  1.344950e-01   1.365633e-16   7.472486e-05   5.392192e-18   720
  1.347324e-01   1.333358e-16   5.644666e-05   4.907377e-18   774
  1.349945e-01   1.359263e-16   3.230860e-05   8.584624e-18   384
  1.351318e-01   1.320808e-16   6.217562e-05   5.817430e-18   528
  1.353448e-01   1.208893e-16   5.925683e-05   4.583462e-18   744
  1.356875e-01   1.263955e-16   4.887432e-05   4.848732e-18   768
  1.359150e-01   1.404211e-16   5.486510e-05   5.568284e-18   552
  1.361989e-01   1.326375e-16   5.979675e-05   4.945491e-18   696
  1.364100e-01   1.468507e-16   7.266345e-05   9.245177e-18   408
  1.365777e-01   1.270008e-16   3.139119e-05   5.946952e-18   504
  1.368434e-01   1.244355e-16   5.639309e-05   4.607688e-18   888
  1.371049e-01   1.324783e-16   5.860872e-05   5.461829e-18   648
  1.373767e-01   1.333490e-16   5.810635e-05   6.342704e-18   648
  1.376324e-01   1.232654e-16   6.265289e-05   4.409673e-18   792
  1.379033e-01   1.269464e-16   9.166547e-05   5.048733e-18   600
  1.381028e-01   1.223572e-16   6.212242e-05   5.395256e-18   456
  1.383129e-01   1.392983e-16   3.027582e-05   5.204230e-18   648
  1.385828e-01   1.349323e-16   5.904226e-05   4.246567e-18   936
  1.388741e-01   1.060411e-16   3.625955e-05   5.393196e-18   384
  1.391277e-01   1.158134e-16   0.000000e+00   9.000458e-18   198
  1.393234e-01   1.182994e-16   9.199360e-05   3.855136e-18   1224
  1.395345e-01   1.071633e-16   6.699966e-05   5.183587e-18   420
  1.397842e-01   1.112220e-16   6.484166e-05   3.788726e-18   792
  1.400283e-01   1.164808e-16   5.361851e-05   4.619450e-18   680
  1.403069e-01   1.174269e-16   4.923504e-05   4.672870e-18   600
  1.405311e-01   1.153893e-16   7.140431e-05   4.188359e-18   840
  1.408304e-01   1.033447e-16   3.371380e-05   5.147207e-18   432
  1.409448e-01   1.160114e-16   3.159427e-05   4.002815e-18   720
  1.411934e-01   1.140695e-16   6.327780e-05   3.659365e-18   960
  1.415027e-01   1.179242e-16   5.640753e-05   5.349599e-18   528
  1.417288e-01   1.173055e-16   5.765925e-05   4.515799e-18   624
  1.419978e-01   1.032816e-16   4.531978e-05   3.743099e-18   816
  1.422648e-01   1.050682e-16   7.452934e-05   4.227710e-18   696
  1.425599e-01   1.123145e-16   4.110321e-09   8.831795e-18   240
  1.426709e-01   1.171436e-16   4.395173e-05   4.497595e-18   672
  1.429185e-01   1.008707e-16   7.854802e-05   3.663754e-18   864
  1.431964e-01   1.012267e-16   6.027286e-05   4.013849e-18   816
  1.434467e-01   1.009448e-16   3.449810e-05   4.062664e-18   648
  1.437164e-01   9.706676e-17   3.526335e-05   3.382287e-18   843
  1.439454e-01   1.123500e-16   6.344743e-05   4.926855e-18   780
  1.442182e-01   1.164212e-16   3.404471e-05   7.335228e-18   216
  1.443865e-01   1.017326e-16   8.209510e-05   3.162331e-18   1056
  1.446454e-01   1.011792e-16   6.716301e-05   6.606127e-18   228
  1.448850e-01   1.074023e-16   8.361962e-05   3.461700e-18   924
  1.451311e-01   1.056083e-16   3.101819e-05   3.787474e-18   696
  1.453916e-01   1.031246e-16   5.520350e-05   3.479555e-18   996
  1.456581e-01   1.018613e-16   3.259105e-05   4.050486e-18   576
  1.459354e-01   1.142711e-16   5.030212e-05   4.858806e-18   552
  1.461376e-01   9.477979e-17   6.005898e-05   4.696226e-18   516
  1.463427e-01   9.625310e-17   8.733821e-05   3.602766e-18   744
  1.465771e-01   1.089468e-16   4.284460e-05   4.885725e-18   576
  1.467810e-01   9.909678e-17   4.409794e-05   3.469270e-18   792
  1.470708e-01   9.380810e-17   5.041212e-05   3.393784e-18   792
  1.472831e-01   9.344218e-17   5.436894e-05   3.650098e-18   720
  1.475703e-01   8.809769e-17   6.196809e-05   3.264007e-18   656
  1.478394e-01   9.640587e-17   6.766594e-05   3.676332e-18   816
  1.481153e-01   9.617466e-17   3.648433e-05   4.592052e-18   492
  1.482721e-01   1.015705e-16   5.248529e-05   4.162748e-18   552
  1.485663e-01   1.009160e-16   9.126553e-05   4.088263e-18   780
  1.487575e-01   1.004977e-16   5.606333e-05   4.367781e-18   528
  1.489634e-01   9.943663e-17   6.544296e-05   4.322620e-18   600
  1.492669e-01   9.682714e-17   5.438828e-05   3.070802e-18   900
  1.494760e-01   9.310221e-17   3.011028e-05   3.448620e-18   696
  1.497638e-01   9.435713e-17   7.613501e-05   3.338885e-18   696
  1.500423e-01   9.519210e-17   3.088725e-05   4.011892e-18   552
  1.502764e-01   8.506359e-17   3.591902e-05   3.388896e-18   708
  1.505217e-01   1.016754e-16   5.930435e-05   3.623454e-18   876
  1.507769e-01   8.441089e-17   3.148943e-05   6.021845e-18   216
  1.509481e-01   8.758605e-17   8.612787e-05   2.645725e-18   1032
  1.512046e-01   9.724448e-17   9.589387e-05   4.569903e-18   600
  1.514708e-01   9.823594e-17   4.575699e-05   3.871706e-18   600
  1.516739e-01   9.307956e-17   8.080257e-05   4.209300e-18   528
  1.519139e-01   9.153479e-17   4.435707e-05   3.282534e-18   732
  1.521668e-01   8.797089e-17   3.275367e-05   4.539704e-18   336
  1.524578e-01   8.935415e-17   4.668048e-05   3.092461e-18   912
  1.526754e-01   8.078823e-17   4.685305e-05   3.067306e-18   624
  1.529130e-01   8.816973e-17   3.948208e-05   3.468488e-18   768
  1.531905e-01   9.067583e-17   7.123345e-05   3.250742e-18   792
  1.534628e-01   8.319171e-17   3.531461e-05   3.700337e-18   660
  1.536565e-01   8.355229e-17   5.204174e-05   3.814424e-18   504
  1.538569e-01   8.140972e-17   8.502625e-05   3.953855e-18   480
  1.541572e-01   7.730257e-17   7.863820e-05   2.865543e-18   912
  1.543923e-01   9.271250e-17   8.757583e-05   4.304833e-18   432
  1.546144e-01   8.175573e-17   5.200047e-05   3.604451e-18   564
  1.548116e-01   8.625709e-17   4.977161e-05   3.501436e-18   600
  1.550891e-01   8.139283e-17   6.937691e-05   2.662757e-18   876
  1.552976e-01   9.639418e-17   3.119395e-05   6.721213e-18   264
  1.555851e-01   7.989532e-17   6.052853e-05   3.981595e-18   560
  1.558161e-01   7.950162e-17   4.113044e-05   2.723512e-18   840
  1.560965e-01   8.105049e-17   6.341128e-05   2.707879e-18   1008
  1.563558e-01   9.700376e-17   2.836595e-05   4.376294e-18   456
  1.565927e-01   8.330421e-17   3.674408e-05   3.177118e-18   576
  1.568116e-01   8.088654e-17   5.646120e-05   3.245211e-18   612
  1.571003e-01   8.126326e-17   5.042901e-05   3.301560e-18   780
  1.573359e-01   7.741765e-17   5.778934e-05   3.230673e-18   648
  1.575770e-01   9.325417e-17   2.693058e-05   5.197143e-18   312
  1.577311e-01   7.944452e-17   6.842617e-05   3.718289e-18   528
  1.579980e-01   7.065454e-17   8.936117e-05   2.707357e-18   720
  1.582533e-01   8.185098e-17   8.964102e-05   3.312437e-18   576
  1.585628e-01   8.358860e-17   7.732694e-05   3.772842e-18   444
  1.587554e-01   7.897051e-17   7.583279e-05   2.451628e-18   996
  1.589914e-01   6.987735e-17   6.334320e-05   3.389378e-18   432
  1.592145e-01   6.816223e-17   6.934834e-05   3.286695e-18   504
  1.594071e-01   8.327992e-17   3.126589e-05   3.539863e-18   504
  1.596815e-01   7.544528e-17   6.153164e-05   2.571310e-18   876
  1.599297e-01   7.388708e-17   7.081706e-05   3.543831e-18   504
  1.601882e-01   7.644204e-17   4.516342e-05   2.637848e-18   696
  1.604019e-01   8.275372e-17   3.860998e-05   3.612968e-18   492
  1.606926e-01   6.801176e-17   5.527206e-05   3.146960e-18   432
  1.609079e-01   7.554369e-17   5.175622e-05   2.758613e-18   768
  1.611631e-01   7.334382e-17   6.446933e-05   2.876902e-18   648
  1.614068e-01   7.560396e-17   4.205932e-05   3.499053e-18   456
  1.616868e-01   7.678823e-17   5.783839e-05   3.291471e-18   552
  1.618813e-01   7.152492e-17   3.964248e-05   2.900939e-18   648
  1.621489e-01   6.623925e-17   6.461501e-05   2.328312e-18   840
  1.624104e-01   7.455079e-17   3.081354e-05   3.670335e-18   432
  1.626721e-01   7.246226e-17   3.774132e-05   2.982836e-18   600
  1.628542e-01   6.071278e-17   4.021090e-05   2.955133e-18   432
  1.631600e-01   6.302874e-17   4.003387e-05   2.700340e-18   560
  1.633670e-01   7.813522e-17   6.336941e-05   2.883038e-18   840
  1.636263e-01   7.759639e-17   3.753463e-05   3.295038e-18   504
  1.638323e-01   6.726753e-17   7.660593e-05   2.514361e-18   696
  1.641226e-01   7.330745e-17   4.183943e-05   3.591362e-18   384
  1.643487e-01   6.499577e-17   6.128984e-05   2.842301e-18   576
  1.646222e-01   6.820442e-17   3.782503e-05   3.803625e-18   360
  1.648426e-01   6.380170e-17   5.633064e-05   2.341775e-18   828
  1.650804e-01   6.294735e-17   5.017290e-05   3.112927e-18   372
  1.652983e-01   6.975247e-17   7.662364e-05   2.847440e-18   576
  1.655869e-01   6.719788e-17   3.208989e-05   2.418319e-18   636
  1.657926e-01   6.111516e-17   6.186102e-05   2.427939e-18   648
  1.660708e-01   6.635056e-17   5.028625e-05   2.674817e-18   576
  1.662705e-01   6.373418e-17   8.111703e-05   2.798109e-18   528
  1.665361e-01   5.837888e-17   3.468088e-05   2.920326e-18   360
  1.667559e-01   6.420506e-17   7.977902e-05   2.471234e-18   672
  1.670430e-01   6.233835e-17   4.086413e-05   2.165620e-18   804
  1.672819e-01   6.371305e-17   4.507802e-05   3.193899e-18   408
  1.675462e-01   6.265854e-17   2.786312e-05   3.235404e-18   384
  1.677241e-01   6.342219e-17   6.376152e-05   2.957159e-18   480
  1.679752e-01   6.889186e-17   4.119929e-05   3.094732e-18   432
  1.682159e-01   5.957579e-17   7.592150e-05   2.168559e-18   648
  1.685009e-01   5.919930e-17   4.710893e-05   2.282670e-18   624
  1.687093e-01   7.396351e-17   4.284955e-05   3.780458e-18   456
  1.689940e-01   5.639987e-17   5.853629e-05   2.359340e-18   588
  1.691847e-01   5.572092e-17   3.734591e-05   2.304857e-18   600
  1.694632e-01   6.175276e-17   5.825046e-05   2.326545e-18   708
  1.696832e-01   5.667701e-17   3.669667e-05   3.063503e-18   360
  1.699263e-01   5.754067e-17   4.218379e-05   2.486659e-18   552
  1.701593e-01   5.724314e-17   2.959293e-05   3.587293e-18   288
  1.703959e-01   5.744872e-17   5.564280e-05   2.410716e-18   528
  1.706182e-01   5.232206e-17   3.753920e-05   2.373504e-18   456
  1.708665e-01   6.205557e-17   6.656515e-05   2.438177e-18   608
  1.711163e-01   5.694886e-17   3.220496e-05   2.754604e-18   504
  1.713892e-01   5.610391e-17   6.914223e-05   2.837625e-18   540
  1.716032e-01   4.877059e-17   7.422222e-05   2.526884e-18   360
  1.718339e-01   5.723062e-17   3.361162e-05   2.661425e-18   540
  1.720380e-01   5.429416e-17   2.885957e-05   2.303224e-18   576
  1.723347e-01   5.488930e-17   6.691555e-05   2.223099e-18   588
  1.726168e-01   5.660506e-17   9.232326e-05   2.251616e-18   672
  1.728592e-01   5.260635e-17   7.056345e-05   2.308399e-18   552
  1.730545e-01   4.962352e-17   7.059913e-05   4.385828e-18   144
  1.733038e-01   5.368476e-17   5.998121e-05   2.091397e-18   600
  1.735402e-01   5.067265e-17   7.516955e-05   2.218332e-18   504
  1.738025e-01   5.502213e-17   7.721430e-05   2.869299e-18   336
  1.740784e-01   5.361569e-17   8.678922e-05   2.076364e-18   600
  1.743256e-01   5.600979e-17   5.601092e-05   2.288491e-18   636
  1.745923e-01   4.884128e-17   4.503329e-05   2.579539e-18   384
  1.747793e-01   4.975719e-17   6.281612e-05   2.328513e-18   504
  1.750488e-01   4.822851e-17   2.636304e-05   3.256410e-18   240
  1.752616e-01   5.277928e-17   6.193054e-05   1.803960e-18   744
  1.755168e-01   5.335254e-17   4.228914e-05   2.090683e-18   648
  1.757436e-01   4.635986e-17   2.807279e-05   3.085493e-18   120
  1.760095e-01   4.986115e-17   4.409871e-05   1.938989e-18   564
  1.762103e-01   4.993368e-17   6.925969e-05   2.385743e-18   432
  1.764784e-01   5.268683e-17   5.375921e-05   2.481756e-18   480
  1.766803e-01   4.598758e-17   3.956814e-05   2.337233e-18   456
  1.769186e-01   5.088222e-17   6.547942e-05   2.605997e-18   444
  1.771890e-01   5.436506e-17   1.001870e-04   2.237074e-18   528
  1.774266e-01   4.987595e-17   7.440679e-05   3.109137e-18   264
  1.776571e-01   5.058099e-17   7.625589e-05   2.372583e-18   444
  1.779672e-01   4.873620e-17   8.352712e-05   1.931483e-18   696
  1.782246e-01   4.312012e-17   4.467309e-05   2.037988e-18   384
  1.784129e-01   4.902658e-17   5.644820e-05   2.290958e-18   432
  1.787057e-01   5.263985e-17   3.900306e-05   2.575444e-18   488
  1.788958e-01   4.710599e-17   5.878247e-05   2.118846e-18   480
  1.791714e-01   4.271484e-17   6.555462e-05   1.760892e-18   480
  1.793849e-01   4.610408e-17   2.750471e-05   2.832931e-18   240
  1.796272e-01   4.757721e-17   6.424882e-05   1.976247e-18   600
  1.798559e-01   4.704508e-17   5.598627e-05   2.449269e-18   288
  1.800993e-01   4.974661e-17   5.385469e-05   2.351603e-18   480
  1.803458e-01   4.718687e-17   9.579788e-05   2.000808e-18   504
  1.805885e-01   5.169564e-17   4.110325e-05   3.044442e-18   216
  1.808981e-01   4.747964e-17   6.729256e-05   2.285002e-18   504
  1.811392e-01   4.320524e-17   5.412370e-05   2.016296e-18   456
  1.814031e-01   4.433934e-17   3.104087e-05   2.290242e-18   384
  1.815779e-01   4.554665e-17   6.300174e-05   2.221202e-18   480
  1.818262e-01   4.326219e-17   5.532259e-05   1.791098e-18   504
  1.820564e-01   4.688848e-17   3.509319e-05   2.419274e-18   312
  1.823043e-01   4.704786e-17   5.655148e-05   2.063539e-18   492
  1.825238e-01   4.600819e-17   5.300385e-05   2.538449e-18   312
  1.828064e-01   4.499019e-17   8.610055e-05   1.742721e-18   576
  1.830551e-01   4.236858e-17   7.947777e-05   2.285875e-18   336
  1.832617e-01   4.300819e-17   6.119421e-05   2.531010e-18   240
  1.835481e-01   4.487717e-17   8.112802e-05   1.988522e-18   468
  1.837954e-01   3.924593e-17   5.079787e-05   3.341124e-18   192
  1.840542e-01   4.245400e-17   5.094927e-05   2.532671e-18   324
  1.842439e-01   4.260121e-17   3.697814e-05   1.711326e-18   600
  1.845024e-01   3.396281e-17   5.999324e-05   1.529456e-18   456
  1.846943e-01   3.805609e-17   2.698496e-05   1.754147e-18   336
  1.850125e-01   3.826295e-17   8.080061e-05   1.406415e-18   612
  1.852440e-01   4.296839e-17   6.781139e-05   3.496071e-18   144
  1.854629e-01   3.900113e-17   7.915330e-05   1.650642e-18   552
  1.857606e-01   3.939045e-17   3.117154e-05   2.370131e-18   264
  1.859288e-01   3.703515e-17   7.217008e-05   2.093905e-18   336
  1.861941e-01   4.400840e-17   4.768752e-05   2.120461e-18   384
  1.864242e-01   3.127155e-17   2.684336e-05   2.009696e-18   216
  1.866789e-01   3.776394e-17   5.691346e-05   1.884470e-18   344
  1.869112e-01   3.756592e-17   8.491756e-05   1.822489e-18   408
  1.871942e-01   3.264359e-17   6.525361e-05   1.962344e-18   264
  1.874450e-01   3.243671e-17   9.096676e-05   1.419884e-18   612
  1.876956e-01   3.519288e-17   4.681845e-05   1.747870e-18   408
  1.879533e-01   3.378626e-17   4.688574e-05   1.844512e-18   444
  1.881426e-01   3.375529e-17   2.622284e-05   2.807388e-18   120
  1.883963e-01   4.179869e-17   7.244892e-05   2.864325e-18   336
  1.885846e-01   3.343642e-17   2.517571e-05   1.711777e-18   288
  1.888390e-01   3.522860e-17   7.834725e-05   1.334469e-18   552
  1.891889e-01   2.709932e-17   0.000000e+00   2.504826e-18   72
  1.893687e-01   3.733909e-17   7.781878e-05   1.591311e-18   504
  1.895788e-01   3.484157e-17   2.504133e-05   1.997588e-18   216
  1.898511e-01   3.835676e-17   4.470956e-05   2.095894e-18   312
  1.900954e-01   2.875745e-17   5.090887e-05   1.628323e-18   336
  1.903283e-01   3.777248e-17   7.056539e-05   2.437401e-18   204
  1.905603e-01   3.593624e-17   8.200772e-05   1.750592e-18   504
  1.908063e-01   3.604043e-17   7.809491e-05   1.989357e-18   396
  1.910429e-01   3.541738e-17   7.161711e-05   2.129929e-18   312
  1.913297e-01   3.392717e-17   4.376572e-05   2.287948e-18   216
  1.915318e-01   3.233457e-17   2.375249e-05   2.663596e-18   168
  1.917774e-01   3.627194e-17   5.997637e-05   1.538391e-18   588
  1.920576e-01   3.702988e-17   8.141090e-05   2.198103e-18   240
  1.922754e-01   3.208556e-17   7.189946e-05   1.898158e-18   264
  1.925307e-01   3.486587e-17   8.891848e-05   2.499842e-18   288
  1.927573e-01   3.917760e-17   4.440219e-05   2.128009e-18   288
  1.930444e-01   3.020891e-17   4.170072e-05   1.773695e-18   288
  1.932378e-01   3.805056e-17   4.830681e-05   2.479280e-18   192
  1.934810e-01   3.611893e-17   5.140329e-05   2.079945e-18   264
  1.937128e-01   3.272868e-17   8.455129e-05   1.733139e-18   372
  1.939621e-01   3.027896e-17   9.131904e-05   1.683532e-18   360
  1.942665e-01   3.409748e-17   3.864708e-05   3.567238e-18   144
  1.944239e-01   3.042345e-17   5.367910e-05   1.730979e-18   296
  1.946722e-01   2.861400e-17   5.783646e-05   1.864731e-18   288
  1.949565e-01   3.291563e-17   8.643513e-05   1.573456e-18   480
  1.952017e-01   2.804112e-17   7.181934e-05   2.176747e-18   192
  1.954402e-01   3.183123e-17   7.703604e-05   2.077185e-18   192
  1.956569e-01   3.163946e-17   4.909597e-05   1.706278e-18   288
  1.959584e-01   2.851193e-17   4.273737e-05   3.379720e-18   108
  1.961102e-01   2.640380e-17   4.108675e-05   1.646501e-18   240
  1.963784e-01   3.090990e-17   7.664829e-05   1.447170e-18   384
  1.966538e-01   2.807951e-17   9.350223e-05   2.334576e-18   108
  1.968974e-01   2.695899e-17   5.482209e-05   1.685247e-18   348
  1.971535e-01   2.700690e-17   5.721449e-05   1.567330e-18   312
  1.973823e-01   2.567823e-17   5.559587e-05   2.555908e-18   96
  1.975926e-01   3.158363e-17   7.401586e-05   1.729421e-18   384
  1.978282e-01   3.012058e-17   5.090793e-05   2.062806e-18   144
  1.980586e-01   3.182623e-17   7.822228e-05   1.487340e-18   408
  1.983451e-01   3.397509e-17   3.489266e-05   3.363969e-18   144
  1.986157e-01   2.823837e-17   6.708152e-05   1.930424e-18   192
  1.987762e-01   3.738627e-17   7.550148e-05   3.501514e-18   144
  1.990378e-01   3.060989e-17   6.138549e-05   2.544731e-18   144
  1.992846e-01   3.055750e-17   7.502301e-05   1.650596e-18   336
  1.995869e-01   2.961222e-17   5.550751e-05   2.132338e-18   240
  1.997786e-01   2.961886e-17   2.520547e-05   3.239673e-18   96
  2.000459e-01   2.934955e-17   7.391551e-05   1.411557e-18   372
  2.003163e-01   3.144968e-17   8.792091e-05   2.677446e-18   132
  2.005538e-01   2.655541e-17   5.440441e-05   1.764552e-18   264
  2.007663e-01   3.266672e-17   4.178011e-05   2.566480e-18   168
  2.009931e-01   3.088655e-17   6.679837e-05   2.024737e-18   216
  2.011935e-01   2.471422e-17   4.086808e-05   1.879437e-18   216
  2.014852e-01   2.682577e-17   7.497591e-05   3.163695e-18   96
  2.017500e-01   2.430700e-17   4.891494e-05   2.066676e-18   120
  2.019928e-01   2.613417e-17   6.218465e-05   1.894898e-18   216
  2.021928e-01   2.578151e-17   2.717490e-05   1.794201e-18   200
  2.024576e-01   2.941485e-17   7.034415e-05   1.697964e-18   288
  2.027972e-01   2.321030e-17   1.850891e-05   1.830703e-18   144
  2.029402e-01   2.739744e-17   5.759860e-05   2.709135e-18   168
  2.032323e-01   2.364280e-17   6.482186e-05   1.931249e-18   159
  2.034603e-01   2.761454e-17   6.801371e-05   1.669024e-18   174
  2.036809e-01   2.271400e-17   6.167246e-05   1.897122e-18   144
  2.039698e-01   2.720599e-17   3.561139e-05   1.811704e-18   222
  2.041630e-01   2.957204e-17   3.593504e-05   2.412821e-18   168
  2.044967e-01   3.429158e-17   7.881934e-05   7.019005e-18   30
  2.046346e-01   2.192334e-17   6.959169e-05   2.449149e-18   72
  2.048942e-01   2.882283e-17   6.210975e-05   1.764112e-18   258
  2.051797e-01   2.534136e-17   3.890094e-05   1.607000e-18   264
  2.053225e-01   2.771007e-17   4.195079e-09   2.912181e-18   72
  2.056199e-01   2.152860e-17   7.710330e-05   1.461773e-18   174
  2.058892e-01   2.825561e-17   8.210077e-05   2.235231e-18   168
  2.061058e-01   1.747649e-17   2.568951e-09   2.453546e-18   48
  2.063382e-01   2.376169e-17   4.636424e-05   2.001903e-18   150
  2.066077e-01   3.054433e-17   8.529035e-05   2.316199e-18   168
  2.068780e-01   2.190495e-17   5.195492e-05   1.970292e-18   144
  2.071265e-01   2.042232e-17   4.853772e-05   1.963984e-18   102
  2.073116e-01   2.151156e-17   7.184416e-05   1.712171e-18   96
  2.076053e-01   1.501581e-17   7.130050e-05   1.127009e-18   120
  2.078228e-01   1.620696e-17   7.647166e-05   1.094192e-18   168
  2.080580e-01   2.632617e-17   5.646827e-05   2.366965e-18   126
  2.082585e-01   2.045758e-17   4.258836e-05   1.638077e-18   168
  2.085346e-01   1.471188e-17   6.829049e-05   1.521189e-18   72
  2.087759e-01   1.886728e-17   8.551492e-05   1.457881e-18   168
  2.089873e-01   2.181869e-17   2.344384e-05   2.515181e-18   78
  2.092770e-01   2.057896e-17   3.849304e-05   2.558979e-18   60
  2.095103e-01   2.904012e-17   6.244194e-05   4.163429e-18   96
  2.097522e-01   1.901156e-17   7.576810e-05   1.471337e-18   168
  2.099796e-01   1.403914e-17   4.794311e-05   1.565514e-18   86
  2.102181e-01   2.005088e-17   4.284977e-05   2.492066e-18   120
  2.105600e-01   1.907404e-17   3.055758e-05   1.459908e-18   168
  2.107444e-01   1.758010e-17   0.000000e+00   1.932925e-18   48
  2.109928e-01   2.655629e-17   5.567259e-05   2.489767e-18   120
  2.111355e-01   2.058265e-17   4.061540e-05   1.768862e-18   126
  2.114838e-01   1.910231e-17   7.143116e-05   1.641626e-18   96
  2.117099e-01   2.047661e-17   2.059722e-05   2.029874e-18   96
  2.118882e-01   1.718014e-17   2.422030e-09   2.235335e-18   72
  2.122681e-01   2.031699e-17   2.568951e-09   3.638057e-18   24
  2.125052e-01   2.137522e-17   4.238860e-05   1.928186e-18   120
  2.126902e-01   1.635589e-17   6.183193e-05   1.469498e-18   126
  2.128959e-01   2.046687e-17   5.154529e-05   1.813597e-18   96
  2.131362e-01   1.494255e-17   8.908530e-05   1.803712e-18   72
  2.134038e-01   1.914786e-17   3.853239e-05   1.498888e-18   144
  2.136239e-01   1.881703e-17   2.222458e-05   2.136642e-18   72
  2.138438e-01   2.430085e-17   4.439042e-05   3.211476e-18   54
  2.140373e-01   1.956420e-17   3.911854e-05   2.028210e-18   108
  2.144395e-01   2.304239e-17   3.834628e-05   2.405199e-18   72
  2.145647e-01   1.579202e-17   2.212712e-05   1.594581e-18   72
  2.148618e-01   1.438048e-17   4.449553e-09   1.922678e-18   24
  2.151428e-01   1.390651e-17   4.681088e-05   1.854735e-18   48
  2.153135e-01   1.783446e-17   3.565781e-05   1.991631e-18   102
  2.155704e-01   1.603372e-17   8.064314e-05   1.041381e-18   168
  2.159060e-01   1.521993e-17   4.398088e-05   1.937963e-18   72
  2.160304e-01   1.687406e-17   0.000000e+00   2.825262e-18   48
  2.162913e-01   1.739188e-17   7.564979e-05   1.700458e-18   120
  2.166356e-01   2.020367e-17   4.648832e-05   1.598589e-18   96
  2.169608e-01   2.220337e-17   4.110321e-09   5.265107e-18   30
  2.173472e-01   1.624333e-17   2.184227e-05   1.861535e-18   72
  2.175171e-01   1.037550e-17   2.568951e-09   2.109422e-18   24
  2.177352e-01   1.126426e-17   3.237565e-05   1.523931e-18   56
  2.179796e-01   1.079255e-17   4.620169e-05   7.637008e-19   96
  2.182720e-01   1.471523e-17   5.101796e-05   1.075526e-18   144
  2.184974e-01   1.756460e-17   2.896600e-05   2.375096e-18   54
  2.188250e-01   1.786767e-17   4.339413e-05   1.787903e-18   108
  2.191546e-01   2.377367e-17   2.297699e-05   3.207909e-18   48
  2.194683e-01   1.631868e-17   8.651572e-05   1.546356e-18   72
  2.202213e-01   2.548719e-17   5.716121e-05   2.774914e-18   78
  2.204299e-01   1.178130e-17   4.307814e-05   1.126171e-18   72
  2.206734e-01   1.115588e-17   4.302466e-05   1.310034e-18   72
  2.209281e-01   1.554083e-17   1.038232e-04   1.344666e-18   96
  2.211293e-01   1.128518e-17   4.293597e-05   8.446273e-19   72
  2.213721e-01   1.307410e-17   0.000000e+00   1.960576e-18   24
  2.216146e-01   1.616912e-17   8.567808e-05   1.812317e-18   72
  2.221623e-01   1.432955e-17   5.440820e-05   2.764020e-18   30
  2.222801e-01   2.160456e-17   0.000000e+00   4.833231e-18   24
  2.229135e-01   1.548595e-17   4.517907e-05   2.213309e-18   48
  2.231122e-01   1.344508e-17   9.722532e-05   1.399654e-18   120
  2.233799e-01   1.027400e-17   4.250917e-05   1.305239e-18   72
  2.236502e-01   1.322030e-17   4.245777e-05   2.093167e-18   36
  2.238360e-01   1.340088e-17   8.391632e-05   1.391914e-18   78
  2.243546e-01   1.538018e-17   4.488887e-05   1.773848e-18   48
  2.250269e-01   1.553793e-17   3.633045e-09   2.039709e-18   24
  2.255059e-01   8.173945e-18   3.125970e-05   1.353706e-18   56
  2.257471e-01   1.105568e-17   4.810277e-05   1.383528e-18   102
  2.260539e-01   1.114512e-17   3.425268e-09   1.448918e-18   72
  2.262321e-01   1.398824e-17   2.568951e-09   1.796434e-18   24
  2.265435e-01   1.097357e-17   4.445516e-05   1.066165e-18   48
  2.271206e-01   9.591723e-18   0.000000e+00   2.208562e-18   24
  2.278290e-01   8.249949e-18   0.000000e+00   3.474203e-18   6
  2.280499e-01   8.766258e-18   0.000000e+00   1.836588e-18   24
  2.281971e-01   1.050623e-17   4.161169e-05   1.058088e-18   72
  2.284659e-01   8.159800e-18   7.763053e-05   8.825384e-19   84
  2.287554e-01   1.415413e-17   0.000000e+00   2.962049e-18   24
  2.288435e-01   8.603332e-18   3.633045e-09   1.082707e-18   24
  2.292831e-01   1.126651e-17   4.449553e-09   1.971295e-18   24
  2.298972e-01   9.940698e-18   0.000000e+00   2.796467e-18   6
  2.306844e-01   7.621082e-18   4.365716e-05   1.437636e-18   48
  2.308735e-01   9.559457e-18   8.224294e-05   1.063982e-18   72
  2.311206e-01   8.131729e-18   4.357477e-05   9.185341e-19   48
  2.315124e-01   1.586815e-17   0.000000e+00   2.690967e-18   24
  2.320338e-01   2.424252e-17   0.000000e+00   5.804258e-18   6
  2.332028e-01   9.312928e-18   0.000000e+00   1.354981e-18   8
  2.332891e-01   1.053914e-17   2.568951e-09   1.370400e-18   48
  2.334962e-01   8.145058e-18   4.225843e-05   7.497726e-19   60
  2.338066e-01   8.192106e-18   0.000000e+00   1.144751e-18   24
  2.342369e-01   6.464740e-18   0.000000e+00   3.043474e-18   6
  2.358224e-01   8.373824e-18   0.000000e+00   1.538816e-18   24
  2.359505e-01   1.192098e-17   4.268279e-05   1.556505e-18   48
  2.361638e-01   9.211086e-18   0.000000e+00   1.605196e-18   24
  2.365047e-01   5.201510e-18   0.000000e+00   8.815367e-19   6
  2.384414e-01   1.046472e-17   3.981898e-05   1.702504e-18   36
  2.385821e-01   1.280869e-17   0.000000e+00   1.818972e-18   24
  2.388353e-01   1.033186e-17   0.000000e+00   2.100536e-18   6
  2.410389e-01   6.583091e-18   3.618719e-05   1.049061e-18   32
  2.412268e-01   3.821662e-18   0.000000e+00   1.747429e-18   6
  2.435949e-01   5.586460e-18   0.000000e+00   8.547851e-19   12
  2.436776e-01   1.660651e-17   0.000000e+00   5.053648e-18   6
  2.461858e-01   1.126874e-17   0.000000e+00   3.343214e-18   6
