# power spectrum of pi_k * H (dimensionless)
# redshift z=-0.581556
# k              Pk             sigma(k)       sigma(Pk)      count
  1.256637e-01   5.429270e-12   0.000000e+00   4.989781e-13   6
  1.777153e-01   1.812310e-11   0.000000e+00   2.711847e-12   12
  2.176559e-01   3.760235e-11   2.384186e-09   1.804097e-12   8
  2.513274e-01   4.932986e-11   0.000000e+00   4.381550e-12   6
  2.809926e-01   6.781951e-11   4.495664e-09   1.808917e-12   24
  3.078120e-01   9.147044e-11   4.495664e-09   2.744036e-12   24
  3.554306e-01   1.362943e-10   0.000000e+00   4.189334e-12   12
  3.769911e-01   1.569656e-10   5.086263e-09   1.766564e-12   30
  3.973835e-01   1.809177e-10   0.000000e+00   1.908604e-12   24
  4.167794e-01   2.037724e-10   7.786718e-09   2.700331e-12   24
  4.353118e-01   2.305452e-10   4.768372e-09   2.566262e-12   8
  4.530869e-01   2.504668e-10   6.357829e-09   2.874759e-12   24
  4.701905e-01   2.756029e-10   0.000000e+00   2.748976e-12   48
  5.026548e-01   3.358384e-10   0.000000e+00   3.796439e-12   6
  5.181247e-01   3.486109e-10   6.357829e-09   2.670354e-12   48
  5.331460e-01   3.650586e-10   5.994218e-09   3.291981e-12   36
  5.477554e-01   3.848312e-10   6.357829e-09   5.569124e-12   24
  5.619852e-01   4.136275e-10   8.991328e-09   5.248734e-12   24
  5.758634e-01   4.357386e-10   0.000000e+00   4.880574e-12   48
  5.894150e-01   4.522868e-10   8.991328e-09   7.868197e-12   24
  6.156239e-01   4.963386e-10   8.991328e-09   8.664211e-12   24
  6.283185e-01   5.202538e-10   0.000000e+00   6.651088e-12   30
  6.407617e-01   5.389826e-10   0.000000e+00   5.057597e-12   72
  6.529678e-01   5.571701e-10   9.536743e-09   8.638319e-12   32
  6.767198e-01   5.926503e-10   0.000000e+00   6.545851e-12   72
  6.882885e-01   6.138140e-10   0.000000e+00   8.752851e-12   48
  7.108613e-01   6.354539e-10   0.000000e+00   1.225323e-11   12
  7.218830e-01   6.540200e-10   0.000000e+00   9.652910e-12   48
  7.327390e-01   6.664745e-10   0.000000e+00   9.095141e-12   48
  7.434365e-01   6.964923e-10   8.991328e-09   1.091680e-11   48
  7.539822e-01   7.017432e-10   1.017253e-08   1.371141e-11   30
  7.643825e-01   7.556152e-10   0.000000e+00   2.145425e-11   24
  7.746431e-01   7.417976e-10   1.895538e-08   1.068541e-11   72
  7.947671e-01   7.896292e-10   0.000000e+00   2.506567e-11   24
  8.046403e-01   7.798985e-10   0.000000e+00   1.093024e-11   96
  8.143939e-01   7.882460e-10   0.000000e+00   1.412287e-11   48
  8.240320e-01   7.836960e-10   1.557344e-08   1.902293e-11   24
  8.335587e-01   8.326467e-10   1.557344e-08   2.764070e-11   24
  8.429778e-01   8.193517e-10   0.000000e+00   1.273830e-11   72
  8.522927e-01   8.464547e-10   0.000000e+00   1.933768e-11   48
  8.706237e-01   8.095613e-10   9.536743e-09   3.078918e-11   8
  8.796459e-01   8.714985e-10   1.130281e-08   2.045604e-11   54
  8.885766e-01   8.718574e-10   0.000000e+00   1.544098e-11   84
  8.974184e-01   9.104083e-10   0.000000e+00   2.418292e-11   48
  9.061739e-01   8.927709e-10   1.271566e-08   2.832604e-11   24
  9.148456e-01   9.198545e-10   1.695421e-08   1.970465e-11   72
  9.234359e-01   9.275069e-10   0.000000e+00   1.824136e-11   96
  9.403811e-01   9.039153e-10   0.000000e+00   2.157530e-11   48
  9.487402e-01   9.172862e-10   0.000000e+00   2.400881e-11   48
  9.570263e-01   9.700706e-10   0.000000e+00   4.142852e-11   24
  9.652412e-01   9.483887e-10   0.000000e+00   2.084534e-11   72
  9.814649e-01   9.207188e-10   0.000000e+00   1.718164e-11   72
  9.894770e-01   9.617800e-10   0.000000e+00   1.868015e-11   96
  1.005310e+00   1.075728e-09   0.000000e+00   1.177723e-10   6
  1.013133e+00   9.830550e-10   0.000000e+00   2.148881e-11   96
  1.020897e+00   9.869060e-10   1.271566e-08   2.123277e-11   96
  1.028602e+00   9.707007e-10   0.000000e+00   4.008454e-11   24
  1.036249e+00   9.953401e-10   1.271566e-08   3.362755e-11   48
  1.043841e+00   1.018703e-09   0.000000e+00   2.447789e-11   96
  1.051378e+00   9.203640e-10   0.000000e+00   2.068362e-11   48
  1.066292e+00   1.028655e-09   1.198844e-08   4.128548e-11   36
  1.073671e+00   1.011168e-09   2.202416e-08   3.323130e-11   48
  1.081000e+00   1.002616e-09   2.491750e-08   2.062385e-11   120
  1.088280e+00   9.687142e-10   0.000000e+00   2.609740e-11   56
  1.095511e+00   9.390034e-10   1.271566e-08   3.339782e-11   24
  1.102695e+00   9.748042e-10   0.000000e+00   2.232797e-11   96
  1.109832e+00   9.575239e-10   0.000000e+00   2.637718e-11   48
  1.123970e+00   1.035553e-09   1.798266e-08   4.992883e-11   24
  1.130973e+00   9.901969e-10   0.000000e+00   2.188135e-11   102
  1.137933e+00   1.082096e-09   1.271566e-08   4.144032e-11   48
  1.144851e+00   1.006904e-09   0.000000e+00   2.873415e-11   72
  1.151727e+00   1.010004e-09   0.000000e+00   3.378741e-11   48
  1.158562e+00   1.039616e-09   0.000000e+00   3.827255e-11   48
  1.165357e+00   1.002498e-09   2.877225e-08   2.330845e-11   120
  1.178830e+00   8.882323e-10   1.798266e-08   2.585835e-11   24
  1.185509e+00   9.883630e-10   1.695421e-08   1.933492e-11   144
  1.192151e+00   9.700033e-10   2.034505e-08   2.057039e-11   120
  1.198755e+00   1.102623e-09   1.798266e-08   3.982423e-11   48
  1.211857e+00   9.658541e-10   1.798266e-08   3.008870e-11   48
  1.218355e+00   9.879998e-10   1.798266e-08   2.311765e-11   96
  1.235512e+00   9.429306e-10   3.015167e-03   2.536774e-11   72
  1.244007e+00   9.827208e-10   1.598458e-08   2.273537e-11   108
  1.250338e+00   9.304762e-10   0.000000e+00   2.534588e-11   72
  1.256637e+00   9.761589e-10   0.000000e+00   4.641683e-11   30
  1.262905e+00   9.631885e-10   0.000000e+00   1.859213e-11   168
  1.269141e+00   1.022706e-09   0.000000e+00   3.940619e-11   48
  1.281523e+00   9.827094e-10   0.000000e+00   2.924569e-11   72
  1.287670e+00   1.010468e-09   0.000000e+00   2.723906e-11   96
  1.293787e+00   9.878542e-10   3.390842e-08   2.652284e-11   72
  1.299875e+00   9.249867e-10   0.000000e+00   2.644888e-11   72
  1.310112e+00   9.708925e-10   2.784031e-03   2.458620e-11   104
  1.317972e+00   9.490310e-10   2.397687e-08   2.054785e-11   144
  1.335824e+00   9.948469e-10   4.021044e-08   2.466538e-11   96
  1.341721e+00   8.200956e-10   0.000000e+00   1.897237e-11   96
  1.351101e+00   8.950709e-10   2.864148e-03   1.907033e-11   120
  1.359261e+00   9.279403e-10   0.000000e+00   2.223284e-11   120
  1.365057e+00   9.465513e-10   0.000000e+00   2.748586e-11   72
  1.376577e+00   1.029419e-09   0.000000e+00   3.131073e-11   48
  1.382301e+00   8.454534e-10   3.130008e-08   2.526272e-11   78
  1.389623e+00   9.057140e-10   2.564571e-03   1.915843e-11   168
  1.404963e+00   9.297212e-10   2.936555e-08   2.021675e-11   144
  1.410572e+00   9.891996e-10   2.397687e-08   2.072166e-11   144
  1.426839e+00   8.715688e-10   1.476986e-03   1.945922e-11   156
  1.432787e+00   9.813746e-10   3.114687e-08   4.085286e-11   48
  1.438287e+00   9.326708e-10   2.034505e-08   2.436991e-11   120
  1.443766e+00   8.365799e-10   0.000000e+00   2.870904e-11   48
  1.453454e+00   8.589854e-10   2.260797e-03   1.627154e-11   216
  1.465478e+00   7.715470e-10   0.000000e+00   3.445479e-11   48
  1.470856e+00   8.900257e-10   1.798266e-08   2.715280e-11   96
  1.478502e+00   8.587867e-10   2.642094e-03   2.074080e-11   168
  1.486873e+00   8.375790e-10   1.798266e-08   3.070182e-11   48
  1.492174e+00   9.353214e-10   0.000000e+00   2.049377e-11   96
  1.497456e+00   6.832480e-10   0.000000e+00   2.211250e-11   48
  1.507964e+00   7.633214e-10   2.034505e-08   5.337728e-11   30
  1.513191e+00   8.994956e-10   0.000000e+00   2.933714e-11   96
  1.519439e+00   9.037254e-10   2.076451e-03   1.771959e-11   240
  1.527472e+00   1.086701e-09   2.240191e-03   5.969894e-11   32
  1.533921e+00   8.316696e-10   0.000000e+00   2.617841e-11   168
  1.539060e+00   8.386462e-10   0.000000e+00   2.214112e-11   120
  1.549286e+00   8.983390e-10   3.791077e-08   3.449694e-11   72
  1.554374e+00   8.055000e-10   1.695421e-08   2.463463e-11   144
  1.559446e+00   9.302871e-10   0.000000e+00   3.560183e-11   96
  1.564501e+00   7.511985e-10   0.000000e+00   2.399116e-11   96
  1.574562e+00   1.091305e-09   0.000000e+00   2.999618e-11   72
  1.579568e+00   7.810461e-10   2.543132e-08   2.602896e-11   96
  1.589534e+00   1.142554e-09   0.000000e+00   4.572739e-11   24
  1.594494e+00   8.086784e-10   0.000000e+00   2.206455e-11   192
  1.600334e+00   7.847898e-10   1.901066e-03   2.605187e-11   132
  1.609281e+00   8.612050e-10   0.000000e+00   3.610810e-11   96
  1.614180e+00   6.628531e-10   0.000000e+00   2.632067e-11   96
  1.619064e+00   6.564325e-10   2.034505e-08   2.363293e-11   120
  1.628788e+00   6.627491e-10   0.000000e+00   3.993525e-11   48
  1.636759e+00   9.448659e-10   2.303939e-03   2.400113e-11   222
  1.643266e+00   8.480579e-10   0.000000e+00   3.305346e-11   120
  1.648064e+00   5.755959e-10   3.114687e-08   4.364249e-11   24
  1.655050e+00   8.680227e-10   2.378000e-03   2.114332e-11   312
  1.670270e+00   9.141554e-10   2.229470e-03   4.999008e-11   72
  1.676563e+00   9.248757e-10   3.114687e-08   3.775661e-11   96
  1.683024e+00   8.090159e-10   2.270407e-03   2.940369e-11   192
  1.690632e+00   6.792035e-10   2.877225e-08   3.197376e-11   120
  1.695296e+00   8.532663e-10   0.000000e+00   3.419461e-11   144
  1.704585e+00   8.697266e-10   0.000000e+00   4.334557e-11   48
  1.711188e+00   7.790053e-10   2.282974e-03   2.088550e-11   336
  1.718425e+00   8.472768e-10   0.000000e+00   6.676925e-11   48
  1.727590e+00   7.847691e-10   0.000000e+00   2.783793e-11   192
  1.732155e+00   5.607096e-10   0.000000e+00   4.275550e-11   48
  1.745129e+00   6.434335e-10   1.584683e-03   4.424405e-11   56
  1.751580e+00   7.819780e-10   2.035272e-03   2.196924e-11   336
  1.759292e+00   8.212864e-10   2.260561e-08   5.033345e-11   54
  1.766010e+00   8.464955e-10   2.235459e-03   3.224867e-11   240
  1.779956e+00   8.757554e-10   2.140470e-03   3.547984e-11   228
  1.786017e+00   6.728772e-10   2.397687e-08   3.804511e-11   72
  1.791900e+00   8.676327e-10   2.076308e-03   3.857501e-11   144
  1.799230e+00   9.140650e-10   0.000000e+00   4.644815e-11   96
  1.803613e+00   7.739531e-10   2.877225e-08   3.173922e-11   240
  1.812348e+00   6.995347e-10   2.543132e-08   7.554451e-11   24
  1.817939e+00   7.729804e-10   1.961057e-03   2.462999e-11   336
  1.825371e+00   4.857575e-10   0.000000e+00   3.766197e-11   72
  1.832154e+00   8.505606e-10   2.133012e-03   4.166169e-11   168
  1.838302e+00   9.892287e-10   0.000000e+00   5.170279e-11   72
  1.846872e+00   8.812404e-10   0.000000e+00   5.343935e-11   96
  1.853509e+00   5.496676e-10   2.117011e-03   2.356234e-11   216
  1.859653e+00   7.096550e-10   0.000000e+00   4.032817e-11   96
  1.868125e+00   8.077460e-10   2.543132e-08   3.455244e-11   192
  1.872347e+00   8.255947e-10   2.397687e-08   3.842246e-11   144
  1.880762e+00   5.438526e-10   0.000000e+00   4.567975e-11   48
  1.886588e+00   7.720627e-10   2.041047e-03   3.470099e-11   246
  1.894505e+00   7.533260e-10   1.881878e-03   4.202423e-11   168
  1.901637e+00   7.432468e-10   4.983500e-08   5.026428e-11   120
  1.905784e+00   8.156181e-10   0.000000e+00   3.681519e-11   240
  1.914053e+00   9.778357e-10   0.000000e+00   9.227550e-11   24
  1.920640e+00   7.394829e-10   2.014384e-03   2.706355e-11   360
  1.928845e+00   1.019827e-09   2.005812e-03   5.469962e-11   120
  1.934568e+00   6.769293e-10   0.000000e+00   3.568038e-11   144
  1.938645e+00   8.963042e-10   0.000000e+00   6.771264e-11   96
  1.950825e+00   7.617983e-10   0.000000e+00   4.180304e-11   144
  1.954868e+00   8.268301e-10   0.000000e+00   4.942791e-11   132
  1.960551e+00   6.286216e-10   1.979707e-03   3.582674e-11   176
  1.968799e+00   6.847636e-10   1.999105e-03   2.861995e-11   312
  1.978954e+00   6.570952e-10   0.000000e+00   4.186769e-11   96
  1.982940e+00   5.550431e-10   0.000000e+00   3.373804e-11   144
  1.989055e+00   7.475291e-10   1.979053e-03   3.088686e-11   312
  1.998804e+00   4.945818e-10   0.000000e+00   5.123368e-11   48
  2.002750e+00   7.235486e-10   2.543132e-08   3.435156e-11   192
  2.010619e+00   1.608785e-09   0.000000e+00   2.400492e-10   6
  2.015848e+00   7.101728e-10   1.845802e-03   3.543449e-11   288
  2.024316e+00   7.807868e-10   1.950210e-03   4.117277e-11   192
  2.030159e+00   8.307849e-10   5.980883e-08   4.137987e-11   216
  2.034045e+00   7.342472e-10   0.000000e+00   6.365531e-11   72
  2.043725e+00   8.659279e-10   1.931689e-03   4.445472e-11   192
  2.050154e+00   6.825014e-10   1.434383e-03   3.350610e-11   288
  2.057204e+00   5.805557e-10   0.000000e+00   7.507285e-11   24
  2.062650e+00   6.245682e-10   1.889681e-03   2.356094e-11   456
  2.072499e+00   8.220801e-10   0.000000e+00   9.755225e-11   48
  2.078585e+00   7.328680e-10   1.861260e-03   3.812420e-11   240
  2.085579e+00   7.523898e-10   1.881013e-03   3.634162e-11   216
  2.091461e+00   7.091734e-10   0.000000e+00   5.059289e-11   72
  2.095233e+00   5.743607e-10   6.498988e-08   3.223473e-11   168
  2.105882e+00   6.102193e-10   1.398129e-03   3.032923e-11   288
  2.111855e+00   6.642882e-10   1.849965e-03   4.105364e-11   168
  2.121448e+00   5.669688e-10   0.000000e+00   3.555807e-11   192
  2.125166e+00   5.189792e-10   2.397687e-08   3.179574e-11   144
  2.132584e+00   8.557110e-10   2.397687e-08   9.160897e-11   36
  2.138874e+00   6.732893e-10   1.689411e-03   2.992668e-11   342
  2.144889e+00   7.182699e-10   1.734820e-03   5.132459e-11   144
  2.152621e+00   7.040039e-10   1.819392e-03   3.097002e-11   384
  2.162000e+00   6.258863e-10   4.983500e-08   4.232497e-11   120
  2.166643e+00   7.332030e-10   1.622368e-03   3.511610e-11   264
  2.172929e+00   6.687889e-10   8.042088e-08   4.291607e-11   192
  2.178848e+00   5.353820e-10   1.748412e-03   3.535470e-11   152
  2.183802e+00   6.579198e-10   4.795375e-08   5.339196e-11   144
  2.194222e+00   5.590333e-10   1.131589e-03   3.227504e-11   216
  2.199045e+00   6.852561e-10   1.512105e-03   3.124086e-11   312
  2.207535e+00   6.431405e-10   1.752500e-03   3.397429e-11   240
  2.212538e+00   5.019239e-10   2.543132e-08   3.647000e-11   96
  2.222033e+00   4.072359e-10   1.675517e-03   2.796144e-11   144
  2.227885e+00   5.911646e-10   1.646885e-03   2.340201e-11   456
  2.237379e+00   5.312941e-10   0.000000e+00   3.492494e-11   120
  2.240905e+00   5.902753e-10   0.000000e+00   4.176108e-11   144
  2.247941e+00   6.273387e-10   3.596531e-08   8.326137e-11   24
  2.252452e+00   4.989600e-10   1.583038e-03   2.179643e-11   336
  2.260253e+00   5.538002e-10   1.745876e-03   3.440083e-11   198
  2.267563e+00   5.712288e-10   1.697764e-03   2.581838e-11   432
  2.275867e+00   9.147763e-10   5.086263e-08   9.785589e-11   48
  2.280199e+00   6.283367e-10   1.498832e-03   2.678353e-11   384
  2.287976e+00   4.968807e-10   1.725473e-03   4.284212e-11   144
  2.295024e+00   6.591285e-10   1.713168e-03   3.557511e-11   264
  2.303454e+00   4.739534e-10   0.000000e+00   4.773973e-11   48
  2.309110e+00   5.598987e-10   1.628943e-03   2.969307e-11   276
  2.314567e+00   5.716270e-10   1.476593e-03   3.396618e-11   192
  2.321860e+00   5.155220e-10   1.659366e-03   1.887856e-11   552
  2.330715e+00   6.242000e-10   4.069010e-08   4.903040e-11   120
  2.335978e+00   3.670252e-10   1.679687e-03   2.217149e-11   216
  2.340855e+00   5.005355e-10   4.069010e-08   3.308795e-11   120
  2.349569e+00   5.315332e-10   1.654080e-03   2.267904e-11   408
  2.357660e+00   2.655643e-10   3.596531e-08   6.358563e-11   24
  2.362678e+00   4.550396e-10   1.670919e-03   1.964977e-11   384
  2.369685e+00   4.106708e-10   1.632547e-03   2.227866e-11   240
  2.375770e+00   5.298839e-10   1.644502e-03   3.099568e-11   168
  2.384301e+00   4.255876e-10   0.000000e+00   3.457955e-11   120
  2.389801e+00   4.817703e-10   1.714308e-03   2.411882e-11   350
  2.398744e+00   5.374884e-10   2.822081e-03   2.468312e-11   384
  2.404088e+00   6.203613e-10   0.000000e+00   4.865627e-11   144
  2.413921e+00   4.580165e-10   3.390842e-08   2.434844e-11   288
  2.419055e+00   5.022603e-10   1.615394e-03   2.626715e-11   336
  2.426039e+00   3.941571e-10   1.470682e-03   2.429019e-11   168
  2.430220e+00   4.874185e-10   9.639558e-08   2.272806e-11   336
  2.438868e+00   4.204740e-10   1.526480e-03   2.293750e-11   288
  2.444062e+00   5.240566e-10   1.438335e-03   2.629526e-11   264
  2.452858e+00   4.330220e-10   0.000000e+00   2.584051e-11   240
  2.456075e+00   3.878552e-10   0.000000e+00   3.188308e-11   96
  2.467620e+00   4.200094e-10   1.956039e-03   1.915418e-11   360
  2.473008e+00   4.237815e-10   1.441936e-03   3.080507e-11   168
  2.479816e+00   3.741098e-10   1.571860e-03   1.548302e-11   456
  2.488014e+00   3.664615e-10   4.521123e-08   2.785297e-11   108
  2.492626e+00   3.705624e-10   1.577159e-03   2.004891e-11   264
  2.498378e+00   3.860764e-10   1.407083e-03   2.041557e-11   264
  2.506256e+00   4.033054e-10   1.327788e-03   1.834699e-11   312
  2.516065e+00   4.465078e-10   9.866910e-04   2.507635e-11   270
  2.520176e+00   4.174508e-10   1.252729e-03   2.519496e-11   240
  2.527567e+00   4.282514e-10   1.549783e-03   2.154194e-11   384
  2.532054e+00   3.456683e-10   5.086263e-08   2.113494e-11   192
  2.540769e+00   4.340972e-10   1.243495e-03   2.574461e-11   240
  2.545825e+00   4.274676e-10   1.534673e-03   2.042619e-11   336
  2.555333e+00   3.671507e-10   1.544942e-03   1.502031e-11   480
  2.563047e+00   4.590754e-10   3.390842e-08   4.578182e-11   72
  2.567356e+00   3.841625e-10   1.506459e-03   2.551336e-11   240
  2.573216e+00   3.515336e-10   1.415865e-03   1.826557e-11   312
  2.579934e+00   3.305711e-10   1.530210e-03   1.811284e-11   240
  2.590086e+00   3.672133e-10   1.162564e-03   1.495153e-11   408
  2.594104e+00   3.507106e-10   1.064628e-03   1.639560e-11   336
  2.601958e+00   3.606552e-10   1.351816e-03   1.834627e-11   264
  2.605818e+00   3.122969e-10   0.000000e+00   2.271473e-11   144
  2.616557e+00   3.244769e-10   1.873697e-03   1.330644e-11   464
  2.622215e+00   3.062768e-10   1.489973e-03   1.964716e-11   168
  2.627801e+00   2.957586e-10   1.357041e-03   1.576066e-11   336
  2.637897e+00   3.065053e-10   1.425837e-03   1.377152e-11   414
  2.643588e+00   4.104077e-10   1.484211e-03   2.617412e-11   216
  2.650879e+00   4.525140e-10   3.596531e-08   3.664434e-11   96
  2.653856e+00   3.282502e-10   8.809666e-08   1.707346e-11   384
  2.664284e+00   3.291811e-10   1.481344e-03   1.341610e-11   492
  2.669873e+00   3.712562e-10   1.448627e-03   2.060150e-11   240
  2.676189e+00   3.475189e-10   1.470864e-03   1.709097e-11   312
  2.684913e+00   3.202746e-10   1.470380e-03   2.361690e-11   192
  2.690439e+00   3.143763e-10   1.424976e-03   1.314492e-11   504
  2.697770e+00   2.962983e-10   9.433586e-04   1.346086e-11   408
  2.703542e+00   2.952123e-10   2.890096e-03   1.946814e-11   168
  2.710765e+00   3.142840e-10   1.372821e-03   1.548749e-11   288
  2.716826e+00   3.157691e-10   1.432656e-03   1.540694e-11   288
  2.723035e+00   2.703919e-10   1.440903e-03   1.277497e-11   432
  2.732042e+00   2.693695e-10   1.362614e-03   1.581867e-11   216
  2.736854e+00   2.628008e-10   1.359739e-03   1.355042e-11   360
  2.745421e+00   2.779971e-10   1.327092e-03   1.405679e-11   312
  2.753154e+00   2.293100e-10   0.000000e+00   2.381687e-11   48
  2.757611e+00   2.851857e-10   1.422834e-03   1.210725e-11   432
  2.765594e+00   3.042220e-10   2.373302e-03   1.403290e-11   414
  2.770308e+00   2.970476e-10   5.421333e-08   1.621613e-11   312
  2.779102e+00   2.975574e-10   2.082441e-03   1.320084e-11   528
  2.785037e+00   2.632093e-10   1.093105e-03   1.598907e-11   264
  2.792167e+00   3.051655e-10   1.296122e-03   1.265755e-11   480
  2.801483e+00   2.947720e-10   0.000000e+00   1.568896e-11   288
  2.805506e+00   2.342160e-10   1.392643e-03   1.724019e-11   168
  2.812867e+00   2.784470e-10   2.204550e-03   1.166964e-11   504
  2.821143e+00   2.865350e-10   3.390842e-08   1.953426e-11   144
  2.826350e+00   2.397439e-10   1.415850e-03   1.043299e-11   464
  2.834173e+00   2.599319e-10   2.077839e-03   1.178408e-11   432
  2.837886e+00   2.601628e-10   3.596531e-08   1.854895e-11   192
  2.847481e+00   2.543810e-10   1.540373e-03   1.254897e-11   396
  2.853147e+00   2.594251e-10   1.383680e-03   1.508721e-11   288
  2.858874e+00   2.625886e-10   1.366839e-03   1.283364e-11   336
  2.868021e+00   2.640870e-10   8.655099e-04   1.191322e-11   432
  2.873827e+00   2.607685e-10   2.243281e-03   1.194450e-11   360
  2.880345e+00   2.165571e-10   1.326934e-03   1.093803e-11   384
  2.889603e+00   2.687848e-10   1.171274e-03   1.671361e-11   198
  2.894063e+00   2.608644e-10   1.331357e-03   1.075987e-11   552
  2.902381e+00   2.604292e-10   1.863809e-03   1.331754e-11   432
  2.909325e+00   2.309677e-10   7.119285e-08   1.738583e-11   168
  2.915153e+00   2.594643e-10   2.310442e-03   1.170615e-11   480
  2.922863e+00   2.139852e-10   0.000000e+00   1.798113e-11   120
  2.926334e+00   2.364065e-10   1.887069e-03   1.344663e-11   336
  2.934802e+00   2.503620e-10   1.331298e-03   9.163096e-12   672
  2.943175e+00   2.397252e-10   1.936554e-03   9.541717e-12   528
  2.947075e+00   2.633266e-10   5.812872e-08   1.828373e-11   168
  2.956085e+00   2.441287e-10   2.160213e-03   1.094261e-11   456
  2.961583e+00   2.384671e-10   1.319260e-03   1.614322e-11   168
  2.967291e+00   2.287761e-10   1.316892e-03   9.521418e-12   504
  2.976778e+00   2.498515e-10   1.694638e-03   1.305224e-11   336
  2.982515e+00   2.125391e-10   1.221633e-03   1.214733e-11   312
  2.988879e+00   2.298807e-10   1.193619e-03   9.824385e-12   504
  2.997254e+00   2.122546e-10   8.281656e-04   1.062035e-11   432
  3.001192e+00   2.287556e-10   1.279790e-03   1.171883e-11   312
  3.009377e+00   2.239654e-10   1.311847e-03   1.108212e-11   384
  3.017923e+00   2.426483e-10   1.114566e-03   2.497780e-11   126
  3.023199e+00   2.404860e-10   1.956913e-03   1.040005e-11   492
  3.029938e+00   2.292700e-10   1.253405e-03   9.924101e-12   528
  3.038360e+00   2.377831e-10   1.273190e-03   1.025139e-11   480
  3.043581e+00   2.353100e-10   1.758905e-03   1.002370e-11   432
  3.051137e+00   2.277858e-10   1.383146e-03   1.090071e-11   440
  3.059913e+00   2.205060e-10   6.878330e-04   1.234983e-11   312
  3.063206e+00   2.236303e-10   1.030775e-03   9.938193e-12   480
  3.069960e+00   2.262282e-10   2.018238e-03   1.053336e-11   408
  3.079829e+00   2.088187e-10   1.208696e-03   1.007839e-11   360
  3.083998e+00   2.066743e-10   1.166348e-03   1.094377e-11   408
  3.091725e+00   2.268438e-10   1.186907e-03   9.783495e-12   456
  3.100425e+00   1.977348e-10   1.134390e-03   1.139624e-11   264
  3.105254e+00   2.178209e-10   1.231098e-03   9.464691e-12   384
  3.112283e+00   2.142057e-10   2.072640e-03   7.865018e-12   672
  3.120409e+00   2.162413e-10   1.239707e-03   1.266740e-11   240
  3.125099e+00   2.143641e-10   1.257992e-03   1.181515e-11   264
  3.131717e+00   2.191085e-10   1.551526e-03   8.262229e-12   624
  3.141593e+00   2.172667e-10   0.000000e+00   1.924125e-11   150
  3.145109e+00   2.111816e-10   1.738607e-03   8.569460e-12   600
  3.152524e+00   2.155587e-10   1.199942e-03   8.238740e-12   672
  3.160921e+00   2.199771e-10   1.128630e-03   1.071816e-11   336
  3.165599e+00   2.109294e-10   1.227621e-03   1.023408e-11   408
  3.173072e+00   2.134566e-10   1.224729e-03   9.830163e-12   408
  3.181385e+00   2.000071e-10   6.192886e-04   9.823859e-12   360
  3.186510e+00   1.999356e-10   2.273829e-03   9.041304e-12   456
  3.192699e+00   2.036100e-10   1.236522e-03   9.877069e-12   384
  3.200577e+00   2.002860e-10   1.141466e-03   1.061150e-11   348
  3.204835e+00   2.062363e-10   1.407202e-03   8.106290e-12   576
  3.212832e+00   2.103492e-10   1.158646e-03   7.962403e-12   504
  3.221013e+00   2.037250e-10   1.634203e-03   9.227015e-12   432
  3.228154e+00   1.963988e-10   2.223325e-03   7.193960e-12   576
  3.233247e+00   2.003667e-10   0.000000e+00   1.116746e-11   264
  3.241325e+00   1.948278e-10   1.769212e-03   6.537756e-12   768
  3.248351e+00   2.098809e-10   2.381921e-03   1.185308e-11   240
  3.253937e+00   2.039319e-10   2.100629e-03   1.323449e-11   192
  3.262073e+00   1.950828e-10   1.546319e-03   7.686929e-12   504
  3.268108e+00   1.934524e-10   2.083724e-03   7.823971e-12   590
  3.273894e+00   2.025268e-10   2.334698e-03   1.078601e-11   384
  3.281151e+00   2.010678e-10   1.951120e-03   9.108633e-12   504
  3.289911e+00   1.987846e-10   1.877651e-03   7.356635e-12   648
  3.298409e+00   1.999209e-10   5.099453e-04   8.555208e-12   504
  3.301835e+00   1.865758e-10   1.163281e-03   9.390928e-12   312
  3.307884e+00   1.912583e-10   1.676002e-03   7.523858e-12   576
  3.316189e+00   1.932501e-10   1.166339e-03   1.136736e-11   240
  3.321030e+00   1.903937e-10   1.178530e-03   6.973471e-12   552
  3.327882e+00   1.949894e-10   1.106612e-03   7.200928e-12   600
  3.337643e+00   1.839837e-10   1.351639e-03   6.738754e-12   600
  3.343511e+00   1.895077e-10   2.164544e-03   1.007068e-11   312
  3.349356e+00   1.791709e-10   1.885103e-03   7.671736e-12   480
  3.356656e+00   1.857545e-10   1.176123e-03   7.263661e-12   576
  3.363084e+00   1.823000e-10   1.893814e-03   8.729627e-12   408
  3.368787e+00   1.936158e-10   2.209222e-03   1.291276e-11   216
  3.376156e+00   1.764235e-10   1.692015e-03   6.360758e-12   516
  3.384050e+00   1.821657e-10   1.614354e-03   5.999682e-12   744
  3.392194e+00   1.781702e-10   1.078246e-03   7.238428e-12   462
  3.396796e+00   1.913422e-10   1.095881e-03   9.904293e-12   432
  3.403934e+00   1.872007e-10   1.016670e-03   7.210630e-12   648
  3.412327e+00   1.839184e-10   1.487578e-03   8.345131e-12   528
  3.419069e+00   1.823627e-10   1.791415e-03   7.388088e-12   600
  3.425805e+00   1.823485e-10   2.258506e-03   1.130345e-11   240
  3.432329e+00   1.862186e-10   1.729994e-03   6.749485e-12   720
  3.439912e+00   1.753492e-10   1.368738e-03   6.203602e-12   720
  3.448318e+00   1.742689e-10   0.000000e+00   1.493296e-11   144
  3.452742e+00   1.775005e-10   1.764713e-03   6.185274e-12   720
  3.459035e+00   1.781514e-10   1.058157e-03   8.740020e-12   384
  3.466913e+00   1.661377e-10   1.173023e-03   5.585357e-12   672
  3.474387e+00   1.695110e-10   2.053834e-03   8.316337e-12   336
  3.477957e+00   1.698663e-10   0.000000e+00   9.246284e-12   288
  3.486699e+00   1.722181e-10   1.625472e-03   5.949174e-12   776
  3.494792e+00   1.642824e-10   1.390838e-03   5.516762e-12   720
  3.501588e+00   1.684560e-10   1.120422e-03   7.658253e-12   432
  3.507024e+00   1.663078e-10   1.597303e-03   6.789983e-12   504
  3.513071e+00   1.683437e-10   1.119137e-03   7.193368e-12   528
  3.521533e+00   1.820042e-10   1.524759e-03   1.015756e-11   438
  3.528495e+00   1.756834e-10   1.774680e-03   7.676886e-12   624
  3.533741e+00   1.744703e-10   2.173744e-03   1.032885e-11   312
  3.540952e+00   1.748677e-10   1.171159e-03   7.020599e-12   696
  3.548410e+00   1.685475e-10   1.059686e-03   7.189276e-12   552
  3.556166e+00   1.710267e-10   8.198436e-04   7.978061e-12   516
  3.560964e+00   1.659466e-10   1.637576e-03   6.997448e-12   528
  3.566805e+00   1.596947e-10   1.064960e-03   7.164004e-12   528
  3.575102e+00   1.656846e-10   1.404467e-03   5.696345e-12   864
  3.580734e+00   1.666466e-10   1.923830e-03   8.413237e-12   408
  3.586372e+00   1.640532e-10   1.906039e-03   1.011331e-11   192
  3.594362e+00   1.560088e-10   1.577339e-03   5.719264e-12   720
  3.601108e+00   1.565317e-10   1.454384e-03   5.763536e-12   696
  3.609123e+00   1.598831e-10   1.570748e-03   5.760792e-12   720
  3.616456e+00   1.561249e-10   2.128961e-03   6.927205e-12   432
  3.620733e+00   1.532396e-10   1.253189e-03   9.121257e-12   264
  3.628427e+00   1.576662e-10   1.730599e-03   6.116396e-12   672
  3.635310e+00   1.532409e-10   1.771868e-03   6.084803e-12   600
  3.643477e+00   1.505947e-10   1.037427e-03   1.037753e-11   270
  3.647594e+00   1.741495e-10   1.561617e-03   9.564580e-12   528
  3.654138e+00   1.626678e-10   1.069340e-03   6.699000e-12   840
  3.663112e+00   1.678634e-10   2.044769e-03   6.475729e-12   888
  3.671403e+00   1.598705e-10   1.523504e-03   6.566994e-12   744
  3.678411e+00   1.436316e-10   7.828584e-04   6.323272e-12   456
  3.681896e+00   1.760397e-10   1.069824e-03   1.057959e-11   360
  3.687860e+00   1.657219e-10   9.269427e-04   9.667186e-12   384
  3.697011e+00   1.586275e-10   1.486807e-03   5.760780e-12   816
  3.703877e+00   1.547674e-10   2.157150e-03   5.894108e-12   824
  3.712223e+00   1.581108e-10   1.002746e-03   8.882242e-12   360
  3.716692e+00   1.504087e-10   1.479676e-03   6.410890e-12   624
  3.722842e+00   1.566891e-10   9.998850e-04   8.479044e-12   360
  3.731036e+00   1.523770e-10   1.360137e-03   5.377417e-12   876
  3.738436e+00   1.456697e-10   1.615436e-03   5.678776e-12   696
  3.745899e+00   1.351190e-10   1.043143e-03   6.767226e-12   336
  3.749811e+00   1.465447e-10   1.041971e-03   6.459852e-12   504
  3.756273e+00   1.535738e-10   1.051000e-03   6.299101e-12   672
  3.765859e+00   1.345142e-10   2.092296e-03   4.912274e-12   720
  3.772508e+00   1.545000e-10   1.580506e-03   7.264226e-12   774
  3.779846e+00   1.982724e-10   9.046409e-04   1.439643e-11   384
  3.783690e+00   1.596056e-10   1.740917e-03   7.987002e-12   528
  3.789655e+00   1.647789e-10   1.659191e-03   7.697552e-12   744
  3.799249e+00   1.487202e-10   1.368481e-03   6.150979e-12   768
  3.805620e+00   1.693022e-10   1.536223e-03   9.338722e-12   552
  3.813568e+00   1.565767e-10   1.674309e-03   6.898531e-12   696
  3.819481e+00   1.662947e-10   2.034577e-03   9.599856e-12   408
  3.824174e+00   1.532375e-10   8.789532e-04   7.393294e-12   504
  3.831615e+00   1.416051e-10   1.579007e-03   4.922764e-12   888
  3.838937e+00   1.471170e-10   1.641044e-03   6.290050e-12   648
  3.846547e+00   1.383561e-10   1.626978e-03   6.012633e-12   648
  3.853707e+00   1.500632e-10   1.754281e-03   5.770547e-12   792
  3.861291e+00   1.541491e-10   2.566633e-03   6.842370e-12   600
  3.866880e+00   1.352115e-10   1.739428e-03   6.412916e-12   456
  3.872762e+00   1.427689e-10   8.477229e-04   6.048790e-12   648
  3.880317e+00   1.419008e-10   1.653183e-03   4.930212e-12   936
  3.888474e+00   1.356675e-10   1.015268e-03   6.783760e-12   384
  3.895575e+00   1.670099e-10   0.000000e+00   1.444488e-11   198
  3.901055e+00   1.573831e-10   2.575821e-03   6.047906e-12   1224
  3.906966e+00   1.698265e-10   1.875990e-03   1.187224e-11   420
  3.913957e+00   1.640276e-10   1.815566e-03   8.335921e-12   792
  3.920793e+00   1.563255e-10   1.501318e-03   7.381534e-12   680
  3.928594e+00   1.609940e-10   1.378581e-03   8.622221e-12   600
  3.934870e+00   1.550203e-10   1.999321e-03   6.608116e-12   840
  3.943251e+00   1.405014e-10   9.439865e-04   6.162727e-12   432
  3.946454e+00   1.657195e-10   8.846397e-04   7.812431e-12   720
  3.953417e+00   1.361232e-10   1.771778e-03   4.803509e-12   960
  3.962077e+00   1.496031e-10   1.579411e-03   7.427939e-12   528
  3.968405e+00   1.588812e-10   1.614459e-03   7.539659e-12   624
  3.975938e+00   1.462189e-10   1.268954e-03   5.404005e-12   816
  3.983415e+00   1.403167e-10   2.086821e-03   5.409818e-12   696
  3.991678e+00   1.256719e-10   1.150890e-07   8.548048e-12   240
  3.994784e+00   1.491591e-10   1.230648e-03   6.258258e-12   672
  4.001719e+00   1.427042e-10   2.199344e-03   5.181329e-12   864
  4.009498e+00   1.295160e-10   1.687640e-03   4.693382e-12   816
  4.016509e+00   1.355435e-10   9.659469e-04   5.372842e-12   648
  4.024060e+00   1.518294e-10   9.873737e-04   6.644003e-12   843
  4.030471e+00   1.560358e-10   1.776528e-03   7.465691e-12   780
  4.038111e+00   1.880012e-10   9.532520e-04   1.763797e-11   216
  4.042823e+00   1.464982e-10   2.298663e-03   5.580219e-12   1056
  4.050071e+00   1.364891e-10   1.880564e-03   1.068700e-11   228
  4.056781e+00   1.473693e-10   2.341349e-03   6.116911e-12   924
  4.063670e+00   1.281519e-10   8.685094e-04   4.627233e-12   696
  4.070964e+00   1.530027e-10   1.545698e-03   5.530703e-12   996
  4.078428e+00   1.294305e-10   9.125493e-04   6.287526e-12   576
  4.086192e+00   1.498171e-10   1.408459e-03   7.292536e-12   552
  4.091852e+00   1.454859e-10   1.681651e-03   6.737019e-12   516
  4.097596e+00   1.386423e-10   2.445470e-03   5.294613e-12   744
  4.104159e+00   1.270046e-10   1.199649e-03   4.971603e-12   576
  4.109868e+00   1.352835e-10   1.234742e-03   4.805834e-12   792
  4.117982e+00   1.267700e-10   1.411539e-03   4.703391e-12   792
  4.123927e+00   1.408560e-10   1.522330e-03   5.163231e-12   720
  4.131968e+00   1.287480e-10   1.735107e-03   4.814874e-12   656
  4.139503e+00   1.306162e-10   1.894646e-03   4.464091e-12   816
  4.147227e+00   1.398540e-10   1.021561e-03   6.716291e-12   492
  4.151618e+00   1.287826e-10   1.469588e-03   5.250955e-12   552
  4.159858e+00   1.351689e-10   2.555435e-03   4.896430e-12   780
  4.165209e+00   1.251908e-10   1.569773e-03   5.004924e-12   528
  4.170975e+00   1.190526e-10   1.832403e-03   4.704377e-12   600
  4.179472e+00   1.258588e-10   1.522872e-03   3.885301e-12   900
  4.185329e+00   1.310489e-10   8.430879e-04   4.718552e-12   696
  4.193388e+00   1.290970e-10   2.131780e-03   4.354348e-12   696
  4.201183e+00   1.217400e-10   8.648430e-04   4.514370e-12   552
  4.207739e+00   1.257808e-10   1.005732e-03   4.529716e-12   708
  4.214606e+00   1.283105e-10   1.660522e-03   4.125675e-12   876
  4.221752e+00   1.218249e-10   8.817041e-04   7.621005e-12   216
  4.226547e+00   1.173212e-10   2.411580e-03   3.325730e-12   1032
  4.233729e+00   1.250095e-10   2.685028e-03   4.843837e-12   600
  4.241182e+00   1.319614e-10   1.281196e-03   5.194093e-12   600
  4.246868e+00   1.195512e-10   2.262472e-03   4.628212e-12   528
  4.253589e+00   1.205651e-10   1.241998e-03   4.092011e-12   732
  4.260669e+00   1.170280e-10   9.171027e-04   5.985664e-12   336
  4.268820e+00   1.235221e-10   1.307053e-03   3.566813e-12   912
  4.274911e+00   1.239144e-10   1.311885e-03   4.425090e-12   624
  4.281565e+00   1.182574e-10   1.105498e-03   3.854555e-12   768
  4.289333e+00   1.144113e-10   1.994537e-03   3.725090e-12   792
  4.296957e+00   1.232869e-10   9.888090e-04   4.303044e-12   660
  4.302382e+00   1.235272e-10   1.457169e-03   5.136615e-12   504
  4.307992e+00   1.194683e-10   2.380735e-03   4.888892e-12   480
  4.316401e+00   1.190738e-10   2.201870e-03   3.570302e-12   912
  4.322985e+00   1.201762e-10   2.452123e-03   5.422891e-12   432
  4.329203e+00   1.169582e-10   1.456013e-03   4.194224e-12   564
  4.334724e+00   1.134110e-10   1.393605e-03   4.043494e-12   600
  4.342496e+00   1.177637e-10   1.942553e-03   3.570562e-12   876
  4.348334e+00   1.204121e-10   8.734307e-04   6.105809e-12   264
  4.356382e+00   1.175581e-10   1.694799e-03   4.538810e-12   560
  4.362850e+00   1.136830e-10   1.151652e-03   3.465856e-12   840
  4.370702e+00   1.199122e-10   1.775516e-03   3.328973e-12   1008
  4.377963e+00   1.189193e-10   7.942467e-04   5.446512e-12   456
  4.384595e+00   1.145396e-10   1.028834e-03   3.973734e-12   576
  4.390725e+00   1.149813e-10   1.580913e-03   3.961478e-12   612
  4.398809e+00   1.143961e-10   1.412012e-03   3.773968e-12   780
  4.405404e+00   1.141236e-10   1.618102e-03   3.618536e-12   648
  4.412155e+00   1.140843e-10   7.540562e-04   5.843478e-12   312
  4.416470e+00   1.142702e-10   1.915933e-03   4.056257e-12   528
  4.423945e+00   1.146321e-10   2.502113e-03   3.731206e-12   720
  4.431093e+00   1.190866e-10   2.509948e-03   4.796169e-12   576
  4.439759e+00   1.150497e-10   2.165154e-03   4.838041e-12   444
  4.445151e+00   1.129331e-10   2.123318e-03   3.038267e-12   996
  4.451759e+00   1.143464e-10   1.773610e-03   4.939291e-12   432
  4.458005e+00   1.111407e-10   1.941754e-03   4.376841e-12   504
  4.463400e+00   1.167118e-10   8.754449e-04   4.730554e-12   504
  4.471082e+00   1.095804e-10   1.722886e-03   2.921419e-12   876
  4.478033e+00   1.127909e-10   1.982878e-03   4.325959e-12   504
  4.485271e+00   1.134032e-10   1.264576e-03   3.968751e-12   696
  4.491253e+00   1.108009e-10   1.081079e-03   4.016022e-12   492
  4.499392e+00   1.121189e-10   1.547618e-03   4.861288e-12   432
  4.505420e+00   1.122643e-10   1.449174e-03   3.530425e-12   768
  4.512567e+00   1.138064e-10   1.805141e-03   3.963568e-12   648
  4.519390e+00   1.140917e-10   1.177661e-03   4.948748e-12   456
  4.527231e+00   1.081158e-10   1.619475e-03   3.833113e-12   552
  4.532676e+00   1.122158e-10   1.109989e-03   4.103313e-12   648
  4.540170e+00   1.086816e-10   1.809220e-03   3.223104e-12   840
  4.547491e+00   1.097347e-10   8.627791e-04   4.497294e-12   432
  4.554820e+00   1.100078e-10   1.056757e-03   4.141291e-12   600
  4.559917e+00   1.056165e-10   1.125905e-03   4.151081e-12   432
  4.568479e+00   1.044919e-10   1.120948e-03   3.610185e-12   560
  4.574277e+00   1.107676e-10   1.774344e-03   3.385185e-12   840
  4.581537e+00   1.109420e-10   1.050970e-03   4.578055e-12   504
  4.587303e+00   1.102192e-10   2.144966e-03   3.778653e-12   696
  4.595432e+00   1.133652e-10   1.171504e-03   5.408949e-12   384
  4.601763e+00   1.093908e-10   1.716116e-03   4.288257e-12   576
  4.609420e+00   1.059023e-10   1.059101e-03   4.740660e-12   360
  4.615593e+00   1.089290e-10   1.577258e-03   3.515944e-12   828
  4.622251e+00   1.012482e-10   1.404841e-03   4.602394e-12   372
  4.628352e+00   1.038673e-10   2.145462e-03   3.854764e-12   576
  4.636434e+00   1.063587e-10   8.985170e-04   3.665042e-12   636
  4.642192e+00   1.070169e-10   1.732109e-03   3.897183e-12   648
  4.649981e+00   1.061388e-10   1.408015e-03   4.195532e-12   576
  4.655573e+00   1.061796e-10   2.271277e-03   4.407206e-12   528
  4.663010e+00   1.106853e-10   9.710647e-04   5.781435e-12   360
  4.669165e+00   1.038922e-10   2.233813e-03   3.813335e-12   672
  4.677203e+00   1.080556e-10   1.144196e-03   3.515177e-12   804
  4.683893e+00   1.005919e-10   1.262185e-03   4.525490e-12   408
  4.691293e+00   1.085125e-10   7.801673e-04   5.028519e-12   384
  4.696276e+00   1.065015e-10   1.785323e-03   5.076447e-12   480
  4.703304e+00   1.028809e-10   1.153580e-03   4.857171e-12   432
  4.710045e+00   9.724958e-11   2.125802e-03   3.166947e-12   648
  4.718024e+00   1.057114e-10   1.319050e-03   4.231517e-12   624
  4.723861e+00   1.048911e-10   1.199787e-03   4.892735e-12   456
  4.731831e+00   1.066553e-10   1.639016e-03   4.547381e-12   588
  4.737172e+00   1.000383e-10   1.045685e-03   3.885273e-12   600
  4.744970e+00   1.035031e-10   1.631013e-03   3.925337e-12   708
  4.751130e+00   1.089598e-10   1.027507e-03   5.606238e-12   360
  4.757936e+00   9.578256e-11   1.181146e-03   3.964031e-12   552
  4.764461e+00   1.062146e-10   8.286020e-04   6.736362e-12   288
  4.771085e+00   1.061591e-10   1.557998e-03   4.742401e-12   528
  4.777309e+00   9.379799e-11   1.051098e-03   3.677127e-12   456
  4.784262e+00   1.029521e-10   1.863824e-03   4.137066e-12   608
  4.791256e+00   1.024337e-10   9.017389e-04   4.838114e-12   504
  4.798898e+00   1.133874e-10   1.935982e-03   5.480839e-12   540
  4.804891e+00   9.447608e-11   2.078222e-03   4.839236e-12   360
  4.811350e+00   1.021757e-10   9.411255e-04   4.423012e-12   540
  4.817063e+00   1.000408e-10   8.080679e-04   4.409427e-12   576
  4.825371e+00   9.704931e-11   1.873635e-03   4.109167e-12   588
  4.833270e+00   1.023242e-10   2.585051e-03   4.215095e-12   672
  4.840056e+00   9.671982e-11   1.975777e-03   4.008768e-12   552
  4.845526e+00   8.939195e-11   1.976776e-03   7.202478e-12   144
  4.852507e+00   9.864546e-11   1.679474e-03   4.206412e-12   600
  4.859125e+00   1.062087e-10   2.104747e-03   5.324369e-12   504
  4.866470e+00   1.103583e-10   2.162000e-03   6.520939e-12   336
  4.874196e+00   1.043673e-10   2.430098e-03   4.428445e-12   600
  4.881116e+00   1.058088e-10   1.568306e-03   4.628743e-12   636
  4.888585e+00   1.001313e-10   1.260932e-03   5.634183e-12   384
  4.893821e+00   1.000051e-10   1.758851e-03   4.746449e-12   504
  4.901368e+00   9.789848e-11   7.381651e-04   7.290902e-12   240
  4.907324e+00   9.593287e-11   1.734055e-03   3.665926e-12   744
  4.914470e+00   1.021496e-10   1.184096e-03   4.421649e-12   648
  4.920821e+00   7.468113e-11   7.860381e-04   4.101937e-12   120
  4.928265e+00   9.794222e-11   1.234764e-03   4.447698e-12   564
  4.933890e+00   1.025176e-10   1.939271e-03   5.378198e-12   432
  4.941396e+00   1.105775e-10   1.505258e-03   5.454662e-12   480
  4.947049e+00   1.111385e-10   1.107908e-03   5.923251e-12   456
  4.953721e+00   9.962363e-11   1.833424e-03   4.951987e-12   444
  4.961293e+00   1.114086e-10   2.805235e-03   5.396586e-12   528
  4.967944e+00   1.072545e-10   2.083390e-03   7.331524e-12   264
  4.974399e+00   1.011377e-10   2.135165e-03   5.146658e-12   444
  4.983082e+00   9.745296e-11   2.338759e-03   3.951433e-12   696
  4.990289e+00   9.671178e-11   1.250847e-03   5.189351e-12   384
  4.995560e+00   9.895915e-11   1.580550e-03   5.218430e-12   432
  5.003759e+00   9.726657e-11   1.092086e-03   4.733852e-12   488
  5.009082e+00   1.035439e-10   1.645909e-03   5.053519e-12   480
  5.016800e+00   1.185668e-10   1.835529e-03   6.200820e-12   480
  5.022777e+00   9.037494e-11   7.701318e-04   5.891935e-12   240
  5.029563e+00   1.104098e-10   1.798967e-03   4.825756e-12   600
  5.035964e+00   1.158520e-10   1.567616e-03   7.403294e-12   288
  5.042780e+00   1.030855e-10   1.507931e-03   4.829344e-12   480
  5.049682e+00   1.138621e-10   2.682341e-03   5.505130e-12   504
  5.056479e+00   1.021263e-10   1.150891e-03   7.278516e-12   216
  5.065146e+00   1.023460e-10   1.884192e-03   4.881962e-12   504
  5.071897e+00   1.102984e-10   1.515464e-03   5.461084e-12   456
  5.079286e+00   9.309322e-11   8.691442e-04   4.944954e-12   384
  5.084180e+00   1.075648e-10   1.764049e-03   5.299268e-12   480
  5.091134e+00   1.183567e-10   1.549032e-03   5.728562e-12   504
  5.097578e+00   1.097002e-10   9.826093e-04   6.685168e-12   312
  5.104521e+00   1.105277e-10   1.583441e-03   5.327842e-12   492
  5.110667e+00   1.080234e-10   1.484108e-03   6.070708e-12   312
  5.118579e+00   1.084548e-10   2.410815e-03   4.554042e-12   576
  5.125543e+00   1.123078e-10   2.225378e-03   6.301639e-12   336
  5.131328e+00   1.279150e-10   1.713438e-03   8.336627e-12   240
  5.139346e+00   1.036994e-10   2.271584e-03   4.739859e-12   468
  5.146270e+00   1.180487e-10   1.422340e-03   8.740580e-12   192
  5.153517e+00   1.238419e-10   1.426580e-03   7.099746e-12   324
  5.158828e+00   1.140794e-10   1.035388e-03   4.772592e-12   600
  5.166066e+00   1.072779e-10   1.679811e-03   5.261501e-12   456
  5.171442e+00   1.185742e-10   7.555789e-04   6.726095e-12   336
  5.180350e+00   1.137116e-10   2.262417e-03   4.678078e-12   612
  5.186832e+00   1.351657e-10   1.898719e-03   1.108206e-11   144
  5.192961e+00   1.027464e-10   2.216292e-03   4.136100e-12   552
  5.201296e+00   1.304451e-10   8.728032e-04   7.471212e-12   264
  5.206006e+00   1.137754e-10   2.020762e-03   6.112035e-12   336
  5.213435e+00   1.183771e-10   1.335250e-03   5.626025e-12   384
  5.219878e+00   1.047752e-10   7.516140e-04   6.564562e-12   216
  5.227010e+00   1.368351e-10   1.593577e-03   7.313217e-12   344
  5.233513e+00   1.332703e-10   2.377692e-03   6.525492e-12   408
  5.241438e+00   1.215126e-10   1.827101e-03   6.663726e-12   264
  5.248460e+00   1.221850e-10   2.547069e-03   4.879088e-12   612
  5.255476e+00   1.018850e-10   1.310917e-03   4.653381e-12   408
  5.262692e+00   1.327900e-10   1.312801e-03   5.902295e-12   444
  5.267993e+00   7.631625e-11   7.342396e-04   4.450826e-12   120
  5.275096e+00   1.135188e-10   2.028570e-03   5.709051e-12   336
  5.280368e+00   1.300127e-10   7.049199e-04   6.943612e-12   288
  5.287493e+00   1.212816e-10   2.193723e-03   4.511727e-12   552
  5.297288e+00   1.243752e-10   0.000000e+00   1.609580e-11   72
  5.302324e+00   1.325215e-10   2.178926e-03   5.528471e-12   504
  5.308207e+00   1.503975e-10   7.011571e-04   9.328641e-12   216
  5.315829e+00   1.367583e-10   1.251868e-03   7.016654e-12   312
  5.322672e+00   1.358526e-10   1.425448e-03   6.523737e-12   336
  5.329194e+00   1.365386e-10   1.975831e-03   8.152966e-12   204
  5.335689e+00   1.211329e-10   2.296216e-03   4.892987e-12   504
  5.342577e+00   1.195989e-10   2.186657e-03   5.329422e-12   396
  5.349201e+00   1.203269e-10   2.005279e-03   6.006711e-12   312
  5.357232e+00   1.101559e-10   1.225440e-03   6.977639e-12   216
  5.362890e+00   1.277272e-10   6.650698e-04   8.029112e-12   168
  5.369766e+00   1.293127e-10   1.679338e-03   4.696139e-12   588
  5.377613e+00   1.487134e-10   2.279505e-03   8.458624e-12   240
  5.383710e+00   1.510566e-10   2.013185e-03   8.071550e-12   264
  5.390860e+00   1.405042e-10   2.489717e-03   7.306686e-12   288
  5.397204e+00   1.454269e-10   1.243261e-03   7.215270e-12   288
  5.405244e+00   1.366610e-10   1.167620e-03   6.497643e-12   288
  5.410658e+00   1.407873e-10   1.352591e-03   7.785923e-12   192
  5.417469e+00   1.559129e-10   1.439292e-03   7.674117e-12   264
  5.423957e+00   1.075696e-10   2.367436e-03   4.833573e-12   372
  5.430940e+00   1.206648e-10   2.556933e-03   5.210346e-12   360
  5.439463e+00   1.227359e-10   1.082118e-03   8.799771e-12   144
  5.443868e+00   1.493510e-10   1.503015e-03   7.834367e-12   296
  5.450821e+00   1.436019e-10   1.619421e-03   7.485213e-12   288
  5.458782e+00   1.410565e-10   2.420184e-03   5.279322e-12   480
  5.465649e+00   1.531715e-10   2.010942e-03   9.058410e-12   192
  5.472326e+00   1.285205e-10   2.157009e-03   7.337230e-12   192
  5.478395e+00   1.539872e-10   1.374687e-03   7.281490e-12   288
  5.486835e+00   1.600670e-10   1.196646e-03   1.182086e-11   108
  5.491087e+00   1.248822e-10   1.150429e-03   5.952905e-12   240
  5.498595e+00   1.549450e-10   2.146152e-03   5.994321e-12   384
  5.506307e+00   1.233466e-10   2.618062e-03   9.447729e-12   108
  5.513127e+00   1.230128e-10   1.535018e-03   5.767954e-12   348
  5.520298e+00   1.518247e-10   1.602006e-03   7.365401e-12   312
  5.526703e+00   1.717304e-10   1.556684e-03   1.609763e-11   96
  5.532593e+00   1.402189e-10   2.072444e-03   5.801990e-12   384
  5.539190e+00   1.511887e-10   1.425422e-03   1.050282e-11   144
  5.545642e+00   1.439993e-10   2.190224e-03   5.598499e-12   408
  5.553663e+00   1.561124e-10   9.769946e-04   1.041193e-11   144
  5.561240e+00   1.568137e-10   1.878283e-03   8.657733e-12   192
  5.565734e+00   1.251934e-10   2.114042e-03   7.550849e-12   144
  5.573059e+00   1.497213e-10   1.718794e-03   9.400367e-12   144
  5.579969e+00   1.397426e-10   2.100644e-03   5.751069e-12   336
  5.588433e+00   1.652827e-10   1.554210e-03   8.667928e-12   240
  5.593800e+00   1.605550e-10   7.057532e-04   1.462601e-11   96
  5.601284e+00   1.482823e-10   2.069634e-03   6.671757e-12   372
  5.608856e+00   1.508044e-10   2.461786e-03   1.057023e-11   132
  5.615507e+00   1.559852e-10   1.523323e-03   7.724952e-12   264
  5.621457e+00   1.404403e-10   1.169843e-03   8.989369e-12   168
  5.627807e+00   1.408629e-10   1.870354e-03   7.003945e-12   216
  5.633417e+00   1.548738e-10   1.144306e-03   8.568247e-12   216
  5.641586e+00   1.554474e-10   2.099325e-03   1.281288e-11   96
  5.648999e+00   1.547855e-10   1.369618e-03   9.386553e-12   120
  5.655797e+00   1.416423e-10   1.741170e-03   7.596934e-12   216
  5.661397e+00   1.550040e-10   7.608972e-04   9.678798e-12   200
  5.668812e+00   1.631930e-10   1.969636e-03   7.995285e-12   288
  5.678322e+00   1.887304e-10   5.182495e-04   1.251451e-11   144
  5.682326e+00   1.458319e-10   1.612761e-03   9.321542e-12   168
  5.690504e+00   1.495338e-10   1.815012e-03   9.704726e-12   159
  5.696887e+00   1.568829e-10   1.904384e-03   9.714173e-12   174
  5.703065e+00   1.490134e-10   1.726829e-03   1.005831e-11   144
  5.711154e+00   1.437605e-10   9.971188e-04   7.558359e-12   222
  5.716564e+00   1.532936e-10   1.006181e-03   9.452160e-12   168
  5.725909e+00   1.292289e-10   2.206942e-03   2.012852e-11   30
  5.729769e+00   1.828070e-10   1.948567e-03   1.816300e-11   72
  5.737039e+00   1.589718e-10   1.739073e-03   8.610394e-12   258
  5.745032e+00   1.534506e-10   1.089226e-03   8.185396e-12   264
  5.749029e+00   1.797991e-10   1.174622e-07   1.728568e-11   72
  5.757357e+00   1.792662e-10   2.158892e-03   1.115214e-11   174
  5.764898e+00   1.402350e-10   2.298822e-03   9.376399e-12   168
  5.770961e+00   1.674950e-10   7.193062e-08   2.259522e-11   48
  5.777470e+00   1.791204e-10   1.298199e-03   1.100797e-11   150
  5.785016e+00   1.375800e-10   2.388130e-03   8.791101e-12   168
  5.792583e+00   1.255616e-10   1.454738e-03   9.870262e-12   144
  5.799541e+00   1.561848e-10   1.359056e-03   1.221206e-11   102
  5.804724e+00   1.868952e-10   2.011636e-03   1.648787e-11   96
  5.812948e+00   1.655354e-10   1.996414e-03   1.425140e-11   120
  5.819038e+00   1.817303e-10   2.141206e-03   1.270574e-11   168
  5.825625e+00   1.322903e-10   1.581111e-03   1.007026e-11   126
  5.831237e+00   1.652827e-10   1.192474e-03   1.118354e-11   168
  5.838969e+00   1.565460e-10   1.912134e-03   1.719824e-11   72
  5.845726e+00   1.679718e-10   2.394418e-03   1.069672e-11   168
  5.851646e+00   1.422011e-10   6.564276e-04   1.557032e-11   78
  5.859757e+00   1.794463e-10   1.077805e-03   1.922032e-11   60
  5.866288e+00   1.374632e-10   1.748374e-03   1.160493e-11   96
  5.873062e+00   1.277373e-10   2.121507e-03   9.808757e-12   168
  5.879428e+00   1.767205e-10   1.342407e-03   1.864855e-11   86
  5.886107e+00   1.976551e-10   1.199794e-03   1.610868e-11   120
  5.895681e+00   1.591043e-10   8.556122e-04   1.183768e-11   168
  5.900844e+00   1.979578e-10   0.000000e+00   2.390936e-11   48
  5.907798e+00   1.445998e-10   1.558833e-03   1.226472e-11   120
  5.911793e+00   1.696503e-10   1.137231e-03   1.319709e-11   126
  5.921548e+00   1.367202e-10   2.000073e-03   1.371431e-11   96
  5.927878e+00   1.500728e-10   5.767223e-04   1.470807e-11   96
  5.932871e+00   1.649587e-10   6.781684e-08   1.761939e-11   72
  5.943508e+00   1.716992e-10   7.193062e-08   3.216290e-11   24
  5.950147e+00   1.311684e-10   1.186881e-03   1.363774e-11   120
  5.955326e+00   1.604777e-10   1.731294e-03   1.442047e-11   126
  5.961084e+00   1.850474e-10   1.443268e-03   1.765651e-11   96
  5.967813e+00   1.958370e-10   2.494389e-03   2.042022e-11   72
  5.975306e+00   1.610164e-10   1.078907e-03   1.266930e-11   144
  5.981469e+00   1.670852e-10   6.222882e-04   1.838625e-11   72
  5.987626e+00   1.491422e-10   1.242932e-03   2.079227e-11   54
  5.993045e+00   1.670354e-10   1.095319e-03   1.407479e-11   108
  6.004306e+00   1.296409e-10   1.073696e-03   1.613544e-11   72
  6.007812e+00   1.146671e-10   6.195595e-04   1.547949e-11   72
  6.016129e+00   1.492972e-10   1.245875e-07   3.138191e-11   24
  6.023999e+00   2.081536e-10   1.310705e-03   2.988335e-11   48
  6.028777e+00   1.453462e-10   9.984188e-04   1.636668e-11   102
  6.035970e+00   1.692089e-10   2.258008e-03   1.265201e-11   168
  6.045369e+00   2.086275e-10   1.231465e-03   1.974000e-11   72
  6.048851e+00   1.660053e-10   0.000000e+00   2.256704e-11   48
  6.056156e+00   1.489776e-10   2.118194e-03   1.353322e-11   120
  6.065796e+00   1.568526e-10   1.301673e-03   1.570113e-11   96
  6.074901e+00   1.520825e-10   1.150890e-07   2.688994e-11   30
  6.085723e+00   9.784181e-11   6.115837e-04   1.290831e-11   72
  6.090478e+00   1.292814e-10   7.193062e-08   3.035626e-11   24
  6.096586e+00   2.016981e-10   9.065181e-04   2.769227e-11   56
  6.103428e+00   1.962920e-10   1.293647e-03   1.885347e-11   96
  6.111616e+00   1.583406e-10   1.428503e-03   1.335025e-11   144
  6.117928e+00   1.769104e-10   8.110480e-04   2.107667e-11   54
  6.127099e+00   1.764726e-10   1.215036e-03   1.495703e-11   108
  6.136327e+00   1.309167e-10   6.433558e-04   1.984299e-11   48
  6.145113e+00   1.301334e-10   2.422440e-03   1.581444e-11   72
  6.166195e+00   1.277673e-10   1.600514e-03   1.726501e-11   78
  6.172037e+00   1.959619e-10   1.206188e-03   2.314663e-11   72
  6.178856e+00   1.898031e-10   1.204690e-03   2.051323e-11   72
  6.185986e+00   1.579720e-10   2.907051e-03   1.566141e-11   96
  6.191621e+00   1.859266e-10   1.202207e-03   1.880314e-11   72
  6.198419e+00   1.956151e-10   0.000000e+00   3.348281e-11   24
  6.205208e+00   1.485580e-10   2.398986e-03   1.533579e-11   72
  6.220544e+00   1.027734e-10   1.523430e-03   1.714812e-11   30
  6.223843e+00   1.244837e-10   0.000000e+00   2.495881e-11   24
  6.241578e+00   1.886517e-10   1.265014e-03   2.875149e-11   48
  6.247142e+00   1.697774e-10   2.722309e-03   1.551870e-11   120
  6.254637e+00   1.771782e-10   1.190257e-03   1.789461e-11   72
  6.262206e+00   2.053956e-10   1.188818e-03   2.971511e-11   36
  6.267409e+00   1.540992e-10   2.349657e-03   1.424950e-11   78
  6.281928e+00   1.325087e-10   1.256888e-03   1.469884e-11   48
  6.300754e+00   1.099263e-10   1.017253e-07   1.799137e-11   24
  6.314166e+00   1.790607e-10   8.752715e-04   2.506998e-11   56
  6.320919e+00   1.742478e-10   1.346877e-03   1.595937e-11   102
  6.329510e+00   1.730618e-10   9.590750e-08   1.671921e-11   72
  6.334498e+00   1.863028e-10   7.193062e-08   3.114549e-11   24
  6.343217e+00   1.473422e-10   1.244744e-03   1.399466e-11   48
  6.359378e+00   1.262262e-10   0.000000e+00   1.462712e-11   24
  6.379213e+00   1.050894e-10   0.000000e+00   2.903833e-11   6
  6.385398e+00   1.661686e-10   0.000000e+00   3.629545e-11   24
  6.389518e+00   1.686457e-10   1.165127e-03   1.874218e-11   72
  6.397046e+00   1.737049e-10   2.173655e-03   1.565633e-11   84
  6.405152e+00   1.517747e-10   0.000000e+00   1.728046e-11   24
  6.407617e+00   1.616100e-10   1.017253e-07   2.248975e-11   24
  6.419927e+00   1.408896e-10   1.245875e-07   1.250699e-11   24
  6.437123e+00   1.274872e-10   0.000000e+00   1.505769e-11   6
  6.459163e+00   1.483294e-10   1.222400e-03   2.140151e-11   48
  6.464458e+00   1.605976e-10   2.302802e-03   1.612376e-11   72
  6.471376e+00   1.606168e-10   1.220094e-03   1.487760e-11   48
  6.482347e+00   1.525062e-10   0.000000e+00   1.391664e-11   24
  6.496947e+00   1.409989e-10   0.000000e+00   1.073341e-11   6
  6.529678e+00   1.219934e-10   0.000000e+00   4.544614e-11   8
  6.532096e+00   1.291419e-10   7.193062e-08   1.708627e-11   48
  6.537895e+00   1.467684e-10   1.183236e-03   1.413302e-11   60
  6.546585e+00   1.539754e-10   0.000000e+00   1.441637e-11   24
  6.558634e+00   1.501484e-10   0.000000e+00   1.479138e-11   6
  6.603027e+00   9.764406e-11   0.000000e+00   1.934419e-11   24
  6.606613e+00   1.202358e-10   1.195118e-03   1.367974e-11   48
  6.612586e+00   1.341696e-10   0.000000e+00   1.284543e-11   24
  6.622132e+00   1.472007e-10   0.000000e+00   1.210105e-11   6
  6.676359e+00   8.153737e-11   1.114931e-03   1.182095e-11   36
  6.680300e+00   1.068935e-10   0.000000e+00   1.172088e-11   24
  6.687387e+00   1.342141e-10   0.000000e+00   9.624583e-12   6
  6.749089e+00   6.311794e-11   1.013241e-03   8.219883e-12   32
  6.754351e+00   9.804186e-11   0.000000e+00   7.559609e-12   6
  6.820657e+00   3.595055e-11   0.000000e+00   7.638233e-12   12
  6.822972e+00   5.387393e-11   0.000000e+00   4.969184e-12   6
  6.893201e+00   2.290408e-11   0.000000e+00   8.700212e-13   6
