# power spectrum of zeta (dimensionless)
# redshift z=0.995972
# k              Pk             sigma(k)       sigma(Pk)      count
  1.256637e-01   1.074179e-11   0.000000e+00   4.334107e-12   6
  1.777153e-01   4.904962e-12   0.000000e+00   1.001830e-12   12
  2.176559e-01   2.705179e-12   2.384186e-09   6.840356e-13   8
  2.513274e-01   7.644733e-12   0.000000e+00   1.093457e-12   6
  2.809926e-01   4.480419e-12   4.495664e-09   1.351081e-12   24
  3.078120e-01   5.266807e-12   4.495664e-09   1.066927e-12   24
  3.554306e-01   1.380976e-12   0.000000e+00   3.123414e-13   12
  3.769911e-01   1.835803e-12   5.086263e-09   2.025938e-13   30
  3.973835e-01   1.840676e-12   0.000000e+00   2.809671e-13   24
  4.167794e-01   2.216047e-12   7.786718e-09   4.934681e-13   24
  4.353118e-01   9.431311e-13   4.768372e-09   1.035725e-13   8
  4.530869e-01   1.179944e-12   6.357829e-09   2.618060e-13   24
  4.701905e-01   1.250985e-12   0.000000e+00   2.411015e-13   48
  5.026548e-01   4.943620e-13   0.000000e+00   1.919141e-13   6
  5.181247e-01   1.043525e-12   6.357829e-09   1.424996e-13   48
  5.331460e-01   7.694834e-13   5.994218e-09   1.421303e-13   36
  5.477554e-01   1.171912e-12   6.357829e-09   2.464229e-13   24
  5.619852e-01   8.421935e-13   8.991328e-09   1.369869e-13   24
  5.758634e-01   8.850729e-13   0.000000e+00   1.258900e-13   48
  5.894150e-01   7.206260e-13   8.991328e-09   1.321918e-13   24
  6.156239e-01   6.659672e-13   8.991328e-09   9.559908e-14   24
  6.283185e-01   3.654129e-13   0.000000e+00   7.916862e-14   30
  6.407617e-01   6.520100e-13   0.000000e+00   7.133821e-14   72
  6.529678e-01   4.769267e-13   9.536743e-09   1.254308e-13   32
  6.767198e-01   5.765825e-13   0.000000e+00   5.397322e-14   72
  6.882885e-01   3.647455e-13   0.000000e+00   6.370450e-14   48
  7.108613e-01   3.724091e-13   0.000000e+00   1.325123e-13   12
  7.218830e-01   4.640780e-13   0.000000e+00   5.411319e-14   48
  7.327390e-01   3.579164e-13   0.000000e+00   5.398110e-14   48
  7.434365e-01   4.703468e-13   8.991328e-09   5.373949e-14   48
  7.539822e-01   5.630801e-13   1.017253e-08   9.375914e-14   30
  7.643825e-01   4.261413e-13   0.000000e+00   5.118911e-14   24
  7.746431e-01   4.844795e-13   1.895538e-08   6.530823e-14   72
  7.947671e-01   2.163748e-13   0.000000e+00   4.550462e-14   24
  8.046403e-01   2.962023e-13   0.000000e+00   2.596729e-14   96
  8.143939e-01   2.509262e-13   0.000000e+00   4.514943e-14   48
  8.240320e-01   2.299902e-13   1.557344e-08   1.697495e-14   24
  8.335587e-01   4.764232e-13   1.557344e-08   8.153509e-14   24
  8.429778e-01   3.519008e-13   0.000000e+00   3.427632e-14   72
  8.522927e-01   3.059299e-13   0.000000e+00   4.778770e-14   48
  8.706237e-01   2.048009e-13   9.536743e-09   5.148584e-14   8
  8.796459e-01   3.021682e-13   1.130281e-08   3.719267e-14   54
  8.885766e-01   2.955727e-13   0.000000e+00   2.604106e-14   84
  8.974184e-01   2.975959e-13   0.000000e+00   3.432166e-14   48
  9.061739e-01   1.829786e-13   1.271566e-08   2.947281e-14   24
  9.148456e-01   2.992137e-13   1.695421e-08   4.182918e-14   72
  9.234359e-01   2.770865e-13   0.000000e+00   2.836489e-14   96
  9.403811e-01   2.335743e-13   0.000000e+00   2.179342e-14   48
  9.487402e-01   2.830522e-13   0.000000e+00   3.776132e-14   48
  9.570263e-01   2.658844e-13   0.000000e+00   5.413051e-14   24
  9.652412e-01   2.035360e-13   0.000000e+00   2.226693e-14   72
  9.814649e-01   1.931019e-13   0.000000e+00   2.234057e-14   72
  9.894770e-01   2.088609e-13   0.000000e+00   1.962457e-14   96
  1.005310e+00   3.587562e-13   0.000000e+00   8.680428e-14   6
  1.013133e+00   1.952898e-13   0.000000e+00   1.707679e-14   96
  1.020897e+00   2.184896e-13   1.271566e-08   2.076646e-14   96
  1.028602e+00   2.231226e-13   0.000000e+00   4.943116e-14   24
  1.036249e+00   2.780280e-13   1.271566e-08   3.528729e-14   48
  1.043841e+00   1.491743e-13   0.000000e+00   1.580509e-14   96
  1.051378e+00   2.171706e-13   0.000000e+00   3.781576e-14   48
  1.066292e+00   1.312168e-13   1.198844e-08   2.044905e-14   36
  1.073671e+00   1.944373e-13   2.202416e-08   2.508327e-14   48
  1.081000e+00   2.046362e-13   2.491750e-08   1.728891e-14   120
  1.088280e+00   1.609596e-13   0.000000e+00   1.830806e-14   56
  1.095511e+00   1.511396e-13   1.271566e-08   2.615175e-14   24
  1.102695e+00   1.441525e-13   0.000000e+00   1.277097e-14   96
  1.109832e+00   1.775121e-13   0.000000e+00   2.880012e-14   48
  1.123970e+00   2.009724e-13   1.798266e-08   3.700069e-14   24
  1.130973e+00   1.588157e-13   0.000000e+00   1.439714e-14   102
  1.137933e+00   1.542434e-13   1.271566e-08   1.953682e-14   48
  1.144851e+00   1.728789e-13   0.000000e+00   1.926729e-14   72
  1.151727e+00   1.206522e-13   0.000000e+00   1.633723e-14   48
  1.158562e+00   2.335347e-13   0.000000e+00   3.201199e-14   48
  1.165357e+00   1.801564e-13   2.877225e-08   1.491028e-14   120
  1.178830e+00   1.202974e-13   1.798266e-08   2.468991e-14   24
  1.185509e+00   1.334689e-13   1.695421e-08   1.039608e-14   144
  1.192151e+00   1.327121e-13   2.034505e-08   1.254791e-14   120
  1.198755e+00   1.301734e-13   1.798266e-08   1.409287e-14   48
  1.211857e+00   1.518617e-13   1.798266e-08   2.037650e-14   48
  1.218355e+00   1.152592e-13   1.798266e-08   1.254878e-14   96
  1.235512e+00   1.181719e-13   3.015167e-03   1.091212e-14   72
  1.244007e+00   1.348979e-13   1.598458e-08   1.152587e-14   108
  1.250338e+00   1.389655e-13   0.000000e+00   1.299553e-14   72
  1.256637e+00   1.197916e-13   0.000000e+00   2.378243e-14   30
  1.262905e+00   1.017564e-13   0.000000e+00   8.463750e-15   168
  1.269141e+00   1.036318e-13   0.000000e+00   1.527852e-14   48
  1.281523e+00   9.361656e-14   0.000000e+00   1.181471e-14   72
  1.287670e+00   1.197456e-13   0.000000e+00   1.518066e-14   96
  1.293787e+00   8.264256e-14   3.390842e-08   1.073236e-14   72
  1.299875e+00   1.095648e-13   0.000000e+00   1.104961e-14   72
  1.310112e+00   1.076803e-13   2.784031e-03   1.007207e-14   104
  1.317972e+00   1.013963e-13   2.397687e-08   8.661095e-15   144
  1.335824e+00   9.589580e-14   4.021044e-08   8.789686e-15   96
  1.341721e+00   1.078650e-13   0.000000e+00   8.862415e-15   96
  1.351101e+00   1.153852e-13   2.864148e-03   1.252022e-14   120
  1.359261e+00   9.287673e-14   0.000000e+00   1.077040e-14   120
  1.365057e+00   8.548827e-14   0.000000e+00   1.098257e-14   72
  1.376577e+00   1.000775e-13   0.000000e+00   1.682263e-14   48
  1.382301e+00   8.640779e-14   3.130008e-08   1.121376e-14   78
  1.389623e+00   9.799011e-14   2.564571e-03   8.300282e-15   168
  1.404963e+00   1.024577e-13   2.936555e-08   8.902220e-15   144
  1.410572e+00   1.158307e-13   2.397687e-08   1.129890e-14   144
  1.426839e+00   8.548003e-14   1.476986e-03   7.561390e-15   156
  1.432787e+00   9.370850e-14   3.114687e-08   1.139714e-14   48
  1.438287e+00   9.271772e-14   2.034505e-08   7.845476e-15   120
  1.443766e+00   7.882024e-14   0.000000e+00   8.534698e-15   48
  1.453454e+00   8.422390e-14   2.260797e-03   5.681185e-15   216
  1.465478e+00   9.296592e-14   0.000000e+00   1.156881e-14   48
  1.470856e+00   7.883704e-14   1.798266e-08   9.884890e-15   96
  1.478502e+00   8.974620e-14   2.642094e-03   6.913784e-15   168
  1.486873e+00   6.307477e-14   1.798266e-08   7.334546e-15   48
  1.492174e+00   7.285102e-14   0.000000e+00   7.434641e-15   96
  1.497456e+00   6.934049e-14   0.000000e+00   1.010351e-14   48
  1.507964e+00   7.718082e-14   2.034505e-08   1.062956e-14   30
  1.513191e+00   9.755312e-14   0.000000e+00   9.784545e-15   96
  1.519439e+00   7.079337e-14   2.076451e-03   4.681050e-15   240
  1.527472e+00   8.205532e-14   2.240191e-03   1.266660e-14   32
  1.533921e+00   8.487544e-14   0.000000e+00   6.831139e-15   168
  1.539060e+00   8.249272e-14   0.000000e+00   8.013848e-15   120
  1.549286e+00   8.708627e-14   3.791077e-08   1.629041e-14   72
  1.554374e+00   8.554752e-14   1.695421e-08   7.480492e-15   144
  1.559446e+00   6.416003e-14   0.000000e+00   6.209252e-15   96
  1.564501e+00   6.195635e-14   0.000000e+00   5.319971e-15   96
  1.574562e+00   8.165232e-14   0.000000e+00   1.006686e-14   72
  1.579568e+00   7.556938e-14   2.543132e-08   7.088660e-15   96
  1.589534e+00   6.928632e-14   0.000000e+00   1.191785e-14   24
  1.594494e+00   7.776761e-14   0.000000e+00   5.248531e-15   192
  1.600334e+00   7.509221e-14   1.901066e-03   5.242257e-15   132
  1.609281e+00   6.635029e-14   0.000000e+00   6.694347e-15   96
  1.614180e+00   6.295371e-14   0.000000e+00   5.362115e-15   96
  1.619064e+00   6.525057e-14   2.034505e-08   5.367753e-15   120
  1.628788e+00   7.008043e-14   0.000000e+00   8.130097e-15   48
  1.636759e+00   6.355750e-14   2.303939e-03   3.909796e-15   222
  1.643266e+00   7.377046e-14   0.000000e+00   7.241347e-15   120
  1.648064e+00   4.090517e-14   3.114687e-08   8.049113e-15   24
  1.655050e+00   6.754734e-14   2.378000e-03   3.939631e-15   312
  1.670270e+00   6.023366e-14   2.229470e-03   6.619467e-15   72
  1.676563e+00   6.612668e-14   3.114687e-08   6.826236e-15   96
  1.683024e+00   6.434244e-14   2.270407e-03   5.019469e-15   192
  1.690632e+00   6.185222e-14   2.877225e-08   6.429546e-15   120
  1.695296e+00   5.710713e-14   0.000000e+00   4.987392e-15   144
  1.704585e+00   4.333438e-14   0.000000e+00   6.165550e-15   48
  1.711188e+00   5.296228e-14   2.282974e-03   2.727092e-15   336
  1.718425e+00   6.245028e-14   0.000000e+00   9.453353e-15   48
  1.727590e+00   5.464141e-14   0.000000e+00   4.508389e-15   192
  1.732155e+00   6.484343e-14   0.000000e+00   7.192217e-15   48
  1.745129e+00   5.536283e-14   1.584683e-03   6.559078e-15   56
  1.751580e+00   5.328872e-14   2.035272e-03   2.533495e-15   336
  1.759292e+00   4.429227e-14   2.260561e-08   6.453471e-15   54
  1.766010e+00   5.847552e-14   2.235459e-03   3.455922e-15   240
  1.779956e+00   5.252057e-14   2.140470e-03   3.342055e-15   228
  1.786017e+00   7.332086e-14   2.397687e-08   7.016630e-15   72
  1.791900e+00   5.801343e-14   2.076308e-03   4.750727e-15   144
  1.799230e+00   3.983062e-14   0.000000e+00   2.896761e-15   96
  1.803613e+00   5.336432e-14   2.877225e-08   3.507549e-15   240
  1.812348e+00   6.545184e-14   2.543132e-08   9.563594e-15   24
  1.817939e+00   5.002758e-14   1.961057e-03   2.783716e-15   336
  1.825371e+00   3.486785e-14   0.000000e+00   4.218335e-15   72
  1.832154e+00   4.578831e-14   2.133012e-03   3.519446e-15   168
  1.838302e+00   5.588804e-14   0.000000e+00   6.116730e-15   72
  1.846872e+00   4.974208e-14   0.000000e+00   4.420665e-15   96
  1.853509e+00   4.648547e-14   2.117011e-03   3.099915e-15   216
  1.859653e+00   3.638411e-14   0.000000e+00   3.091586e-15   96
  1.868125e+00   4.587607e-14   2.543132e-08   3.348998e-15   192
  1.872347e+00   3.993229e-14   2.397687e-08   3.448005e-15   144
  1.880762e+00   3.543907e-14   0.000000e+00   4.607866e-15   48
  1.886588e+00   3.811977e-14   2.041047e-03   2.288630e-15   246
  1.894505e+00   4.948234e-14   1.881878e-03   3.305292e-15   168
  1.901637e+00   4.277589e-14   4.983500e-08   4.227802e-15   120
  1.905784e+00   3.907899e-14   0.000000e+00   2.352464e-15   240
  1.914053e+00   4.107062e-14   0.000000e+00   6.862918e-15   24
  1.920640e+00   3.919561e-14   2.014384e-03   1.822977e-15   360
  1.928845e+00   3.902839e-14   2.005812e-03   2.775472e-15   120
  1.934568e+00   4.316746e-14   0.000000e+00   3.675245e-15   144
  1.938645e+00   4.276221e-14   0.000000e+00   4.340346e-15   96
  1.950825e+00   4.263694e-14   0.000000e+00   3.757494e-15   144
  1.954868e+00   3.802382e-14   0.000000e+00   3.692092e-15   132
  1.960551e+00   3.829914e-14   1.979707e-03   2.760838e-15   176
  1.968799e+00   3.341819e-14   1.999105e-03   2.086620e-15   312
  1.978954e+00   3.879009e-14   0.000000e+00   4.935887e-15   96
  1.982940e+00   3.613815e-14   0.000000e+00   2.617160e-15   144
  1.989055e+00   4.136845e-14   1.979053e-03   2.216557e-15   312
  1.998804e+00   4.556291e-14   0.000000e+00   6.316709e-15   48
  2.002750e+00   3.644754e-14   2.543132e-08   2.508335e-15   192
  2.010619e+00   2.608787e-14   0.000000e+00   8.939695e-15   6
  2.015848e+00   3.514407e-14   1.845802e-03   1.824909e-15   288
  2.024316e+00   3.914334e-14   1.950210e-03   2.329250e-15   192
  2.030159e+00   3.619714e-14   5.980883e-08   2.964331e-15   216
  2.034045e+00   3.710792e-14   0.000000e+00   4.642826e-15   72
  2.043725e+00   3.465528e-14   1.931689e-03   2.777767e-15   192
  2.050154e+00   3.909633e-14   1.434383e-03   2.285390e-15   288
  2.057204e+00   4.034241e-14   0.000000e+00   7.710263e-15   24
  2.062650e+00   3.108971e-14   1.889681e-03   1.530253e-15   456
  2.072499e+00   3.960836e-14   0.000000e+00   6.201346e-15   48
  2.078585e+00   3.453259e-14   1.861260e-03   2.299835e-15   240
  2.085579e+00   3.186197e-14   1.881013e-03   2.515785e-15   216
  2.091461e+00   4.457000e-14   0.000000e+00   4.838174e-15   72
  2.095233e+00   3.404643e-14   6.498988e-08   2.680494e-15   168
  2.105882e+00   3.281853e-14   1.398129e-03   1.916252e-15   288
  2.111855e+00   3.128158e-14   1.849965e-03   1.981040e-15   168
  2.121448e+00   2.887388e-14   0.000000e+00   1.981111e-15   192
  2.125166e+00   2.716908e-14   2.397687e-08   2.477874e-15   144
  2.132584e+00   4.085084e-14   2.397687e-08   5.266002e-15   36
  2.138874e+00   2.737546e-14   1.689411e-03   1.486764e-15   342
  2.144889e+00   3.875471e-14   1.734820e-03   3.713385e-15   144
  2.152621e+00   3.580711e-14   1.819392e-03   2.091369e-15   384
  2.162000e+00   3.909021e-14   4.983500e-08   2.964411e-15   120
  2.166643e+00   3.288772e-14   1.622368e-03   2.198200e-15   264
  2.172929e+00   3.430830e-14   8.042088e-08   2.416298e-15   192
  2.178848e+00   3.010589e-14   1.748412e-03   2.190198e-15   152
  2.183802e+00   2.597923e-14   4.795375e-08   1.950051e-15   144
  2.194222e+00   3.100380e-14   1.131589e-03   1.916856e-15   216
  2.199045e+00   3.193946e-14   1.512105e-03   1.820972e-15   312
  2.207535e+00   2.449659e-14   1.752500e-03   1.604911e-15   240
  2.212538e+00   2.715671e-14   2.543132e-08   3.035123e-15   96
  2.222033e+00   2.371700e-14   1.675517e-03   2.098656e-15   144
  2.227885e+00   2.685401e-14   1.646885e-03   1.367009e-15   456
  2.237379e+00   3.583066e-14   0.000000e+00   2.433171e-15   120
  2.240905e+00   2.572435e-14   0.000000e+00   2.135421e-15   144
  2.247941e+00   2.986323e-14   3.596531e-08   7.736112e-15   24
  2.252452e+00   2.188848e-14   1.583038e-03   1.342173e-15   336
  2.260253e+00   2.834603e-14   1.745876e-03   1.979790e-15   198
  2.267563e+00   2.471658e-14   1.697764e-03   1.131071e-15   432
  2.275867e+00   3.573551e-14   5.086263e-08   4.755186e-15   48
  2.280199e+00   2.776160e-14   1.498832e-03   1.517635e-15   384
  2.287976e+00   2.336478e-14   1.725473e-03   1.561675e-15   144
  2.295024e+00   3.014061e-14   1.713168e-03   2.072048e-15   264
  2.303454e+00   4.047358e-14   0.000000e+00   5.040426e-15   48
  2.309110e+00   2.523883e-14   1.628943e-03   1.544046e-15   276
  2.314567e+00   2.455738e-14   1.476593e-03   1.986111e-15   192
  2.321860e+00   2.436680e-14   1.659366e-03   1.126173e-15   552
  2.330715e+00   2.608165e-14   4.069010e-08   2.242510e-15   120
  2.335978e+00   2.214271e-14   1.679687e-03   1.516709e-15   216
  2.340855e+00   2.366762e-14   4.069010e-08   2.151973e-15   120
  2.349569e+00   2.861148e-14   1.654080e-03   1.365785e-15   408
  2.357660e+00   2.887529e-14   3.596531e-08   4.977761e-15   24
  2.362678e+00   2.153862e-14   1.670919e-03   1.081506e-15   384
  2.369685e+00   2.361866e-14   1.632547e-03   1.767075e-15   240
  2.375770e+00   2.149325e-14   1.644502e-03   1.610858e-15   168
  2.384301e+00   2.691094e-14   0.000000e+00   2.417696e-15   120
  2.389801e+00   2.349173e-14   1.714308e-03   1.225813e-15   350
  2.398744e+00   2.214188e-14   2.822081e-03   1.107166e-15   384
  2.404088e+00   2.172975e-14   0.000000e+00   1.832234e-15   144
  2.413921e+00   2.204775e-14   3.390842e-08   1.142906e-15   288
  2.419055e+00   2.272072e-14   1.615394e-03   1.274225e-15   336
  2.426039e+00   1.858540e-14   1.470682e-03   1.546665e-15   168
  2.430220e+00   2.458466e-14   9.639558e-08   1.407001e-15   336
  2.438868e+00   2.092059e-14   1.526480e-03   1.319236e-15   288
  2.444062e+00   2.351226e-14   1.438335e-03   1.620659e-15   264
  2.452858e+00   1.929726e-14   0.000000e+00   1.302419e-15   240
  2.456075e+00   1.592931e-14   0.000000e+00   1.552354e-15   96
  2.467620e+00   2.238338e-14   1.956039e-03   1.194863e-15   360
  2.473008e+00   2.010192e-14   1.441936e-03   1.417755e-15   168
  2.479816e+00   2.154123e-14   1.571860e-03   1.158221e-15   456
  2.488014e+00   2.012747e-14   4.521123e-08   1.786010e-15   108
  2.492626e+00   1.731461e-14   1.577159e-03   1.093663e-15   264
  2.498378e+00   2.020784e-14   1.407083e-03   1.175244e-15   264
  2.506256e+00   1.688164e-14   1.327788e-03   9.597656e-16   312
  2.516065e+00   1.952422e-14   9.866910e-04   1.105189e-15   270
  2.520176e+00   1.905578e-14   1.252729e-03   1.304379e-15   240
  2.527567e+00   2.399468e-14   1.549783e-03   1.399044e-15   384
  2.532054e+00   2.023616e-14   5.086263e-08   1.498812e-15   192
  2.540769e+00   1.862577e-14   1.243495e-03   1.063615e-15   240
  2.545825e+00   1.851761e-14   1.534673e-03   8.668369e-16   336
  2.555333e+00   1.917044e-14   1.544942e-03   8.978431e-16   480
  2.563047e+00   2.071676e-14   3.390842e-08   2.089258e-15   72
  2.567356e+00   1.727994e-14   1.506459e-03   1.009733e-15   240
  2.573216e+00   1.960642e-14   1.415865e-03   1.163248e-15   312
  2.579934e+00   2.049483e-14   1.530210e-03   1.640576e-15   240
  2.590086e+00   1.798574e-14   1.162564e-03   9.951328e-16   408
  2.594104e+00   1.848528e-14   1.064628e-03   9.732168e-16   336
  2.601958e+00   1.741107e-14   1.351816e-03   1.205707e-15   264
  2.605818e+00   1.781138e-14   0.000000e+00   1.676802e-15   144
  2.616557e+00   1.709071e-14   1.873697e-03   8.418647e-16   464
  2.622215e+00   1.860630e-14   1.489973e-03   1.520012e-15   168
  2.627801e+00   1.831076e-14   1.357041e-03   1.308721e-15   336
  2.637897e+00   1.785306e-14   1.425837e-03   7.827554e-16   414
  2.643588e+00   1.732516e-14   1.484211e-03   1.236948e-15   216
  2.650879e+00   1.985309e-14   3.596531e-08   2.003638e-15   96
  2.653856e+00   1.668742e-14   8.809666e-08   7.581693e-16   384
  2.664284e+00   1.884422e-14   1.481344e-03   8.444117e-16   492
  2.669873e+00   1.972974e-14   1.448627e-03   1.161109e-15   240
  2.676189e+00   1.714970e-14   1.470864e-03   9.508012e-16   312
  2.684913e+00   1.391508e-14   1.470380e-03   8.319935e-16   192
  2.690439e+00   1.634742e-14   1.424976e-03   7.375544e-16   504
  2.697770e+00   1.686397e-14   9.433586e-04   8.673634e-16   408
  2.703542e+00   1.875814e-14   2.890096e-03   1.561024e-15   168
  2.710765e+00   1.788216e-14   1.372821e-03   1.000757e-15   288
  2.716826e+00   1.616604e-14   1.432656e-03   9.757087e-16   288
  2.723035e+00   1.656754e-14   1.440903e-03   9.604801e-16   432
  2.732042e+00   1.716151e-14   1.362614e-03   1.112325e-15   216
  2.736854e+00   1.530277e-14   1.359739e-03   7.593498e-16   360
  2.745421e+00   1.570475e-14   1.327092e-03   8.729584e-16   312
  2.753154e+00   1.556671e-14   0.000000e+00   2.096121e-15   48
  2.757611e+00   1.490084e-14   1.422834e-03   6.881002e-16   432
  2.765594e+00   1.430249e-14   2.373302e-03   7.362210e-16   414
  2.770308e+00   1.498649e-14   5.421333e-08   8.586899e-16   312
  2.779102e+00   1.471650e-14   2.082441e-03   6.691697e-16   528
  2.785037e+00   1.530216e-14   1.093105e-03   1.007906e-15   264
  2.792167e+00   1.608303e-14   1.296122e-03   7.155724e-16   480
  2.801483e+00   1.460730e-14   0.000000e+00   8.042436e-16   288
  2.805506e+00   1.640431e-14   1.392643e-03   1.214765e-15   168
  2.812867e+00   1.502906e-14   2.204550e-03   7.346425e-16   504
  2.821143e+00   1.542565e-14   3.390842e-08   1.422517e-15   144
  2.826350e+00   1.394609e-14   1.415850e-03   6.102055e-16   464
  2.834173e+00   1.277588e-14   2.077839e-03   6.184053e-16   432
  2.837886e+00   1.796434e-14   3.596531e-08   1.346432e-15   192
  2.847481e+00   1.257017e-14   1.540373e-03   6.470617e-16   396
  2.853147e+00   1.208994e-14   1.383680e-03   7.258659e-16   288
  2.858874e+00   1.441941e-14   1.366839e-03   7.304633e-16   336
  2.868021e+00   1.417211e-14   8.655099e-04   8.469561e-16   432
  2.873827e+00   1.331067e-14   2.243281e-03   6.421139e-16   360
  2.880345e+00   1.374560e-14   1.326934e-03   7.028498e-16   384
  2.889603e+00   1.506895e-14   1.171274e-03   1.116614e-15   198
  2.894063e+00   1.492600e-14   1.331357e-03   5.929279e-16   552
  2.902381e+00   1.325046e-14   1.863809e-03   7.071029e-16   432
  2.909325e+00   1.334317e-14   7.119285e-08   1.270053e-15   168
  2.915153e+00   1.519496e-14   2.310442e-03   8.966011e-16   480
  2.922863e+00   1.754633e-14   0.000000e+00   1.586664e-15   120
  2.926334e+00   1.340728e-14   1.887069e-03   7.634913e-16   336
  2.934802e+00   1.324739e-14   1.331298e-03   5.003606e-16   672
  2.943175e+00   1.358586e-14   1.936554e-03   6.373572e-16   528
  2.947075e+00   1.213734e-14   5.812872e-08   8.682942e-16   168
  2.956085e+00   1.235219e-14   2.160213e-03   6.115996e-16   456
  2.961583e+00   1.453508e-14   1.319260e-03   1.124309e-15   168
  2.967291e+00   1.257654e-14   1.316892e-03   5.395023e-16   504
  2.976778e+00   9.889218e-15   1.694638e-03   5.820674e-16   336
  2.982515e+00   1.144802e-14   1.221633e-03   6.711991e-16   312
  2.988879e+00   1.087782e-14   1.193619e-03   4.892276e-16   504
  2.997254e+00   1.260246e-14   8.281656e-04   6.237136e-16   432
  3.001192e+00   1.254741e-14   1.279790e-03   7.167531e-16   312
  3.009377e+00   1.191919e-14   1.311847e-03   5.858588e-16   384
  3.017923e+00   1.230480e-14   1.114566e-03   8.866733e-16   126
  3.023199e+00   1.316105e-14   1.956913e-03   6.192867e-16   492
  3.029938e+00   1.189243e-14   1.253405e-03   5.039545e-16   528
  3.038360e+00   1.124000e-14   1.273190e-03   5.352593e-16   480
  3.043581e+00   1.380472e-14   1.758905e-03   7.033693e-16   432
  3.051137e+00   1.188985e-14   1.383146e-03   7.320766e-16   440
  3.059913e+00   1.191034e-14   6.878330e-04   6.803884e-16   312
  3.063206e+00   9.753510e-15   1.030775e-03   4.507364e-16   480
  3.069960e+00   1.157405e-14   2.018238e-03   5.944668e-16   408
  3.079829e+00   1.289440e-14   1.208696e-03   6.658869e-16   360
  3.083998e+00   1.058679e-14   1.166348e-03   5.100213e-16   408
  3.091725e+00   9.160984e-15   1.186907e-03   4.346160e-16   456
  3.100425e+00   9.698289e-15   1.134390e-03   6.816855e-16   264
  3.105254e+00   1.143456e-14   1.231098e-03   5.432901e-16   384
  3.112283e+00   1.043600e-14   2.072640e-03   4.137787e-16   672
  3.120409e+00   1.122095e-14   1.239707e-03   7.911945e-16   240
  3.125099e+00   9.379095e-15   1.257992e-03   5.279656e-16   264
  3.131717e+00   8.945822e-15   1.551526e-03   3.594342e-16   624
  3.141593e+00   9.016646e-15   0.000000e+00   6.415305e-16   150
  3.145109e+00   1.101622e-14   1.738607e-03   4.964674e-16   600
  3.152524e+00   1.086232e-14   1.199942e-03   4.518768e-16   672
  3.160921e+00   9.741248e-15   1.128630e-03   5.463966e-16   336
  3.165599e+00   1.145360e-14   1.227621e-03   6.045912e-16   408
  3.173072e+00   1.069007e-14   1.224729e-03   6.566971e-16   408
  3.181385e+00   1.115485e-14   6.192886e-04   5.843274e-16   360
  3.186510e+00   1.051236e-14   2.273829e-03   5.986295e-16   456
  3.192699e+00   9.747733e-15   1.236522e-03   6.071159e-16   384
  3.200577e+00   9.311979e-15   1.141466e-03   4.804283e-16   348
  3.204835e+00   1.090256e-14   1.407202e-03   4.893137e-16   576
  3.212832e+00   9.891011e-15   1.158646e-03   4.575909e-16   504
  3.221013e+00   9.587514e-15   1.634203e-03   4.925999e-16   432
  3.228154e+00   9.594645e-15   2.223325e-03   4.459976e-16   576
  3.233247e+00   1.015513e-14   0.000000e+00   6.546799e-16   264
  3.241325e+00   8.870405e-15   1.769212e-03   3.302357e-16   768
  3.248351e+00   8.510456e-15   2.381921e-03   5.749702e-16   240
  3.253937e+00   1.079052e-14   2.100629e-03   8.189950e-16   192
  3.262073e+00   9.251321e-15   1.546319e-03   3.605464e-16   504
  3.268108e+00   9.919826e-15   2.083724e-03   4.826072e-16   590
  3.273894e+00   9.997606e-15   2.334698e-03   5.726234e-16   384
  3.281151e+00   9.281876e-15   1.951120e-03   4.421989e-16   504
  3.289911e+00   9.821456e-15   1.877651e-03   4.165364e-16   648
  3.298409e+00   7.933490e-15   5.099453e-04   4.034533e-16   504
  3.301835e+00   9.805653e-15   1.163281e-03   5.266403e-16   312
  3.307884e+00   8.207351e-15   1.676002e-03   4.734696e-16   576
  3.316189e+00   1.152763e-14   1.166339e-03   6.898628e-16   240
  3.321030e+00   7.868559e-15   1.178530e-03   3.734605e-16   552
  3.327882e+00   8.473324e-15   1.106612e-03   3.549526e-16   600
  3.337643e+00   8.333864e-15   1.351639e-03   3.529161e-16   600
  3.343511e+00   7.942495e-15   2.164544e-03   4.929351e-16   312
  3.349356e+00   9.490173e-15   1.885103e-03   4.256724e-16   480
  3.356656e+00   7.994912e-15   1.176123e-03   3.271278e-16   576
  3.363084e+00   8.309881e-15   1.893814e-03   4.632878e-16   408
  3.368787e+00   6.641539e-15   2.209222e-03   4.346962e-16   216
  3.376156e+00   8.034557e-15   1.692015e-03   3.787846e-16   516
  3.384050e+00   8.013714e-15   1.614354e-03   3.073753e-16   744
  3.392194e+00   9.907277e-15   1.078246e-03   5.014846e-16   462
  3.396796e+00   7.096856e-15   1.095881e-03   4.090753e-16   432
  3.403934e+00   8.758792e-15   1.016670e-03   3.825331e-16   648
  3.412327e+00   8.022783e-15   1.487578e-03   3.810741e-16   528
  3.419069e+00   8.298885e-15   1.791415e-03   3.897683e-16   600
  3.425805e+00   8.573091e-15   2.258506e-03   6.282075e-16   240
  3.432329e+00   8.165791e-15   1.729994e-03   3.426479e-16   720
  3.439912e+00   8.024219e-15   1.368738e-03   2.985415e-16   720
  3.448318e+00   7.273678e-15   0.000000e+00   6.094933e-16   144
  3.452742e+00   8.489437e-15   1.764713e-03   3.604020e-16   720
  3.459035e+00   8.207532e-15   1.058157e-03   5.086305e-16   384
  3.466913e+00   8.011458e-15   1.173023e-03   3.197261e-16   672
  3.474387e+00   8.155674e-15   2.053834e-03   4.271328e-16   336
  3.477957e+00   8.103462e-15   0.000000e+00   5.616421e-16   288
  3.486699e+00   7.059977e-15   1.625472e-03   2.956846e-16   776
  3.494792e+00   6.594733e-15   1.390838e-03   2.608181e-16   720
  3.501588e+00   6.720707e-15   1.120422e-03   3.167458e-16   432
  3.507024e+00   8.132921e-15   1.597303e-03   4.317491e-16   504
  3.513071e+00   6.835491e-15   1.119137e-03   3.027167e-16   528
  3.521533e+00   7.224126e-15   1.524759e-03   3.834993e-16   438
  3.528495e+00   7.897648e-15   1.774680e-03   3.563825e-16   624
  3.533741e+00   8.019252e-15   2.173744e-03   4.721779e-16   312
  3.540952e+00   8.298585e-15   1.171159e-03   3.491553e-16   696
  3.548410e+00   7.460595e-15   1.059686e-03   3.868377e-16   552
  3.556166e+00   7.451216e-15   8.198436e-04   4.213594e-16   516
  3.560964e+00   8.302955e-15   1.637576e-03   4.070795e-16   528
  3.566805e+00   5.960335e-15   1.064960e-03   2.798195e-16   528
  3.575102e+00   7.017415e-15   1.404467e-03   2.864475e-16   864
  3.580734e+00   7.366947e-15   1.923830e-03   3.932636e-16   408
  3.586372e+00   8.557517e-15   1.906039e-03   8.155912e-16   192
  3.594362e+00   6.272652e-15   1.577339e-03   2.693808e-16   720
  3.601108e+00   6.849644e-15   1.454384e-03   2.839948e-16   696
  3.609123e+00   6.896638e-15   1.570748e-03   3.077253e-16   720
  3.616456e+00   7.801095e-15   2.128961e-03   4.161089e-16   432
  3.620733e+00   6.104633e-15   1.253189e-03   3.650456e-16   264
  3.628427e+00   7.134883e-15   1.730599e-03   3.061408e-16   672
  3.635310e+00   6.415308e-15   1.771868e-03   3.710007e-16   600
  3.643477e+00   5.328481e-15   1.037427e-03   3.786053e-16   270
  3.647594e+00   6.410014e-15   1.561617e-03   3.535391e-16   528
  3.654138e+00   6.957462e-15   1.069340e-03   3.348250e-16   840
  3.663112e+00   7.965491e-15   2.044769e-03   3.537732e-16   888
  3.671403e+00   6.147509e-15   1.523504e-03   2.552406e-16   744
  3.678411e+00   6.591092e-15   7.828584e-04   3.913191e-16   456
  3.681896e+00   7.348025e-15   1.069824e-03   4.234589e-16   360
  3.687860e+00   6.316502e-15   9.269427e-04   3.904162e-16   384
  3.697011e+00   6.311502e-15   1.486807e-03   2.453463e-16   816
  3.703877e+00   5.959026e-15   2.157150e-03   2.403734e-16   824
  3.712223e+00   6.209176e-15   1.002746e-03   3.322322e-16   360
  3.716692e+00   6.345792e-15   1.479676e-03   2.918280e-16   624
  3.722842e+00   7.263437e-15   9.998850e-04   4.321464e-16   360
  3.731036e+00   6.388865e-15   1.360137e-03   2.354229e-16   876
  3.738436e+00   6.096332e-15   1.615436e-03   2.633218e-16   696
  3.745899e+00   5.810167e-15   1.043143e-03   3.453069e-16   336
  3.749811e+00   6.242124e-15   1.041971e-03   3.723452e-16   504
  3.756273e+00   6.179229e-15   1.051000e-03   3.401163e-16   672
  3.765859e+00   5.589193e-15   2.092296e-03   2.276323e-16   720
  3.772508e+00   6.632464e-15   1.580506e-03   3.021475e-16   774
  3.779846e+00   8.251099e-15   9.046409e-04   5.926745e-16   384
  3.783690e+00   6.548388e-15   1.740917e-03   3.606224e-16   528
  3.789655e+00   6.567448e-15   1.659191e-03   3.744172e-16   744
  3.799249e+00   6.780115e-15   1.368481e-03   2.834616e-16   768
  3.805620e+00   7.111163e-15   1.536223e-03   5.422851e-16   552
  3.813568e+00   6.064036e-15   1.674309e-03   3.003225e-16   696
  3.819481e+00   7.920359e-15   2.034577e-03   5.388994e-16   408
  3.824174e+00   6.508811e-15   8.789532e-04   3.402593e-16   504
  3.831615e+00   6.067620e-15   1.579007e-03   2.305205e-16   888
  3.838937e+00   5.692656e-15   1.641044e-03   2.854473e-16   648
  3.846547e+00   5.961829e-15   1.626978e-03   2.947021e-16   648
  3.853707e+00   5.853130e-15   1.754281e-03   2.705976e-16   792
  3.861291e+00   5.783760e-15   2.566633e-03   3.033814e-16   600
  3.866880e+00   5.021168e-15   1.739428e-03   2.735552e-16   456
  3.872762e+00   6.223778e-15   8.477229e-04   3.036103e-16   648
  3.880317e+00   5.594532e-15   1.653183e-03   2.235359e-16   936
  3.888474e+00   6.144940e-15   1.015268e-03   3.226678e-16   384
  3.895575e+00   6.353792e-15   0.000000e+00   6.847834e-16   198
  3.901055e+00   5.826953e-15   2.575821e-03   2.516422e-16   1224
  3.906966e+00   7.454972e-15   1.875990e-03   4.670352e-16   420
  3.913957e+00   5.503634e-15   1.815566e-03   2.117339e-16   792
  3.920793e+00   6.675659e-15   1.501318e-03   3.727326e-16   680
  3.928594e+00   6.373915e-15   1.378581e-03   3.724160e-16   600
  3.934870e+00   5.467782e-15   1.999321e-03   2.425143e-16   840
  3.943251e+00   6.225406e-15   9.439865e-04   3.614997e-16   432
  3.946454e+00   6.558294e-15   8.846397e-04   3.861307e-16   720
  3.953417e+00   5.594762e-15   1.771778e-03   2.182180e-16   960
  3.962077e+00   5.838792e-15   1.579411e-03   3.738540e-16   528
  3.968405e+00   5.521122e-15   1.614459e-03   2.968600e-16   624
  3.975938e+00   5.976114e-15   1.268954e-03   3.042134e-16   816
  3.983415e+00   5.668046e-15   2.086821e-03   2.701894e-16   696
  3.991678e+00   6.273968e-15   1.150890e-07   4.741675e-16   240
  3.994784e+00   5.681341e-15   1.230648e-03   3.345185e-16   672
  4.001719e+00   4.920716e-15   2.199344e-03   2.021245e-16   864
  4.009498e+00   4.610680e-15   1.687640e-03   1.850350e-16   816
  4.016509e+00   5.183259e-15   9.659469e-04   2.998654e-16   648
  4.024060e+00   5.750548e-15   9.873737e-04   2.356464e-16   843
  4.030471e+00   5.161015e-15   1.776528e-03   2.288976e-16   780
  4.038111e+00   5.661642e-15   9.532520e-04   5.546395e-16   216
  4.042823e+00   5.561879e-15   2.298663e-03   2.210038e-16   1056
  4.050071e+00   5.331565e-15   1.880564e-03   7.060348e-16   228
  4.056781e+00   5.561965e-15   2.341349e-03   2.425354e-16   924
  4.063670e+00   4.870460e-15   8.685094e-04   2.698387e-16   696
  4.070964e+00   5.269497e-15   1.545698e-03   1.923462e-16   996
  4.078428e+00   4.467487e-15   9.125493e-04   1.876690e-16   576
  4.086192e+00   4.974746e-15   1.408459e-03   3.404547e-16   552
  4.091852e+00   5.714848e-15   1.681651e-03   3.491755e-16   516
  4.097596e+00   5.594824e-15   2.445470e-03   2.263303e-16   744
  4.104159e+00   3.856822e-15   1.199649e-03   1.879233e-16   576
  4.109868e+00   4.454280e-15   1.234742e-03   1.924328e-16   792
  4.117982e+00   4.392055e-15   1.411539e-03   1.919469e-16   792
  4.123927e+00   5.139910e-15   1.522330e-03   2.293728e-16   720
  4.131968e+00   4.624482e-15   1.735107e-03   2.142194e-16   656
  4.139503e+00   4.315860e-15   1.894646e-03   1.664008e-16   816
  4.147227e+00   4.655825e-15   1.021561e-03   2.734728e-16   492
  4.151618e+00   4.647023e-15   1.469588e-03   2.475996e-16   552
  4.159858e+00   4.169892e-15   2.555435e-03   2.007596e-16   780
  4.165209e+00   4.101336e-15   1.569773e-03   2.142787e-16   528
  4.170975e+00   4.030353e-15   1.832403e-03   1.921662e-16   600
  4.179472e+00   4.646839e-15   1.522872e-03   1.780597e-16   900
  4.185329e+00   4.198807e-15   8.430879e-04   2.066102e-16   696
  4.193388e+00   4.109887e-15   2.131780e-03   2.061014e-16   696
  4.201183e+00   3.375461e-15   8.648430e-04   1.433635e-16   552
  4.207739e+00   4.264261e-15   1.005732e-03   2.406844e-16   708
  4.214606e+00   4.276163e-15   1.660522e-03   1.862440e-16   876
  4.221752e+00   4.969816e-15   8.817041e-04   4.245691e-16   216
  4.226547e+00   4.258844e-15   2.411580e-03   1.464327e-16   1032
  4.233729e+00   3.411233e-15   2.685028e-03   1.681178e-16   600
  4.241182e+00   3.279602e-15   1.281196e-03   2.204517e-16   600
  4.246868e+00   4.590686e-15   2.262472e-03   2.455538e-16   528
  4.253589e+00   3.712781e-15   1.241998e-03   1.726087e-16   732
  4.260669e+00   3.934211e-15   9.171027e-04   2.039578e-16   336
  4.268820e+00   3.538822e-15   1.307053e-03   1.433201e-16   912
  4.274911e+00   3.141782e-15   1.311885e-03   1.460572e-16   624
  4.281565e+00   3.554577e-15   1.105498e-03   1.522564e-16   768
  4.289333e+00   3.473313e-15   1.994537e-03   1.335287e-16   792
  4.296957e+00   3.738483e-15   9.888090e-04   1.823589e-16   660
  4.302382e+00   3.368171e-15   1.457169e-03   2.619166e-16   504
  4.307992e+00   3.236601e-15   2.380735e-03   1.435317e-16   480
  4.316401e+00   2.976852e-15   2.201870e-03   1.020562e-16   912
  4.322985e+00   3.824142e-15   2.452123e-03   2.458559e-16   432
  4.329203e+00   3.634500e-15   1.456013e-03   1.929200e-16   564
  4.334724e+00   3.450596e-15   1.393605e-03   1.715843e-16   600
  4.342496e+00   3.773670e-15   1.942553e-03   1.476387e-16   876
  4.348334e+00   3.663282e-15   8.734307e-04   2.413370e-16   264
  4.356382e+00   3.336412e-15   1.694799e-03   1.758248e-16   560
  4.362850e+00   3.061526e-15   1.151652e-03   1.156910e-16   840
  4.370702e+00   2.658684e-15   1.775516e-03   9.039420e-17   1008
  4.377963e+00   2.340123e-15   7.942467e-04   1.131601e-16   456
  4.384595e+00   3.307869e-15   1.028834e-03   1.625146e-16   576
  4.390725e+00   3.213690e-15   1.580913e-03   1.384658e-16   612
  4.398809e+00   2.978391e-15   1.412012e-03   1.220491e-16   780
  4.405404e+00   2.718073e-15   1.618102e-03   1.039721e-16   648
  4.412155e+00   2.507694e-15   7.540562e-04   1.483331e-16   312
  4.416470e+00   3.009095e-15   1.915933e-03   1.686512e-16   528
  4.423945e+00   2.765555e-15   2.502113e-03   1.017261e-16   720
  4.431093e+00   2.803476e-15   2.509948e-03   1.452198e-16   576
  4.439759e+00   2.727227e-15   2.165154e-03   1.483159e-16   444
  4.445151e+00   3.009771e-15   2.123318e-03   1.077504e-16   996
  4.451759e+00   2.893254e-15   1.773610e-03   1.639664e-16   432
  4.458005e+00   2.830015e-15   1.941754e-03   1.471071e-16   504
  4.463400e+00   2.369226e-15   8.754449e-04   1.118528e-16   504
  4.471082e+00   2.891043e-15   1.722886e-03   1.072425e-16   876
  4.478033e+00   2.728978e-15   1.982878e-03   1.435740e-16   504
  4.485271e+00   2.350823e-15   1.264576e-03   1.014502e-16   696
  4.491253e+00   2.711737e-15   1.081079e-03   1.363988e-16   492
  4.499392e+00   2.787977e-15   1.547618e-03   1.601081e-16   432
  4.505420e+00   2.753509e-15   1.449174e-03   1.089536e-16   768
  4.512567e+00   2.612811e-15   1.805141e-03   1.093687e-16   648
  4.519390e+00   2.167484e-15   1.177661e-03   8.988826e-17   456
  4.527231e+00   2.407317e-15   1.619475e-03   1.175294e-16   552
  4.532676e+00   2.405064e-15   1.109989e-03   1.130767e-16   648
  4.540170e+00   2.272631e-15   1.809220e-03   8.340963e-17   840
  4.547491e+00   2.331007e-15   8.627791e-04   1.112476e-16   432
  4.554820e+00   2.360669e-15   1.056757e-03   1.114437e-16   600
  4.559917e+00   2.348875e-15   1.125905e-03   1.218406e-16   432
  4.568479e+00   2.228631e-15   1.120948e-03   9.089875e-17   560
  4.574277e+00   1.980646e-15   1.774344e-03   7.629268e-17   840
  4.581537e+00   2.276027e-15   1.050970e-03   1.087757e-16   504
  4.587303e+00   2.081887e-15   2.144966e-03   8.831966e-17   696
  4.595432e+00   2.204323e-15   1.171504e-03   1.260684e-16   384
  4.601763e+00   2.130527e-15   1.716116e-03   8.673777e-17   576
  4.609420e+00   2.424532e-15   1.059101e-03   1.683043e-16   360
  4.615593e+00   2.273013e-15   1.577258e-03   8.672981e-17   828
  4.622251e+00   1.881257e-15   1.404841e-03   1.065181e-16   372
  4.628352e+00   2.284948e-15   2.145462e-03   1.203591e-16   576
  4.636434e+00   2.268989e-15   8.985170e-04   8.482969e-17   636
  4.642192e+00   2.099133e-15   1.732109e-03   1.005051e-16   648
  4.649981e+00   1.897017e-15   1.408015e-03   8.592605e-17   576
  4.655573e+00   1.754244e-15   2.271277e-03   8.362887e-17   528
  4.663010e+00   2.018551e-15   9.710647e-04   1.091705e-16   360
  4.669165e+00   1.999389e-15   2.233813e-03   7.765066e-17   672
  4.677203e+00   2.002682e-15   1.144196e-03   7.532961e-17   804
  4.683893e+00   2.225697e-15   1.262185e-03   1.154662e-16   408
  4.691293e+00   2.048570e-15   7.801673e-04   1.153245e-16   384
  4.696276e+00   1.729231e-15   1.785323e-03   9.431796e-17   480
  4.703304e+00   1.924188e-15   1.153580e-03   1.096190e-16   432
  4.710045e+00   2.309718e-15   2.125802e-03   1.010940e-16   648
  4.718024e+00   1.922374e-15   1.319050e-03   7.309597e-17   624
  4.723861e+00   1.974041e-15   1.199787e-03   9.062491e-17   456
  4.731831e+00   1.850315e-15   1.639016e-03   7.948860e-17   588
  4.737172e+00   1.899346e-15   1.045685e-03   8.021437e-17   600
  4.744970e+00   1.875418e-15   1.631013e-03   8.400705e-17   708
  4.751130e+00   2.084704e-15   1.027507e-03   1.219556e-16   360
  4.757936e+00   1.700608e-15   1.181146e-03   8.347853e-17   552
  4.764461e+00   1.611153e-15   8.286020e-04   1.061152e-16   288
  4.771085e+00   1.860023e-15   1.557998e-03   8.708032e-17   528
  4.777309e+00   2.049777e-15   1.051098e-03   9.746022e-17   456
  4.784262e+00   1.794200e-15   1.863824e-03   9.045461e-17   608
  4.791256e+00   1.625968e-15   9.017389e-04   7.619922e-17   504
  4.798898e+00   1.436250e-15   1.935982e-03   6.619994e-17   540
  4.804891e+00   2.029490e-15   2.078222e-03   1.219933e-16   360
  4.811350e+00   1.742155e-15   9.411255e-04   8.042332e-17   540
  4.817063e+00   1.603604e-15   8.080679e-04   7.071657e-17   576
  4.825371e+00   1.580261e-15   1.873635e-03   6.335971e-17   588
  4.833270e+00   1.640269e-15   2.585051e-03   7.469756e-17   672
  4.840056e+00   1.916839e-15   1.975777e-03   9.006036e-17   552
  4.845526e+00   1.509339e-15   1.976776e-03   1.227778e-16   144
  4.852507e+00   1.560088e-15   1.679474e-03   6.034386e-17   600
  4.859125e+00   1.305161e-15   2.104747e-03   6.976776e-17   504
  4.866470e+00   1.402681e-15   2.162000e-03   9.276974e-17   336
  4.874196e+00   1.481157e-15   2.430098e-03   6.494443e-17   600
  4.881116e+00   1.537910e-15   1.568306e-03   7.216763e-17   636
  4.888585e+00   1.442888e-15   1.260932e-03   8.087621e-17   384
  4.893821e+00   1.563503e-15   1.758851e-03   7.250799e-17   504
  4.901368e+00   1.628437e-15   7.381651e-04   9.657952e-17   240
  4.907324e+00   1.659408e-15   1.734055e-03   6.246086e-17   744
  4.914470e+00   1.440641e-15   1.184096e-03   5.518821e-17   648
  4.920821e+00   2.154390e-15   7.860381e-04   1.943365e-16   120
  4.928265e+00   1.346565e-15   1.234764e-03   5.931850e-17   564
  4.933890e+00   1.587949e-15   1.939271e-03   7.909861e-17   432
  4.941396e+00   1.352784e-15   1.505258e-03   6.668445e-17   480
  4.947049e+00   1.269826e-15   1.107908e-03   5.411917e-17   456
  4.953721e+00   1.526416e-15   1.833424e-03   7.754292e-17   444
  4.961293e+00   1.279130e-15   2.805235e-03   5.799330e-17   528
  4.967944e+00   1.536973e-15   2.083390e-03   1.024469e-16   264
  4.974399e+00   1.343733e-15   2.135165e-03   6.847165e-17   444
  4.983082e+00   1.421812e-15   2.338759e-03   5.237592e-17   696
  4.990289e+00   1.334434e-15   1.250847e-03   7.344411e-17   384
  4.995560e+00   1.414433e-15   1.580550e-03   7.340981e-17   432
  5.003759e+00   1.431597e-15   1.092086e-03   6.810202e-17   488
  5.009082e+00   1.383278e-15   1.645909e-03   6.384946e-17   480
  5.016800e+00   1.273988e-15   1.835529e-03   6.891348e-17   480
  5.022777e+00   1.188642e-15   7.701318e-04   7.782326e-17   240
  5.029563e+00   1.403614e-15   1.798967e-03   6.160708e-17   600
  5.035964e+00   1.127981e-15   1.567616e-03   7.123958e-17   288
  5.042780e+00   1.435340e-15   1.507931e-03   7.283070e-17   480
  5.049682e+00   1.095649e-15   2.682341e-03   5.483609e-17   504
  5.056479e+00   1.227822e-15   1.150891e-03   9.214637e-17   216
  5.065146e+00   1.218477e-15   1.884192e-03   5.501993e-17   504
  5.071897e+00   1.212788e-15   1.515464e-03   6.319705e-17   456
  5.079286e+00   1.334367e-15   8.691442e-04   8.962199e-17   384
  5.084180e+00   1.391994e-15   1.764049e-03   7.368098e-17   480
  5.091134e+00   1.348340e-15   1.549032e-03   7.489674e-17   504
  5.097578e+00   1.265032e-15   9.826093e-04   8.469141e-17   312
  5.104521e+00   1.303121e-15   1.583441e-03   6.301990e-17   492
  5.110667e+00   1.399679e-15   1.484108e-03   8.621798e-17   312
  5.118579e+00   1.071934e-15   2.410815e-03   5.732465e-17   576
  5.125543e+00   1.162278e-15   2.225378e-03   6.016050e-17   336
  5.131328e+00   9.348123e-16   1.713438e-03   6.400217e-17   240
  5.139346e+00   1.169277e-15   2.271584e-03   5.651269e-17   468
  5.146270e+00   1.105964e-15   1.422340e-03   7.565156e-17   192
  5.153517e+00   1.041799e-15   1.426580e-03   6.490518e-17   324
  5.158828e+00   1.123066e-15   1.035388e-03   5.214214e-17   600
  5.166066e+00   1.329014e-15   1.679811e-03   6.012687e-17   456
  5.171442e+00   1.194743e-15   7.555789e-04   6.831480e-17   336
  5.180350e+00   1.229454e-15   2.262417e-03   5.210048e-17   612
  5.186832e+00   1.007669e-15   1.898719e-03   9.284776e-17   144
  5.192961e+00   1.377657e-15   2.216292e-03   6.696929e-17   552
  5.201296e+00   1.002571e-15   8.728032e-04   6.644626e-17   264
  5.206006e+00   1.095320e-15   2.020762e-03   6.826725e-17   336
  5.213435e+00   9.319832e-16   1.335250e-03   5.767229e-17   384
  5.219878e+00   1.211179e-15   7.516140e-04   9.037518e-17   216
  5.227010e+00   9.545085e-16   1.593577e-03   5.742088e-17   344
  5.233513e+00   1.018422e-15   2.377692e-03   5.285262e-17   408
  5.241438e+00   9.557750e-16   1.827101e-03   6.718490e-17   264
  5.248460e+00   1.099799e-15   2.547069e-03   5.144385e-17   612
  5.255476e+00   1.248476e-15   1.310917e-03   6.454019e-17   408
  5.262692e+00   1.025652e-15   1.312801e-03   5.539834e-17   444
  5.267993e+00   1.583121e-15   7.342396e-04   1.429740e-16   120
  5.275096e+00   1.155247e-15   2.028570e-03   7.510521e-17   336
  5.280368e+00   9.535324e-16   7.049199e-04   5.850790e-17   288
  5.287493e+00   9.256665e-16   2.193723e-03   4.470874e-17   552
  5.297288e+00   1.299505e-15   0.000000e+00   1.684671e-16   72
  5.302324e+00   1.015734e-15   2.178926e-03   4.849156e-17   504
  5.308207e+00   8.459636e-16   7.011571e-04   5.026884e-17   216
  5.315829e+00   9.360918e-16   1.251868e-03   7.771209e-17   312
  5.322672e+00   7.766563e-16   1.425448e-03   4.393134e-17   336
  5.329194e+00   9.634715e-16   1.975831e-03   7.161418e-17   204
  5.335689e+00   1.145153e-15   2.296216e-03   5.610087e-17   504
  5.342577e+00   1.191731e-15   2.186657e-03   6.971707e-17   396
  5.349201e+00   1.199450e-15   2.005279e-03   7.708987e-17   312
  5.357232e+00   1.209332e-15   1.225440e-03   9.043876e-17   216
  5.362890e+00   9.776258e-16   6.650698e-04   7.692121e-17   168
  5.369766e+00   9.241880e-16   1.679338e-03   3.959428e-17   588
  5.377613e+00   7.571725e-16   2.279505e-03   5.107820e-17   240
  5.383710e+00   9.036613e-16   2.013185e-03   8.043335e-17   264
  5.390860e+00   9.560712e-16   2.489717e-03   7.022211e-17   288
  5.397204e+00   9.956743e-16   1.243261e-03   5.964118e-17   288
  5.405244e+00   8.368916e-16   1.167620e-03   5.578031e-17   288
  5.410658e+00   8.097416e-16   1.352591e-03   5.119202e-17   192
  5.417469e+00   7.649444e-16   1.439292e-03   4.658337e-17   264
  5.423957e+00   1.089662e-15   2.367436e-03   5.507721e-17   372
  5.430940e+00   1.069994e-15   2.556933e-03   6.205965e-17   360
  5.439463e+00   1.041317e-15   1.082118e-03   7.646589e-17   144
  5.443868e+00   9.279187e-16   1.503015e-03   8.417602e-17   296
  5.450821e+00   7.892921e-16   1.619421e-03   4.886764e-17   288
  5.458782e+00   8.991259e-16   2.420184e-03   3.874531e-17   480
  5.465649e+00   8.041118e-16   2.010942e-03   6.367121e-17   192
  5.472326e+00   8.700706e-16   2.157009e-03   6.375853e-17   192
  5.478395e+00   7.639453e-16   1.374687e-03   5.485125e-17   288
  5.486835e+00   6.888721e-16   1.196646e-03   7.573802e-17   108
  5.491087e+00   9.929734e-16   1.150429e-03   6.678421e-17   240
  5.498595e+00   7.330732e-16   2.146152e-03   4.521580e-17   384
  5.506307e+00   1.033549e-15   2.618062e-03   9.866617e-17   108
  5.513127e+00   1.067988e-15   1.535018e-03   6.794822e-17   348
  5.520298e+00   9.682890e-16   1.602006e-03   7.550585e-17   312
  5.526703e+00   1.081769e-15   1.556684e-03   9.620405e-17   96
  5.532593e+00   8.453205e-16   2.072444e-03   5.063737e-17   384
  5.539190e+00   8.921838e-16   1.425422e-03   9.279429e-17   144
  5.545642e+00   8.204981e-16   2.190224e-03   4.637800e-17   408
  5.553663e+00   7.574346e-16   9.769946e-04   8.061167e-17   144
  5.561240e+00   7.323565e-16   1.878283e-03   6.641540e-17   192
  5.565734e+00   1.047713e-15   2.114042e-03   8.083951e-17   144
  5.573059e+00   5.894193e-16   1.718794e-03   5.532947e-17   144
  5.579969e+00   7.905529e-16   2.100644e-03   4.308958e-17   336
  5.588433e+00   7.252688e-16   1.554210e-03   4.215555e-17   240
  5.593800e+00   6.377032e-16   7.057532e-04   8.312794e-17   96
  5.601284e+00   8.234735e-16   2.069634e-03   5.326774e-17   372
  5.608856e+00   7.145956e-16   2.461786e-03   6.170644e-17   132
  5.615507e+00   6.613298e-16   1.523323e-03   4.462789e-17   264
  5.621457e+00   7.800655e-16   1.169843e-03   6.714904e-17   168
  5.627807e+00   7.997355e-16   1.870354e-03   7.257052e-17   216
  5.633417e+00   7.271686e-16   1.144306e-03   5.465015e-17   216
  5.641586e+00   6.536612e-16   2.099325e-03   5.500764e-17   96
  5.648999e+00   7.370956e-16   1.369618e-03   9.980766e-17   120
  5.655797e+00   7.007056e-16   1.741170e-03   5.766929e-17   216
  5.661397e+00   6.842128e-16   7.608972e-04   4.896306e-17   200
  5.668812e+00   7.053004e-16   1.969636e-03   4.841105e-17   288
  5.678322e+00   4.676915e-16   5.182495e-04   3.373025e-17   144
  5.682326e+00   6.964663e-16   1.612761e-03   7.121012e-17   168
  5.690504e+00   5.959164e-16   1.815012e-03   5.548901e-17   159
  5.696887e+00   6.572831e-16   1.904384e-03   5.838729e-17   174
  5.703065e+00   7.364462e-16   1.726829e-03   6.368282e-17   144
  5.711154e+00   6.280221e-16   9.971188e-04   4.389514e-17   222
  5.716564e+00   5.749916e-16   1.006181e-03   4.344968e-17   168
  5.725909e+00   7.333209e-16   2.206942e-03   1.079748e-16   30
  5.729769e+00   4.809532e-16   1.948567e-03   6.757427e-17   72
  5.737039e+00   6.454388e-16   1.739073e-03   4.743337e-17   258
  5.745032e+00   6.154158e-16   1.089226e-03   3.802719e-17   264
  5.749029e+00   6.562937e-16   1.174622e-07   9.193226e-17   72
  5.757357e+00   3.941085e-16   2.158892e-03   2.916519e-17   174
  5.764898e+00   5.450192e-16   2.298822e-03   4.410115e-17   168
  5.770961e+00   5.424569e-16   7.193062e-08   5.730268e-17   48
  5.777470e+00   4.558022e-16   1.298199e-03   3.543061e-17   150
  5.785016e+00   6.585021e-16   2.388130e-03   5.399338e-17   168
  5.792583e+00   5.121488e-16   1.454738e-03   4.698988e-17   144
  5.799541e+00   5.650833e-16   1.359056e-03   4.553826e-17   102
  5.804724e+00   5.376039e-16   2.011636e-03   5.798222e-17   96
  5.812948e+00   4.494512e-16   1.996414e-03   4.169016e-17   120
  5.819038e+00   5.780129e-16   2.141206e-03   4.186689e-17   168
  5.825625e+00   8.512109e-16   1.581111e-03   7.890246e-17   126
  5.831237e+00   6.171337e-16   1.192474e-03   4.793695e-17   168
  5.838969e+00   4.892822e-16   1.912134e-03   5.693481e-17   72
  5.845726e+00   5.027609e-16   2.394418e-03   3.307851e-17   168
  5.851646e+00   5.677213e-16   6.564276e-04   5.708565e-17   78
  5.859757e+00   5.211766e-16   1.077805e-03   6.392686e-17   60
  5.866288e+00   7.124879e-16   1.748374e-03   6.980971e-17   96
  5.873062e+00   5.004972e-16   2.121507e-03   3.061464e-17   168
  5.879428e+00   4.506334e-16   1.342407e-03   4.685672e-17   86
  5.886107e+00   4.181759e-16   1.199794e-03   3.477009e-17   120
  5.895681e+00   4.743270e-16   8.556122e-04   3.351519e-17   168
  5.900844e+00   5.083755e-16   0.000000e+00   6.197665e-17   48
  5.907798e+00   6.445739e-16   1.558833e-03   5.111163e-17   120
  5.911793e+00   5.021417e-16   1.137231e-03   4.179647e-17   126
  5.921548e+00   5.426445e-16   2.000073e-03   6.606891e-17   96
  5.927878e+00   4.525079e-16   5.767223e-04   3.615647e-17   96
  5.932871e+00   5.769239e-16   6.781684e-08   6.830750e-17   72
  5.943508e+00   3.778807e-16   7.193062e-08   5.990529e-17   24
  5.950147e+00   6.011800e-16   1.186881e-03   7.833037e-17   120
  5.955326e+00   5.253469e-16   1.731294e-03   4.640229e-17   126
  5.961084e+00   4.155774e-16   1.443268e-03   3.689265e-17   96
  5.967813e+00   3.413440e-16   2.494389e-03   4.311450e-17   72
  5.975306e+00   4.434336e-16   1.078907e-03   3.183453e-17   144
  5.981469e+00   4.445502e-16   6.222882e-04   6.384085e-17   72
  5.987626e+00   4.291201e-16   1.242932e-03   4.428611e-17   54
  5.993045e+00   4.118513e-16   1.095319e-03   4.929576e-17   108
  6.004306e+00   2.993518e-16   1.073696e-03   2.881426e-17   72
  6.007812e+00   4.020671e-16   6.195595e-04   5.374964e-17   72
  6.016129e+00   4.695303e-16   1.245875e-07   1.092252e-16   24
  6.023999e+00   3.129542e-16   1.310705e-03   3.931095e-17   48
  6.028777e+00   4.313434e-16   9.984188e-04   4.376663e-17   102
  6.035970e+00   4.019522e-16   2.258008e-03   3.072205e-17   168
  6.045369e+00   3.280671e-16   1.231465e-03   2.865802e-17   72
  6.048851e+00   4.415231e-16   0.000000e+00   7.214447e-17   48
  6.056156e+00   5.486398e-16   2.118194e-03   5.443971e-17   120
  6.065796e+00   4.196008e-16   1.301673e-03   3.945378e-17   96
  6.074901e+00   3.825709e-16   1.150890e-07   5.400159e-17   30
  6.085723e+00   4.578973e-16   6.115837e-04   5.505459e-17   72
  6.090478e+00   4.410691e-16   7.193062e-08   6.622795e-17   24
  6.096586e+00   3.565487e-16   9.065181e-04   3.517381e-17   56
  6.103428e+00   3.184038e-16   1.293647e-03   2.848448e-17   96
  6.111616e+00   2.724259e-16   1.428503e-03   2.463602e-17   144
  6.117928e+00   3.872953e-16   8.110480e-04   4.642875e-17   54
  6.127099e+00   2.977287e-16   1.215036e-03   2.819108e-17   108
  6.136327e+00   4.552847e-16   6.433558e-04   6.072703e-17   48
  6.145113e+00   5.185419e-16   2.422440e-03   5.996911e-17   72
  6.166195e+00   3.958046e-16   1.600514e-03   4.865028e-17   78
  6.172037e+00   3.916036e-16   1.206188e-03   3.915256e-17   72
  6.178856e+00   4.141741e-16   1.204690e-03   4.863819e-17   72
  6.185986e+00   4.517307e-16   2.907051e-03   5.109684e-17   96
  6.191621e+00   3.308401e-16   1.202207e-03   3.671516e-17   72
  6.198419e+00   3.314397e-16   0.000000e+00   4.785047e-17   24
  6.205208e+00   3.164393e-16   2.398986e-03   3.200333e-17   72
  6.220544e+00   4.415581e-16   1.523430e-03   5.820477e-17   30
  6.223843e+00   3.773132e-16   0.000000e+00   4.340980e-17   24
  6.241578e+00   2.998941e-16   1.265014e-03   4.102289e-17   48
  6.247142e+00   3.745274e-16   2.722309e-03   2.512123e-17   120
  6.254637e+00   4.563492e-16   1.190257e-03   5.431359e-17   72
  6.262206e+00   3.059063e-16   1.188818e-03   3.579422e-17   36
  6.267409e+00   2.923371e-16   2.349657e-03   2.696172e-17   78
  6.281928e+00   3.937865e-16   1.256888e-03   5.706180e-17   48
  6.300754e+00   2.618308e-16   1.017253e-07   5.147144e-17   24
  6.314166e+00   3.112037e-16   8.752715e-04   4.541343e-17   56
  6.320919e+00   2.504170e-16   1.346877e-03   2.521534e-17   102
  6.329510e+00   3.092243e-16   9.590750e-08   2.985059e-17   72
  6.334498e+00   4.379032e-16   7.193062e-08   7.491004e-17   24
  6.343217e+00   2.782057e-16   1.244744e-03   2.820692e-17   48
  6.359378e+00   5.665192e-16   0.000000e+00   1.655606e-16   24
  6.379213e+00   2.890451e-16   0.000000e+00   9.625768e-17   6
  6.385398e+00   3.480446e-16   0.000000e+00   6.043129e-17   24
  6.389518e+00   3.917791e-16   1.165127e-03   3.062644e-17   72
  6.397046e+00   3.179867e-16   2.173655e-03   2.667715e-17   84
  6.405152e+00   5.208106e-16   0.000000e+00   8.897739e-17   24
  6.407617e+00   3.743011e-16   1.017253e-07   6.924392e-17   24
  6.419927e+00   2.778383e-16   1.245875e-07   5.649770e-17   24
  6.437123e+00   5.179131e-16   0.000000e+00   1.433229e-16   6
  6.459163e+00   2.723475e-16   1.222400e-03   4.021295e-17   48
  6.464458e+00   3.478574e-16   2.302802e-03   3.394260e-17   72
  6.471376e+00   2.600379e-16   1.220094e-03   3.379059e-17   48
  6.482347e+00   3.807345e-16   0.000000e+00   7.597107e-17   24
  6.496947e+00   2.882651e-16   0.000000e+00   9.855229e-17   6
  6.529678e+00   6.069302e-16   0.000000e+00   2.165320e-16   8
  6.532096e+00   2.844335e-16   7.193062e-08   3.162955e-17   48
  6.537895e+00   2.220592e-16   1.183236e-03   3.479191e-17   60
  6.546585e+00   2.070886e-16   0.000000e+00   5.453311e-17   24
  6.558634e+00   6.909094e-17   0.000000e+00   2.925329e-17   6
  6.603027e+00   4.858797e-16   0.000000e+00   6.323229e-17   24
  6.606613e+00   4.371479e-16   1.195118e-03   4.997624e-17   48
  6.612586e+00   3.266000e-16   0.000000e+00   4.357960e-17   24
  6.622132e+00   1.017306e-16   0.000000e+00   2.109506e-17   6
  6.676359e+00   2.573260e-16   1.114931e-03   3.614299e-17   36
  6.680300e+00   3.338135e-16   0.000000e+00   5.411226e-17   24
  6.687387e+00   2.530549e-16   0.000000e+00   3.852196e-17   6
  6.749089e+00   4.299801e-16   1.013241e-03   6.709544e-17   32
  6.754351e+00   5.133291e-16   0.000000e+00   5.219879e-17   6
  6.820657e+00   2.092344e-16   0.000000e+00   3.405600e-17   12
  6.822972e+00   5.161512e-16   0.000000e+00   2.279796e-16   6
  6.893201e+00   2.712057e-16   0.000000e+00   5.477848e-17   6
