# power spectrum of zeta (dimensionless)
# redshift z=96.078047
# k              Pk             sigma(k)       sigma(Pk)      count
  1.256637e-01   3.535003e-13   0.000000e+00   1.547373e-13   6
  1.777153e-01   1.448604e-13   0.000000e+00   3.121347e-14   12
  2.176559e-01   6.659217e-14   2.384186e-09   1.431883e-14   8
  2.513274e-01   1.268817e-13   0.000000e+00   1.981466e-14   6
  2.809926e-01   3.245440e-13   4.495664e-09   8.264056e-14   24
  3.078120e-01   9.666021e-14   4.495664e-09   2.003758e-14   24
  3.554306e-01   7.156880e-14   0.000000e+00   2.143146e-14   12
  3.769911e-01   5.421588e-13   5.086263e-09   3.370856e-13   30
  3.973835e-01   3.486699e-13   0.000000e+00   4.404132e-14   24
  4.167794e-01   1.215138e-13   7.786718e-09   1.614350e-14   24
  4.353118e-01   1.488272e-14   4.768372e-09   4.688437e-15   8
  4.530869e-01   6.948344e-14   6.357829e-09   1.106721e-14   24
  4.701905e-01   6.175992e-14   0.000000e+00   7.964080e-15   48
  5.026548e-01   2.712239e-14   0.000000e+00   7.513923e-15   6
  5.181247e-01   1.025626e-12   6.357829e-09   2.182155e-13   48
  5.331460e-01   3.308496e-13   5.994218e-09   1.018861e-13   36
  5.477554e-01   3.974807e-14   6.357829e-09   8.247029e-15   24
  5.619852e-01   2.178673e-13   8.991328e-09   2.759997e-14   24
  5.758634e-01   1.079674e-13   0.000000e+00   2.963882e-14   48
  5.894150e-01   2.833032e-14   8.991328e-09   5.220505e-15   24
  6.156239e-01   4.725709e-14   8.991328e-09   9.714290e-15   24
  6.283185e-01   2.219551e-12   0.000000e+00   1.497370e-12   30
  6.407617e-01   4.546930e-13   0.000000e+00   8.351678e-14   72
  6.529678e-01   2.135200e-13   9.536743e-09   2.821084e-14   32
  6.767198e-01   6.982986e-14   0.000000e+00   1.289082e-14   72
  6.882885e-01   1.352955e-13   0.000000e+00   2.492411e-14   48
  7.108613e-01   1.311136e-14   0.000000e+00   3.117420e-15   12
  7.218830e-01   2.567935e-14   0.000000e+00   4.136070e-15   48
  7.327390e-01   2.689193e-14   0.000000e+00   7.426371e-15   48
  7.434365e-01   3.869577e-14   8.991328e-09   7.326370e-15   48
  7.539822e-01   1.488407e-13   1.017253e-08   8.714134e-14   30
  7.643825e-01   3.974786e-12   0.000000e+00   1.140540e-12   24
  7.746431e-01   1.444561e-13   1.895538e-08   2.447026e-14   72
  7.947671e-01   2.322712e-13   0.000000e+00   4.017372e-14   24
  8.046403e-01   6.085283e-14   0.000000e+00   8.375084e-15   96
  8.143939e-01   1.731522e-14   0.000000e+00   2.749739e-15   48
  8.240320e-01   1.150588e-14   1.557344e-08   9.999523e-16   24
  8.335587e-01   2.501188e-14   1.557344e-08   2.537622e-15   24
  8.429778e-01   3.423772e-14   0.000000e+00   6.395346e-15   72
  8.522927e-01   3.199965e-14   0.000000e+00   4.880869e-15   48
  8.706237e-01   3.443974e-15   9.536743e-09   1.763015e-15   8
  8.796459e-01   3.322517e-12   1.130281e-08   2.286194e-12   54
  8.885766e-01   9.374768e-13   0.000000e+00   1.827070e-13   84
  8.974184e-01   3.386005e-13   0.000000e+00   5.442171e-14   48
  9.061739e-01   9.674033e-15   1.271566e-08   1.350361e-15   24
  9.148456e-01   1.345665e-13   1.695421e-08   2.822042e-14   72
  9.234359e-01   1.638192e-13   0.000000e+00   3.119880e-14   96
  9.403811e-01   1.427979e-14   0.000000e+00   1.369200e-15   48
  9.487402e-01   4.021483e-14   0.000000e+00   1.104100e-14   48
  9.570263e-01   9.213563e-14   0.000000e+00   2.980006e-14   24
  9.652412e-01   4.526069e-14   0.000000e+00   9.850356e-15   72
  9.814649e-01   9.241010e-15   0.000000e+00   9.033717e-16   72
  9.894770e-01   2.348068e-14   0.000000e+00   3.560150e-15   96
  1.005310e+00   1.121397e-13   0.000000e+00   6.179231e-14   6
  1.013133e+00   3.275609e-12   0.000000e+00   7.979215e-13   96
  1.020897e+00   6.962670e-13   1.271566e-08   2.286937e-13   96
  1.028602e+00   1.496609e-14   0.000000e+00   1.401108e-15   24
  1.036249e+00   5.561657e-13   1.271566e-08   1.133829e-13   48
  1.043841e+00   2.543329e-13   0.000000e+00   7.858303e-14   96
  1.051378e+00   5.367171e-15   0.000000e+00   5.751790e-16   48
  1.066292e+00   1.135149e-13   1.198844e-08   3.525650e-14   36
  1.073671e+00   3.060107e-14   2.202416e-08   6.016496e-15   48
  1.081000e+00   3.832777e-14   2.491750e-08   6.313996e-15   120
  1.088280e+00   6.335739e-15   0.000000e+00   7.450912e-16   56
  1.095511e+00   6.712462e-15   1.271566e-08   1.065013e-15   24
  1.102695e+00   2.141498e-14   0.000000e+00   3.336231e-15   96
  1.109832e+00   8.573117e-15   0.000000e+00   1.898972e-15   48
  1.123970e+00   3.614239e-14   1.798266e-08   7.832224e-15   24
  1.130973e+00   3.059040e-12   0.000000e+00   2.129869e-12   102
  1.137933e+00   3.010895e-12   1.271566e-08   5.197087e-13   48
  1.144851e+00   3.947356e-13   0.000000e+00   7.200735e-14   72
  1.151727e+00   1.171401e-14   0.000000e+00   1.532925e-15   48
  1.158562e+00   3.354488e-13   0.000000e+00   7.506514e-14   48
  1.165357e+00   2.247463e-13   2.877225e-08   4.439095e-14   120
  1.178830e+00   7.347860e-15   1.798266e-08   1.041440e-15   24
  1.185509e+00   3.175825e-14   1.695421e-08   7.327753e-15   144
  1.192151e+00   3.074674e-14   2.034505e-08   1.218677e-14   120
  1.198755e+00   1.030871e-13   1.798266e-08   2.255256e-14   48
  1.211857e+00   8.117363e-15   1.798266e-08   8.278711e-16   48
  1.218355e+00   3.242130e-14   1.798266e-08   5.773403e-15   96
  1.235512e+00   1.560240e-14   3.015167e-03   3.063056e-15   72
  1.244007e+00   1.904932e-14   1.598458e-08   2.502702e-15   108
  1.250338e+00   1.167186e-14   0.000000e+00   1.726847e-15   72
  1.256637e+00   4.710684e-13   0.000000e+00   2.914487e-13   30
  1.262905e+00   2.103674e-12   0.000000e+00   7.090425e-13   168
  1.269141e+00   6.909129e-13   0.000000e+00   1.176693e-13   48
  1.281523e+00   2.441191e-13   0.000000e+00   5.862683e-14   72
  1.287670e+00   1.739317e-13   0.000000e+00   2.793064e-14   96
  1.293787e+00   1.223298e-14   3.390842e-08   1.999376e-15   72
  1.299875e+00   6.366003e-15   0.000000e+00   7.175259e-16   72
  1.310112e+00   6.802571e-14   2.784031e-03   1.295190e-14   104
  1.317972e+00   2.982112e-14   2.397687e-08   5.661081e-15   144
  1.335824e+00   3.035426e-14   4.021044e-08   5.536347e-15   96
  1.341721e+00   5.448326e-15   0.000000e+00   4.946467e-16   96
  1.351101e+00   7.445729e-15   2.864148e-03   1.055689e-15   120
  1.359261e+00   1.467505e-14   0.000000e+00   1.806901e-15   120
  1.365057e+00   1.318455e-14   0.000000e+00   3.317108e-15   72
  1.376577e+00   1.833376e-14   0.000000e+00   2.347084e-15   48
  1.382301e+00   6.991760e-12   3.130008e-08   4.873637e-12   78
  1.389623e+00   1.674860e-12   2.564571e-03   2.923446e-13   168
  1.404963e+00   1.812731e-13   2.936555e-08   4.349989e-14   144
  1.410572e+00   3.050627e-13   2.397687e-08   6.236138e-14   144
  1.426839e+00   3.994262e-14   1.476986e-03   1.072152e-14   156
  1.432787e+00   1.124087e-13   3.114687e-08   4.469516e-14   48
  1.438287e+00   6.587974e-14   2.034505e-08   1.541843e-14   120
  1.443766e+00   4.069058e-15   0.000000e+00   4.278753e-16   48
  1.453454e+00   2.185545e-14   2.260797e-03   4.021358e-15   216
  1.465478e+00   5.681999e-15   0.000000e+00   7.530903e-16   48
  1.470856e+00   1.437459e-14   1.798266e-08   3.199559e-15   96
  1.478502e+00   1.960923e-14   2.642094e-03   2.488164e-15   168
  1.486873e+00   3.567365e-15   1.798266e-08   4.639570e-16   48
  1.492174e+00   1.148155e-14   0.000000e+00   1.525760e-15   96
  1.497456e+00   2.438756e-15   0.000000e+00   2.848397e-16   48
  1.507964e+00   6.208088e-14   2.034505e-08   4.061011e-14   30
  1.513191e+00   8.217330e-12   0.000000e+00   1.999789e-12   96
  1.519439e+00   6.953845e-13   2.076451e-03   2.373539e-13   240
  1.527472e+00   1.941336e-12   2.240191e-03   3.464070e-13   32
  1.533921e+00   3.484149e-13   0.000000e+00   1.133190e-13   168
  1.539060e+00   7.980735e-15   0.000000e+00   1.197160e-15   120
  1.549286e+00   1.301741e-13   3.791077e-08   4.275542e-14   72
  1.554374e+00   2.370308e-14   1.695421e-08   5.228175e-15   144
  1.559446e+00   7.719966e-14   0.000000e+00   1.619861e-14   96
  1.564501e+00   5.741242e-15   0.000000e+00   7.058147e-16   96
  1.574562e+00   5.586068e-14   0.000000e+00   9.372219e-15   72
  1.579568e+00   4.568957e-15   2.543132e-08   9.427964e-16   96
  1.589534e+00   7.109832e-14   0.000000e+00   1.675610e-14   24
  1.594494e+00   1.603596e-14   0.000000e+00   2.192333e-15   192
  1.600334e+00   6.200166e-15   1.901066e-03   8.872044e-16   132
  1.609281e+00   1.294273e-14   0.000000e+00   1.651190e-15   96
  1.614180e+00   2.501222e-15   0.000000e+00   1.887135e-16   96
  1.619064e+00   3.068062e-15   2.034505e-08   3.026651e-16   120
  1.628788e+00   2.016701e-15   0.000000e+00   2.947384e-16   48
  1.636759e+00   4.405235e-12   2.303939e-03   2.114103e-12   222
  1.643266e+00   5.095603e-13   0.000000e+00   1.016847e-13   120
  1.648064e+00   1.262169e-15   3.114687e-08   1.324933e-16   24
  1.655050e+00   2.841011e-13   2.378000e-03   4.525448e-14   312
  1.670270e+00   9.732071e-14   2.229470e-03   2.875495e-14   72
  1.676563e+00   7.638906e-14   3.114687e-08   2.748154e-14   96
  1.683024e+00   5.918516e-14   2.270407e-03   1.408189e-14   192
  1.690632e+00   5.243442e-15   2.877225e-08   9.016608e-16   120
  1.695296e+00   4.040469e-14   0.000000e+00   7.614390e-15   144
  1.704585e+00   1.128243e-14   0.000000e+00   1.465115e-15   48
  1.711188e+00   1.556624e-14   2.282974e-03   2.112819e-15   336
  1.718425e+00   2.320750e-14   0.000000e+00   3.947425e-15   48
  1.727590e+00   7.787042e-15   0.000000e+00   1.210356e-15   192
  1.732155e+00   1.730200e-15   0.000000e+00   2.145576e-16   48
  1.745129e+00   3.042737e-15   1.584683e-03   4.724521e-16   56
  1.751580e+00   8.602500e-15   2.035272e-03   9.739920e-16   336
  1.759292e+00   5.291763e-13   2.260561e-08   3.339855e-13   54
  1.766010e+00   3.090787e-12   2.235459e-03   9.603880e-13   240
  1.779956e+00   2.847781e-13   2.140470e-03   4.351043e-14   228
  1.786017e+00   3.095508e-15   2.397687e-08   3.776806e-16   72
  1.791900e+00   2.553456e-14   2.076308e-03   4.648400e-15   144
  1.799230e+00   1.001186e-13   0.000000e+00   2.551419e-14   96
  1.803613e+00   3.161832e-14   2.877225e-08   6.485635e-15   240
  1.812348e+00   3.803777e-15   2.543132e-08   1.289851e-15   24
  1.817939e+00   1.763815e-14   1.961057e-03   3.326900e-15   336
  1.825371e+00   1.535493e-15   0.000000e+00   1.523313e-16   72
  1.832154e+00   1.987837e-14   2.133012e-03   2.502942e-15   168
  1.838302e+00   1.951277e-14   0.000000e+00   5.211780e-15   72
  1.846872e+00   1.588953e-14   0.000000e+00   2.294123e-15   96
  1.853509e+00   2.312085e-15   2.117011e-03   1.893033e-16   216
  1.859653e+00   2.475954e-15   0.000000e+00   2.724522e-16   96
  1.868125e+00   1.110998e-14   2.543132e-08   1.445722e-15   192
  1.872347e+00   7.264074e-15   2.397687e-08   1.131808e-15   144
  1.880762e+00   1.888357e-15   0.000000e+00   2.508395e-16   48
  1.886588e+00   5.614793e-12   2.041047e-03   2.800191e-12   246
  1.894505e+00   4.912779e-13   1.881878e-03   1.025707e-13   168
  1.901637e+00   3.614495e-13   4.983500e-08   9.050024e-14   120
  1.905784e+00   3.089848e-13   0.000000e+00   6.643931e-14   240
  1.914053e+00   8.689425e-15   0.000000e+00   1.116498e-15   24
  1.920640e+00   4.996066e-14   2.014384e-03   1.285223e-14   360
  1.928845e+00   1.087328e-13   2.005812e-03   2.632559e-14   120
  1.934568e+00   3.477703e-15   0.000000e+00   6.270997e-16   144
  1.938645e+00   7.466315e-14   0.000000e+00   1.455808e-14   96
  1.950825e+00   1.408658e-14   0.000000e+00   3.329672e-15   144
  1.954868e+00   2.865412e-14   0.000000e+00   5.128557e-15   132
  1.960551e+00   8.614385e-15   1.979707e-03   1.627288e-15   176
  1.968799e+00   6.140461e-15   1.999105e-03   7.603567e-16   312
  1.978954e+00   4.243474e-15   0.000000e+00   6.447731e-16   96
  1.982940e+00   1.939309e-15   0.000000e+00   2.096470e-16   144
  1.989055e+00   8.711424e-15   1.979053e-03   1.201523e-15   312
  1.998804e+00   1.067373e-15   0.000000e+00   1.869036e-16   48
  2.002750e+00   5.518289e-15   2.543132e-08   9.544818e-16   192
  2.010619e+00   4.868368e-13   0.000000e+00   2.770751e-13   6
  2.015848e+00   5.169436e-12   1.845802e-03   1.131035e-12   288
  2.024316e+00   5.072500e-13   1.950210e-03   1.214686e-13   192
  2.030159e+00   4.159867e-13   5.980883e-08   1.360898e-13   216
  2.034045e+00   6.897561e-15   0.000000e+00   1.981394e-15   72
  2.043725e+00   9.909670e-14   1.931689e-03   2.593864e-14   192
  2.050154e+00   3.932344e-14   1.434383e-03   8.842917e-15   288
  2.057204e+00   1.862025e-15   0.000000e+00   3.726999e-16   24
  2.062650e+00   1.390965e-14   1.889681e-03   2.525417e-15   456
  2.072499e+00   4.884746e-14   0.000000e+00   1.257264e-14   48
  2.078585e+00   1.856386e-14   1.861260e-03   2.471522e-15   240
  2.085579e+00   9.836277e-15   1.881013e-03   1.330292e-15   216
  2.091461e+00   3.114823e-15   0.000000e+00   4.141200e-16   72
  2.095233e+00   2.147150e-15   6.498988e-08   1.995914e-16   168
  2.105882e+00   8.645331e-15   1.398129e-03   1.256167e-15   288
  2.111855e+00   5.556614e-15   1.849965e-03   8.795075e-16   168
  2.121448e+00   5.018593e-15   0.000000e+00   7.060537e-16   192
  2.125166e+00   1.715701e-15   2.397687e-08   1.325983e-16   144
  2.132584e+00   7.309873e-15   2.397687e-08   9.957939e-16   36
  2.138874e+00   3.961149e-12   1.689411e-03   1.894397e-12   342
  2.144889e+00   5.860295e-13   1.734820e-03   1.184198e-13   144
  2.152621e+00   3.154168e-13   1.819392e-03   5.083042e-14   384
  2.162000e+00   6.166793e-15   4.983500e-08   9.017434e-16   120
  2.166643e+00   7.233660e-14   1.622368e-03   1.793314e-14   264
  2.172929e+00   7.742295e-14   8.042088e-08   1.929145e-14   192
  2.178848e+00   3.129508e-15   1.748412e-03   4.161565e-16   152
  2.183802e+00   5.162090e-14   4.795375e-08   9.877629e-15   144
  2.194222e+00   1.183243e-14   1.131589e-03   3.224271e-15   216
  2.199045e+00   1.915681e-14   1.512105e-03   2.538920e-15   312
  2.207535e+00   8.878317e-15   1.752500e-03   1.471607e-15   240
  2.212538e+00   1.868138e-15   2.543132e-08   2.044101e-16   96
  2.222033e+00   1.298654e-15   1.675517e-03   1.092090e-16   144
  2.227885e+00   7.443576e-15   1.646885e-03   9.714965e-16   456
  2.237379e+00   2.375028e-15   0.000000e+00   2.746300e-16   120
  2.240905e+00   6.291916e-15   0.000000e+00   1.381032e-15   144
  2.247941e+00   4.688612e-15   3.596531e-08   1.512683e-15   24
  2.252452e+00   2.652518e-15   1.583038e-03   2.560856e-16   336
  2.260253e+00   1.906399e-13   1.745876e-03   1.202081e-13   198
  2.267563e+00   2.233637e-12   1.697764e-03   7.010489e-13   432
  2.275867e+00   8.909749e-13   5.086263e-08   2.072877e-13   48
  2.280199e+00   1.043972e-13   1.498832e-03   1.896259e-14   384
  2.287976e+00   2.929878e-14   1.725473e-03   6.458915e-15   144
  2.295024e+00   8.110144e-14   1.713168e-03   1.441429e-14   264
  2.303454e+00   1.571815e-15   0.000000e+00   2.584121e-16   48
  2.309110e+00   2.501279e-14   1.628943e-03   5.141404e-15   276
  2.314567e+00   6.975045e-15   1.476593e-03   1.498202e-15   192
  2.321860e+00   9.565069e-15   1.659366e-03   1.299949e-15   552
  2.330715e+00   1.596136e-14   4.069010e-08   2.568880e-15   120
  2.335978e+00   1.056602e-15   1.679687e-03   7.917219e-17   216
  2.340855e+00   1.749175e-15   4.069010e-08   2.655569e-16   120
  2.349569e+00   9.169372e-15   1.654080e-03   1.057939e-15   408
  2.357660e+00   8.642113e-16   3.596531e-08   1.308212e-16   24
  2.362678e+00   3.791737e-15   1.670919e-03   6.279592e-16   384
  2.369685e+00   1.762061e-15   1.632547e-03   2.128182e-16   240
  2.375770e+00   3.844157e-15   1.644502e-03   5.028793e-16   168
  2.384301e+00   3.030547e-15   0.000000e+00   5.165346e-16   120
  2.389801e+00   4.900211e-12   1.714308e-03   2.467755e-12   350
  2.398744e+00   4.018770e-13   2.822081e-03   6.658680e-14   384
  2.404088e+00   6.292609e-13   0.000000e+00   1.331273e-13   144
  2.413921e+00   3.828242e-14   3.390842e-08   1.177665e-14   288
  2.419055e+00   7.512194e-14   1.615394e-03   1.741486e-14   336
  2.426039e+00   1.461754e-15   1.470682e-03   2.107554e-16   168
  2.430220e+00   2.710574e-14   9.639558e-08   5.609565e-15   336
  2.438868e+00   9.775343e-15   1.526480e-03   2.133489e-15   288
  2.444062e+00   2.269508e-14   1.438335e-03   3.347984e-15   264
  2.452858e+00   6.559592e-15   0.000000e+00   1.142007e-15   240
  2.456075e+00   2.795412e-15   0.000000e+00   3.643762e-16   96
  2.467620e+00   7.225361e-15   1.956039e-03   1.281721e-15   360
  2.473008e+00   6.430939e-15   1.441936e-03   9.156950e-16   168
  2.479816e+00   2.993193e-15   1.571860e-03   4.391676e-16   456
  2.488014e+00   1.332354e-15   4.521123e-08   1.557558e-16   108
  2.492626e+00   2.032766e-15   1.577159e-03   3.839924e-16   264
  2.498378e+00   3.031970e-15   1.407083e-03   4.193087e-16   264
  2.506256e+00   3.395693e-15   1.327788e-03   5.547738e-16   312
  2.516065e+00   5.034182e-12   9.866910e-04   1.290171e-12   270
  2.520176e+00   1.178716e-12   1.252729e-03   4.062232e-13   240
  2.527567e+00   5.310289e-13   1.549783e-03   1.072250e-13   384
  2.532054e+00   2.727676e-15   5.086263e-08   4.171748e-16   192
  2.540769e+00   8.368954e-14   1.243495e-03   2.265871e-14   240
  2.545825e+00   3.795072e-14   1.534673e-03   8.381920e-15   336
  2.555333e+00   1.399024e-14   1.544942e-03   2.623909e-15   480
  2.563047e+00   3.735014e-14   3.390842e-08   1.013007e-14   72
  2.567356e+00   1.924364e-14   1.506459e-03   2.644833e-15   240
  2.573216e+00   6.688518e-15   1.415865e-03   9.963451e-16   312
  2.579934e+00   1.103308e-15   1.530210e-03   9.021528e-17   240
  2.590086e+00   6.590691e-15   1.162564e-03   9.892106e-16   408
  2.594104e+00   3.434597e-15   1.064628e-03   4.253748e-16   336
  2.601958e+00   4.162032e-15   1.351816e-03   5.385281e-16   264
  2.605818e+00   8.196586e-16   0.000000e+00   7.050996e-17   144
  2.616557e+00   3.300410e-15   1.873697e-03   5.587595e-16   464
  2.622215e+00   2.610865e-15   1.489973e-03   3.954530e-16   168
  2.627801e+00   2.919541e-15   1.357041e-03   4.620066e-16   336
  2.637897e+00   2.103868e-12   1.425837e-03   1.479174e-12   414
  2.643588e+00   2.411886e-12   1.484211e-03   4.338469e-13   216
  2.650879e+00   4.798305e-13   3.596531e-08   1.173192e-13   96
  2.653856e+00   1.932654e-13   8.809666e-08   4.106197e-14   384
  2.664284e+00   3.897511e-14   1.481344e-03   9.405831e-15   492
  2.669873e+00   6.312257e-14   1.448627e-03   1.557498e-14   240
  2.676189e+00   2.483637e-14   1.470864e-03   4.665825e-15   312
  2.684913e+00   1.243276e-14   1.470380e-03   3.666913e-15   192
  2.690439e+00   1.136615e-14   1.424976e-03   1.605207e-15   504
  2.697770e+00   5.615791e-15   9.433586e-04   9.405143e-16   408
  2.703542e+00   1.359947e-15   2.890096e-03   1.875581e-16   168
  2.710765e+00   7.709899e-15   1.372821e-03   1.404463e-15   288
  2.716826e+00   4.038227e-15   1.432656e-03   5.242850e-16   288
  2.723035e+00   2.593466e-15   1.440903e-03   4.692840e-16   432
  2.732042e+00   2.817415e-15   1.362614e-03   3.715966e-16   216
  2.736854e+00   2.187795e-15   1.359739e-03   2.646578e-16   360
  2.745421e+00   3.078695e-15   1.327092e-03   4.935759e-16   312
  2.753154e+00   2.006565e-15   0.000000e+00   2.630783e-16   48
  2.757611e+00   2.022967e-15   1.422834e-03   2.235203e-16   432
  2.765594e+00   2.061370e-12   2.373302e-03   6.786928e-13   414
  2.770308e+00   2.472400e-13   5.421333e-08   5.304703e-14   312
  2.779102e+00   1.442048e-13   2.082441e-03   2.354657e-14   528
  2.785037e+00   1.556389e-14   1.093105e-03   3.397846e-15   264
  2.792167e+00   4.073882e-14   1.296122e-03   7.413844e-15   480
  2.801483e+00   2.084777e-14   0.000000e+00   4.656991e-15   288
  2.805506e+00   1.467372e-15   1.392643e-03   1.861945e-16   168
  2.812867e+00   1.110721e-14   2.204550e-03   1.464766e-15   504
  2.821143e+00   1.291671e-14   3.390842e-08   2.067041e-15   144
  2.826350e+00   1.155874e-15   1.415850e-03   8.089220e-17   464
  2.834173e+00   5.496103e-15   2.077839e-03   8.041445e-16   432
  2.837886e+00   5.308843e-15   3.596531e-08   1.125497e-15   192
  2.847481e+00   2.983432e-15   1.540373e-03   5.343279e-16   396
  2.853147e+00   1.592807e-15   1.383680e-03   1.918413e-16   288
  2.858874e+00   1.729057e-15   1.366839e-03   2.247094e-16   336
  2.868021e+00   1.766666e-15   8.655099e-04   1.915788e-16   432
  2.873827e+00   1.574245e-15   2.243281e-03   1.698827e-16   360
  2.880345e+00   1.690370e-15   1.326934e-03   2.668011e-16   384
  2.889603e+00   5.555232e-12   1.171274e-03   3.900935e-12   198
  2.894063e+00   9.330363e-13   1.331357e-03   1.741764e-13   552
  2.902381e+00   2.893188e-13   1.863809e-03   4.865430e-14   432
  2.909325e+00   2.288436e-15   7.119285e-08   3.796235e-16   168
  2.915153e+00   6.324278e-14   2.310442e-03   1.199554e-14   480
  2.922863e+00   9.398601e-16   0.000000e+00   8.641591e-17   120
  2.926334e+00   2.263832e-14   1.887069e-03   5.044826e-15   336
  2.934802e+00   8.872672e-15   1.331298e-03   1.337106e-15   672
  2.943175e+00   5.674433e-15   1.936554e-03   7.016678e-16   528
  2.947075e+00   6.922542e-16   5.812872e-08   6.324638e-17   168
  2.956085e+00   4.833735e-15   2.160213e-03   8.630090e-16   456
  2.961583e+00   5.218373e-15   1.319260e-03   8.181910e-16   168
  2.967291e+00   2.247548e-15   1.316892e-03   3.597549e-16   504
  2.976778e+00   1.294953e-15   1.694638e-03   2.226687e-16   336
  2.982515e+00   2.616980e-15   1.221633e-03   3.914276e-16   312
  2.988879e+00   1.876020e-15   1.193619e-03   2.753007e-16   504
  2.997254e+00   1.499920e-15   8.281656e-04   2.095820e-16   432
  3.001192e+00   1.028250e-15   1.279790e-03   8.908933e-17   312
  3.009377e+00   1.464498e-15   1.311847e-03   1.711018e-16   384
  3.017923e+00   8.162082e-12   1.114566e-03   2.022031e-12   126
  3.023199e+00   5.971242e-13   1.956913e-03   1.550513e-13   492
  3.029938e+00   1.407399e-13   1.253405e-03   4.640062e-14   528
  3.038360e+00   3.219489e-14   1.273190e-03   8.809799e-15   480
  3.043581e+00   2.296492e-14   1.758905e-03   5.133129e-15   432
  3.051137e+00   1.146511e-14   1.383146e-03   2.203024e-15   440
  3.059913e+00   1.568914e-14   6.878330e-04   2.360227e-15   312
  3.063206e+00   2.413338e-15   1.030775e-03   4.409885e-16   480
  3.069960e+00   4.309097e-15   2.018238e-03   6.341008e-16   408
  3.079829e+00   5.823539e-15   1.208696e-03   9.233129e-16   360
  3.083998e+00   2.077549e-15   1.166348e-03   2.667292e-16   408
  3.091725e+00   1.873404e-15   1.186907e-03   2.401816e-16   456
  3.100425e+00   1.626315e-15   1.134390e-03   1.912299e-16   264
  3.105254e+00   2.614377e-15   1.231098e-03   5.118990e-16   384
  3.112283e+00   1.811350e-15   2.072640e-03   2.044677e-16   672
  3.120409e+00   3.461714e-15   1.239707e-03   4.608577e-16   240
  3.125099e+00   8.719974e-16   1.257992e-03   5.856199e-17   264
  3.131717e+00   8.079770e-16   1.551526e-03   7.140803e-17   624
  3.141593e+00   3.458819e-12   0.000000e+00   2.419416e-12   150
  3.145109e+00   5.690828e-13   1.738607e-03   1.075428e-13   600
  3.152524e+00   1.151899e-13   1.199942e-03   1.874862e-14   672
  3.160921e+00   2.031687e-14   1.128630e-03   6.450166e-15   336
  3.165599e+00   3.928083e-14   1.227621e-03   8.137497e-15   408
  3.173072e+00   1.279397e-14   1.224729e-03   2.294250e-15   408
  3.181385e+00   5.478216e-15   6.192886e-04   1.427640e-15   360
  3.186510e+00   8.189839e-15   2.273829e-03   1.136392e-15   456
  3.192699e+00   3.982494e-15   1.236522e-03   7.649094e-16   384
  3.200577e+00   9.542940e-16   1.141466e-03   1.099690e-16   348
  3.204835e+00   3.965714e-15   1.407202e-03   5.171608e-16   576
  3.212832e+00   1.699586e-15   1.158646e-03   2.593879e-16   504
  3.221013e+00   1.277223e-15   1.634203e-03   1.471788e-16   432
  3.228154e+00   1.489984e-15   2.223325e-03   1.429300e-16   576
  3.233247e+00   1.891643e-15   0.000000e+00   4.287001e-16   264
  3.241325e+00   1.119900e-15   1.769212e-03   9.837754e-17   768
  3.248351e+00   5.320782e-16   2.381921e-03   3.336904e-17   240
  3.253937e+00   1.916372e-15   2.100629e-03   2.973575e-16   192
  3.262073e+00   7.784771e-16   1.546319e-03   7.074998e-17   504
  3.268108e+00   8.520829e-13   2.083724e-03   2.796241e-13   590
  3.273894e+00   1.861675e-13   2.334698e-03   3.127847e-14   384
  3.281151e+00   4.444104e-14   1.951120e-03   8.388608e-15   504
  3.289911e+00   2.297276e-14   1.877651e-03   3.625814e-15   648
  3.298409e+00   7.860359e-15   5.099453e-04   1.820566e-15   504
  3.301835e+00   1.023021e-15   1.163281e-03   9.338788e-17   312
  3.307884e+00   6.194493e-15   1.676002e-03   8.205174e-16   576
  3.316189e+00   5.233257e-15   1.166339e-03   8.449393e-16   240
  3.321030e+00   6.536447e-16   1.178530e-03   4.428820e-17   552
  3.327882e+00   3.584844e-15   1.106612e-03   4.475955e-16   600
  3.337643e+00   1.518761e-15   1.351639e-03   2.323542e-16   600
  3.343511e+00   1.091714e-15   2.164544e-03   1.410682e-16   312
  3.349356e+00   1.451946e-15   1.885103e-03   1.356624e-16   480
  3.356656e+00   9.432933e-16   1.176123e-03   9.074340e-17   576
  3.363084e+00   1.649677e-15   1.893814e-03   2.301405e-16   408
  3.368787e+00   3.958780e-16   2.209222e-03   2.524206e-17   216
  3.376156e+00   9.032591e-16   1.692015e-03   7.714822e-17   516
  3.384050e+00   9.393029e-16   1.614354e-03   6.520797e-17   744
  3.392194e+00   1.375508e-12   1.078246e-03   9.665683e-13   462
  3.396796e+00   6.287195e-13   1.095881e-03   1.172125e-13   432
  3.403934e+00   1.052888e-13   1.016670e-03   1.821796e-14   648
  3.412327e+00   1.895494e-14   1.487578e-03   5.018769e-15   528
  3.419069e+00   1.090795e-14   1.791415e-03   2.706080e-15   600
  3.425805e+00   1.776090e-14   2.258506e-03   3.960547e-15   240
  3.432329e+00   5.290420e-15   1.729994e-03   7.047214e-16   720
  3.439912e+00   1.686974e-15   1.368738e-03   2.235755e-16   720
  3.448318e+00   3.923182e-16   0.000000e+00   3.168701e-17   144
  3.452742e+00   2.689303e-15   1.764713e-03   3.157110e-16   720
  3.459035e+00   1.747844e-15   1.058157e-03   2.738115e-16   384
  3.466913e+00   7.806568e-16   1.173023e-03   9.100140e-17   672
  3.474387e+00   1.878697e-15   2.053834e-03   2.327577e-16   336
  3.477957e+00   1.616790e-15   0.000000e+00   2.950239e-16   288
  3.486699e+00   7.526898e-16   1.625472e-03   6.755013e-17   776
  3.494792e+00   7.454012e-16   1.390838e-03   6.338634e-17   720
  3.501588e+00   4.922587e-16   1.120422e-03   2.755841e-17   432
  3.507024e+00   9.331419e-16   1.597303e-03   8.082078e-17   504
  3.513071e+00   8.512305e-16   1.119137e-03   6.445529e-17   528
  3.521533e+00   1.116428e-12   1.524759e-03   2.462189e-13   438
  3.528495e+00   9.975518e-14   1.774680e-03   2.018070e-14   624
  3.533741e+00   1.517334e-14   2.173744e-03   5.525584e-15   312
  3.540952e+00   8.662000e-15   1.171159e-03   1.408338e-15   696
  3.548410e+00   4.691719e-15   1.059686e-03   8.608711e-16   552
  3.556166e+00   4.507791e-15   8.198436e-04   6.673382e-16   516
  3.560964e+00   2.589175e-15   1.637576e-03   3.021639e-16   528
  3.566805e+00   4.118368e-16   1.064960e-03   2.000009e-17   528
  3.575102e+00   1.949610e-15   1.404467e-03   2.329909e-16   864
  3.580734e+00   1.185160e-15   1.923830e-03   1.295797e-16   408
  3.586372e+00   1.442286e-15   1.906039e-03   1.817144e-16   192
  3.594362e+00   9.761721e-16   1.577339e-03   1.433296e-16   720
  3.601108e+00   9.218103e-16   1.454384e-03   9.050352e-17   696
  3.609123e+00   1.011626e-15   1.570748e-03   9.598673e-17   720
  3.616456e+00   7.442742e-16   2.128961e-03   5.955213e-17   432
  3.620733e+00   4.899903e-16   1.253189e-03   3.277693e-17   264
  3.628427e+00   8.114680e-16   1.730599e-03   6.577037e-17   672
  3.635310e+00   7.730858e-16   1.771868e-03   5.166044e-17   600
  3.643477e+00   3.375357e-13   1.037427e-03   2.312146e-13   270
  3.647594e+00   1.727444e-13   1.561617e-03   3.416600e-14   528
  3.654138e+00   2.543796e-14   1.069340e-03   4.231722e-15   840
  3.663112e+00   8.381543e-15   2.044769e-03   1.308212e-15   888
  3.671403e+00   2.896600e-15   1.523504e-03   4.655311e-16   744
  3.678411e+00   2.154639e-15   7.828584e-04   5.033691e-16   456
  3.681896e+00   4.046286e-15   1.069824e-03   5.276509e-16   360
  3.687860e+00   2.617499e-15   9.269427e-04   4.633114e-16   384
  3.697011e+00   1.180923e-15   1.486807e-03   1.235660e-16   816
  3.703877e+00   1.174721e-15   2.157150e-03   1.147089e-16   824
  3.712223e+00   7.748344e-16   1.002746e-03   8.697669e-17   360
  3.716692e+00   7.770329e-16   1.479676e-03   6.557315e-17   624
  3.722842e+00   1.142301e-15   9.998850e-04   1.321107e-16   360
  3.731036e+00   6.786225e-16   1.360137e-03   4.098537e-17   876
  3.738436e+00   6.748031e-16   1.615436e-03   4.942258e-17   696
  3.745899e+00   4.633130e-16   1.043143e-03   2.633837e-17   336
  3.749811e+00   6.728438e-16   1.041971e-03   4.827699e-17   504
  3.756273e+00   6.845300e-16   1.051000e-03   4.911709e-17   672
  3.765859e+00   4.855362e-16   2.092296e-03   2.457909e-17   720
  3.772508e+00   1.404762e-13   1.580506e-03   3.726055e-14   774
  3.779846e+00   2.771254e-14   9.046409e-04   5.415308e-15   384
  3.783690e+00   3.448299e-15   1.740917e-03   9.392810e-16   528
  3.789655e+00   4.871016e-15   1.659191e-03   8.443755e-16   744
  3.799249e+00   2.069937e-15   1.368481e-03   4.303892e-16   768
  3.805620e+00   3.075786e-15   1.536223e-03   4.257697e-16   552
  3.813568e+00   1.246806e-15   1.674309e-03   1.420817e-16   696
  3.819481e+00   1.695300e-15   2.034577e-03   2.300269e-16   408
  3.824174e+00   1.064626e-15   8.789532e-04   1.345977e-16   504
  3.831615e+00   7.060890e-16   1.579007e-03   6.246665e-17   888
  3.838937e+00   7.984355e-16   1.641044e-03   7.599508e-17   648
  3.846547e+00   7.563939e-16   1.626978e-03   6.294203e-17   648
  3.853707e+00   7.538418e-16   1.754281e-03   6.541729e-17   792
  3.861291e+00   6.002941e-16   2.566633e-03   4.389645e-17   600
  3.866880e+00   4.210306e-16   1.739428e-03   2.734323e-17   456
  3.872762e+00   5.809001e-16   8.477229e-04   3.882983e-17   648
  3.880317e+00   5.778565e-16   1.653183e-03   3.073043e-17   936
  3.888474e+00   5.547536e-16   1.015268e-03   3.316130e-17   384
  3.895575e+00   5.513200e-13   0.000000e+00   3.775834e-13   198
  3.901055e+00   3.185113e-14   2.575821e-03   6.029014e-15   1224
  3.906966e+00   1.865959e-14   1.875990e-03   3.961933e-15   420
  3.913957e+00   3.433528e-15   1.815566e-03   5.914416e-16   792
  3.920793e+00   1.794187e-15   1.501318e-03   4.063992e-16   680
  3.928594e+00   1.208656e-15   1.378581e-03   2.196193e-16   600
  3.934870e+00   8.672423e-16   1.999321e-03   1.472153e-16   840
  3.943251e+00   1.326866e-16   9.439865e-04   1.054130e-17   432
  3.946454e+00   1.158398e-15   8.846397e-04   1.840313e-16   720
  3.953417e+00   3.361869e-16   1.771778e-03   4.425340e-17   960
  3.962077e+00   6.128911e-16   1.579411e-03   8.707370e-17   528
  3.968405e+00   4.061741e-16   1.614459e-03   6.296335e-17   624
  3.975938e+00   3.081805e-16   1.268954e-03   2.953236e-17   816
  3.983415e+00   2.994538e-16   2.086821e-03   4.310382e-17   696
  3.991678e+00   1.085045e-16   1.150890e-07   1.237402e-17   240
  3.994784e+00   2.630787e-16   1.230648e-03   3.529732e-17   672
  4.001719e+00   2.525337e-16   2.199344e-03   2.978191e-17   864
  4.009498e+00   1.394702e-16   1.687640e-03   2.019524e-17   816
  4.016509e+00   1.275813e-16   9.659469e-04   1.266841e-17   648
  4.024060e+00   3.346535e-15   9.873737e-04   1.165587e-15   843
  4.030471e+00   2.080036e-15   1.776528e-03   6.573666e-16   780
  4.038111e+00   2.575569e-15   9.532520e-04   6.790668e-16   216
  4.042823e+00   8.791032e-16   2.298663e-03   1.647728e-16   1056
  4.050071e+00   4.840857e-16   1.880564e-03   1.423136e-16   228
  4.056781e+00   6.396768e-16   2.341349e-03   8.075522e-17   924
  4.063670e+00   1.807384e-16   8.685094e-04   1.784635e-17   696
  4.070964e+00   4.819386e-16   1.545698e-03   7.734710e-17   996
  4.078428e+00   1.941325e-16   9.125493e-04   4.252971e-17   576
  4.086192e+00   2.855867e-16   1.408459e-03   4.892245e-17   552
  4.091852e+00   3.097159e-16   1.681651e-03   3.899889e-17   516
  4.097596e+00   2.356091e-16   2.445470e-03   3.165543e-17   744
  4.104159e+00   8.558951e-17   1.199649e-03   1.116316e-17   576
  4.109868e+00   1.297904e-16   1.234742e-03   1.415045e-17   792
  4.117982e+00   1.558511e-16   1.411539e-03   2.237364e-17   792
  4.123927e+00   2.158671e-16   1.522330e-03   2.622569e-17   720
  4.131968e+00   8.775923e-17   1.735107e-03   9.075289e-18   656
  4.139503e+00   1.151304e-16   1.894646e-03   1.334130e-17   816
  4.147227e+00   1.526041e-16   1.021561e-03   2.199346e-17   492
  4.151618e+00   1.163973e-16   1.469588e-03   9.907798e-18   552
  4.159858e+00   1.026501e-16   2.555435e-03   1.514216e-17   780
  4.165209e+00   1.137849e-16   1.569773e-03   1.484726e-17   528
  4.170975e+00   7.267469e-17   1.832403e-03   1.083910e-17   600
  4.179472e+00   9.717043e-17   1.522872e-03   6.499965e-18   900
  4.185329e+00   8.145996e-17   8.430879e-04   6.952566e-18   696
  4.193388e+00   8.744782e-17   2.131780e-03   7.942361e-18   696
  4.201183e+00   4.886339e-17   8.648430e-04   3.728372e-18   552
  4.207739e+00   7.583816e-17   1.005732e-03   7.080390e-18   708
  4.214606e+00   5.981923e-17   1.660522e-03   4.208264e-18   876
  4.221752e+00   8.078504e-17   8.817041e-04   1.296971e-17   216
  4.226547e+00   7.686310e-17   2.411580e-03   5.364816e-18   1032
  4.233729e+00   7.854285e-17   2.685028e-03   1.500040e-17   600
  4.241182e+00   4.125987e-17   1.281196e-03   2.872087e-18   600
  4.246868e+00   7.486497e-17   2.262472e-03   7.939476e-18   528
  4.253589e+00   6.024963e-17   1.241998e-03   4.906932e-18   732
  4.260669e+00   7.880214e-17   9.171027e-04   9.233653e-18   336
  4.268820e+00   5.803851e-17   1.307053e-03   3.463598e-18   912
  4.274911e+00   3.755598e-17   1.311885e-03   3.214814e-18   624
  4.281565e+00   5.243421e-17   1.105498e-03   4.704341e-18   768
  4.289333e+00   4.332241e-17   1.994537e-03   2.551706e-18   792
  4.296957e+00   6.124984e-17   9.888090e-04   6.134905e-18   660
  4.302382e+00   4.817522e-17   1.457169e-03   4.584920e-18   504
  4.307992e+00   3.967650e-17   2.380735e-03   2.790606e-18   480
  4.316401e+00   3.680240e-17   2.201870e-03   2.532282e-18   912
  4.322985e+00   4.587789e-17   2.452123e-03   6.440156e-18   432
  4.329203e+00   5.166230e-17   1.456013e-03   5.276180e-18   564
  4.334724e+00   3.563665e-17   1.393605e-03   1.697858e-18   600
  4.342496e+00   4.172357e-17   1.942553e-03   2.261885e-18   876
  4.348334e+00   5.534314e-17   8.734307e-04   7.053556e-18   264
  4.356382e+00   3.102789e-17   1.694799e-03   2.560932e-18   560
  4.362850e+00   3.675809e-17   1.151652e-03   2.361140e-18   840
  4.370702e+00   3.059661e-17   1.775516e-03   1.710849e-18   1008
  4.377963e+00   2.910006e-17   7.942467e-04   2.065023e-18   456
  4.384595e+00   3.750662e-17   1.028834e-03   2.841471e-18   576
  4.390725e+00   3.517641e-17   1.580913e-03   2.276334e-18   612
  4.398809e+00   3.466290e-17   1.412012e-03   1.887175e-18   780
  4.405404e+00   3.393205e-17   1.618102e-03   2.070508e-18   648
  4.412155e+00   2.777153e-17   7.540562e-04   2.230909e-18   312
  4.416470e+00   2.925515e-17   1.915933e-03   2.455400e-18   528
  4.423945e+00   2.024409e-17   2.502113e-03   9.373338e-19   720
  4.431093e+00   2.951650e-17   2.509948e-03   2.364818e-18   576
  4.439759e+00   2.818213e-17   2.165154e-03   1.792414e-18   444
  4.445151e+00   2.874895e-17   2.123318e-03   1.594882e-18   996
  4.451759e+00   2.295762e-17   1.773610e-03   2.101278e-18   432
  4.458005e+00   2.918116e-17   1.941754e-03   3.007400e-18   504
  4.463400e+00   1.805315e-17   8.754449e-04   9.722824e-19   504
  4.471082e+00   2.909196e-17   1.722886e-03   1.564262e-18   876
  4.478033e+00   2.115797e-17   1.982878e-03   1.291855e-18   504
  4.485271e+00   2.148553e-17   1.264576e-03   1.569354e-18   696
  4.491253e+00   2.185228e-17   1.081079e-03   1.215252e-18   492
  4.499392e+00   1.965272e-17   1.547618e-03   1.325705e-18   432
  4.505420e+00   2.442246e-17   1.449174e-03   1.696258e-18   768
  4.512567e+00   1.911260e-17   1.805141e-03   1.480739e-18   648
  4.519390e+00   2.043333e-17   1.177661e-03   1.745732e-18   456
  4.527231e+00   2.747288e-17   1.619475e-03   2.028659e-18   552
  4.532676e+00   1.875714e-17   1.109989e-03   1.001129e-18   648
  4.540170e+00   1.746095e-17   1.809220e-03   7.794314e-19   840
  4.547491e+00   1.922625e-17   8.627791e-04   1.278466e-18   432
  4.554820e+00   1.971514e-17   1.056757e-03   1.491762e-18   600
  4.559917e+00   1.911765e-17   1.125905e-03   1.340872e-18   432
  4.568479e+00   2.024150e-17   1.120948e-03   1.387066e-18   560
  4.574277e+00   1.784831e-17   1.774344e-03   8.888760e-19   840
  4.581537e+00   1.954580e-17   1.050970e-03   1.492662e-18   504
  4.587303e+00   1.885030e-17   2.144966e-03   1.167431e-18   696
  4.595432e+00   2.391453e-17   1.171504e-03   1.980558e-18   384
  4.601763e+00   1.196436e-17   1.716116e-03   5.949605e-19   576
  4.609420e+00   1.635584e-17   1.059101e-03   1.126574e-18   360
  4.615593e+00   1.916931e-17   1.577258e-03   1.113440e-18   828
  4.622251e+00   1.157086e-17   1.404841e-03   8.397526e-19   372
  4.628352e+00   1.700570e-17   2.145462e-03   1.110748e-18   576
  4.636434e+00   1.759085e-17   8.985170e-04   1.134857e-18   636
  4.642192e+00   1.686432e-17   1.732109e-03   1.275056e-18   648
  4.649981e+00   1.213168e-17   1.408015e-03   8.674137e-19   576
  4.655573e+00   1.584663e-17   2.271277e-03   1.436320e-18   528
  4.663010e+00   1.406349e-17   9.710647e-04   1.393578e-18   360
  4.669165e+00   1.358732e-17   2.233813e-03   7.737069e-19   672
  4.677203e+00   1.413276e-17   1.144196e-03   8.883412e-19   804
  4.683893e+00   1.474932e-17   1.262185e-03   1.068411e-18   408
  4.691293e+00   1.821409e-17   7.801673e-04   1.480914e-18   384
  4.696276e+00   8.550644e-18   1.785323e-03   5.694570e-19   480
  4.703304e+00   1.215557e-17   1.153580e-03   8.443803e-19   432
  4.710045e+00   1.214110e-17   2.125802e-03   5.920942e-19   648
  4.718024e+00   1.069947e-17   1.319050e-03   5.726653e-19   624
  4.723861e+00   1.070627e-17   1.199787e-03   8.713558e-19   456
  4.731831e+00   1.008406e-17   1.639016e-03   5.149379e-19   588
  4.737172e+00   1.056786e-17   1.045685e-03   5.272061e-19   600
  4.744970e+00   9.751866e-18   1.631013e-03   5.772060e-19   708
  4.751130e+00   1.266778e-17   1.027507e-03   9.397770e-19   360
  4.757936e+00   1.023891e-17   1.181146e-03   5.867274e-19   552
  4.764461e+00   8.958052e-18   8.286020e-04   7.668323e-19   288
  4.771085e+00   9.776338e-18   1.557998e-03   7.074489e-19   528
  4.777309e+00   1.112987e-17   1.051098e-03   8.008201e-19   456
  4.784262e+00   9.333695e-18   1.863824e-03   6.273031e-19   608
  4.791256e+00   7.662999e-18   9.017389e-04   5.417366e-19   504
  4.798898e+00   7.766334e-18   1.935982e-03   5.480087e-19   540
  4.804891e+00   9.082575e-18   2.078222e-03   6.572678e-19   360
  4.811350e+00   1.049412e-17   9.411255e-04   6.848667e-19   540
  4.817063e+00   7.794939e-18   8.080679e-04   4.419999e-19   576
  4.825371e+00   7.306818e-18   1.873635e-03   4.091689e-19   588
  4.833270e+00   7.349757e-18   2.585051e-03   4.488064e-19   672
  4.840056e+00   9.375475e-18   1.975777e-03   6.315913e-19   552
  4.845526e+00   1.050126e-17   1.976776e-03   1.231166e-18   144
  4.852507e+00   7.527584e-18   1.679474e-03   4.113198e-19   600
  4.859125e+00   7.019524e-18   2.104747e-03   7.489878e-19   504
  4.866470e+00   7.908921e-18   2.162000e-03   7.097706e-19   336
  4.874196e+00   7.861221e-18   2.430098e-03   4.811736e-19   600
  4.881116e+00   5.496469e-18   1.568306e-03   3.097948e-19   636
  4.888585e+00   6.964888e-18   1.260932e-03   5.395646e-19   384
  4.893821e+00   7.077918e-18   1.758851e-03   4.993056e-19   504
  4.901368e+00   4.905810e-18   7.381651e-04   4.010161e-19   240
  4.907324e+00   7.230277e-18   1.734055e-03   3.775858e-19   744
  4.914470e+00   7.358146e-18   1.184096e-03   5.047257e-19   648
  4.920821e+00   8.456330e-18   7.860381e-04   7.806528e-19   120
  4.928265e+00   6.254014e-18   1.234764e-03   3.811347e-19   564
  4.933890e+00   6.460491e-18   1.939271e-03   4.584449e-19   432
  4.941396e+00   6.847090e-18   1.505258e-03   5.142722e-19   480
  4.947049e+00   4.331523e-18   1.107908e-03   3.040081e-19   456
  4.953721e+00   5.871877e-18   1.833424e-03   4.695300e-19   444
  4.961293e+00   5.259880e-18   2.805235e-03   3.826793e-19   528
  4.967944e+00   6.663785e-18   2.083390e-03   9.253085e-19   264
  4.974399e+00   5.502335e-18   2.135165e-03   3.558839e-19   444
  4.983082e+00   5.476880e-18   2.338759e-03   3.052841e-19   696
  4.990289e+00   4.644877e-18   1.250847e-03   3.511982e-19   384
  4.995560e+00   3.452145e-18   1.580550e-03   2.227697e-19   432
  5.003759e+00   4.543201e-18   1.092086e-03   2.629515e-19   488
  5.009082e+00   5.188669e-18   1.645909e-03   3.671336e-19   480
  5.016800e+00   3.976282e-18   1.835529e-03   2.828340e-19   480
  5.022777e+00   3.977103e-18   7.701318e-04   2.619794e-19   240
  5.029563e+00   4.320567e-18   1.798967e-03   2.759943e-19   600
  5.035964e+00   2.585383e-18   1.567616e-03   2.132060e-19   288
  5.042780e+00   4.846247e-18   1.507931e-03   3.575749e-19   480
  5.049682e+00   3.356935e-18   2.682341e-03   2.614988e-19   504
  5.056479e+00   3.846591e-18   1.150891e-03   3.851442e-19   216
  5.065146e+00   3.201604e-18   1.884192e-03   2.101207e-19   504
  5.071897e+00   3.540596e-18   1.515464e-03   2.527758e-19   456
  5.079286e+00   3.683258e-18   8.691442e-04   3.163114e-19   384
  5.084180e+00   3.371122e-18   1.764049e-03   2.728293e-19   480
  5.091134e+00   2.966486e-18   1.549032e-03   1.951181e-19   504
  5.097578e+00   3.170003e-18   9.826093e-04   2.581360e-19   312
  5.104521e+00   4.188835e-18   1.583441e-03   2.394773e-19   492
  5.110667e+00   3.620516e-18   1.484108e-03   3.055972e-19   312
  5.118579e+00   2.554403e-18   2.410815e-03   1.576378e-19   576
  5.125543e+00   2.897626e-18   2.225378e-03   2.952552e-19   336
  5.131328e+00   1.571839e-18   1.713438e-03   2.807625e-19   240
  5.139346e+00   3.227196e-18   2.271584e-03   2.431112e-19   468
  5.146270e+00   1.703118e-18   1.422340e-03   2.005383e-19   192
  5.153517e+00   2.010604e-18   1.426580e-03   1.789906e-19   324
  5.158828e+00   2.164260e-18   1.035388e-03   1.561644e-19   600
  5.166066e+00   1.938443e-18   1.679811e-03   1.418605e-19   456
  5.171442e+00   1.785820e-18   7.555789e-04   1.611452e-19   336
  5.180350e+00   2.417434e-18   2.262417e-03   1.641706e-19   612
  5.186832e+00   2.792417e-18   1.898719e-03   5.552744e-19   144
  5.192961e+00   2.051492e-18   2.216292e-03   1.364031e-19   552
  5.201296e+00   1.020149e-18   8.728032e-04   1.057629e-19   264
  5.206006e+00   2.000289e-18   2.020762e-03   1.759650e-19   336
  5.213435e+00   1.571691e-18   1.335250e-03   1.859615e-19   384
  5.219878e+00   1.855664e-18   7.516140e-04   1.739099e-19   216
  5.227010e+00   1.051468e-18   1.593577e-03   1.081034e-19   344
  5.233513e+00   1.697903e-18   2.377692e-03   1.530261e-19   408
  5.241438e+00   1.147854e-18   1.827101e-03   1.406991e-19   264
  5.248460e+00   1.438286e-18   2.547069e-03   1.020101e-19   612
  5.255476e+00   1.658122e-18   1.310917e-03   1.346350e-19   408
  5.262692e+00   1.378484e-18   1.312801e-03   1.355311e-19   444
  5.267993e+00   1.803061e-18   7.342396e-04   1.921269e-19   120
  5.275096e+00   1.421940e-18   2.028570e-03   1.039770e-19   336
  5.280368e+00   4.428779e-19   7.049199e-04   3.745912e-20   288
  5.287493e+00   1.216876e-18   2.193723e-03   9.274655e-20   552
  5.297288e+00   4.745719e-19   0.000000e+00   8.230455e-20   72
  5.302324e+00   1.136681e-18   2.178926e-03   1.285275e-19   504
  5.308207e+00   5.953209e-19   7.011571e-04   9.607514e-20   216
  5.315829e+00   8.802663e-19   1.251868e-03   1.115989e-19   312
  5.322672e+00   9.090722e-19   1.425448e-03   1.401585e-19   336
  5.329194e+00   7.559208e-19   1.975831e-03   1.009114e-19   204
  5.335689e+00   6.796322e-19   2.296216e-03   6.330213e-20   504
  5.342577e+00   1.044526e-18   2.186657e-03   1.092018e-19   396
  5.349201e+00   9.092479e-19   2.005279e-03   1.091562e-19   312
  5.357232e+00   1.055219e-18   1.225440e-03   1.039408e-19   216
  5.362890e+00   3.695372e-19   6.650698e-04   6.637590e-20   168
  5.369766e+00   6.979732e-19   1.679338e-03   7.226469e-20   588
  5.377613e+00   5.845458e-19   2.279505e-03   7.878077e-20   240
  5.383710e+00   4.438529e-19   2.013185e-03   7.237676e-20   264
  5.390860e+00   4.162486e-19   2.489717e-03   8.256107e-20   288
  5.397204e+00   5.842394e-19   1.243261e-03   7.004937e-20   288
  5.405244e+00   1.561719e-19   1.167620e-03   2.771499e-20   288
  5.410658e+00   2.883829e-19   1.352591e-03   4.446282e-20   192
  5.417469e+00   1.645950e-19   1.439292e-03   2.617492e-20   264
  5.423957e+00   3.417085e-19   2.367436e-03   2.728449e-20   372
  5.430940e+00   4.973526e-19   2.556933e-03   4.583916e-20   360
  5.439463e+00   6.101963e-19   1.082118e-03   7.830697e-20   144
  5.443868e+00   1.067429e-19   1.503015e-03   1.526793e-20   296
  5.450821e+00   1.726658e-19   1.619421e-03   3.796045e-20   288
  5.458782e+00   1.712587e-19   2.420184e-03   2.152772e-20   480
  5.465649e+00   2.196858e-19   2.010942e-03   5.764560e-20   192
  5.472326e+00   2.308688e-19   2.157009e-03   3.986739e-20   192
  5.478395e+00   1.012118e-19   1.374687e-03   3.242816e-20   288
  5.486835e+00   2.629618e-19   1.196646e-03   7.712728e-20   108
  5.491087e+00   8.376255e-20   1.150429e-03   1.422181e-20   240
  5.498595e+00   6.637619e-20   2.146152e-03   1.208369e-20   384
  5.506307e+00   2.291553e-20   2.618062e-03   5.713626e-21   108
  5.513127e+00   6.700481e-20   1.535018e-03   1.231269e-20   348
  5.520298e+00   6.502898e-20   1.602006e-03   1.014572e-20   312
  5.526703e+00   7.264696e-20   1.556684e-03   1.622072e-20   96
  5.532593e+00   3.034408e-20   2.072444e-03   6.606630e-21   384
  5.539190e+00   8.172814e-26   1.425422e-03   9.924850e-27   144
  5.545642e+00   3.293728e-20   2.190224e-03   4.445770e-21   408
  5.553663e+00   4.238986e-20   9.769946e-04   9.172968e-21   144
  5.561240e+00   3.693818e-20   1.878283e-03   7.553488e-21   192
  5.565734e+00   3.451408e-20   2.114042e-03   7.630966e-21   144
  5.573059e+00   3.339053e-26   1.718794e-03   4.411178e-27   144
  5.579969e+00   1.962908e-21   2.100644e-03   4.821392e-22   336
  5.588433e+00   1.798829e-21   1.554210e-03   4.741105e-22   240
  5.593800e+00   3.888499e-26   7.057532e-04   7.227454e-27   96
  5.601284e+00   1.191275e-25   2.069634e-03   1.550427e-26   372
  5.608856e+00   1.065203e-25   2.461786e-03   1.704986e-26   132
  5.615507e+00   2.062398e-26   1.523323e-03   1.693236e-27   264
  5.621457e+00   6.899142e-26   1.169843e-03   8.415863e-27   168
  5.627807e+00   4.085307e-26   1.870354e-03   4.874648e-27   216
  5.633417e+00   5.246979e-26   1.144306e-03   6.563039e-27   216
  5.641586e+00   1.739763e-26   2.099325e-03   2.062829e-27   96
  5.648999e+00   5.297806e-26   1.369618e-03   6.338320e-27   120
  5.655797e+00   3.774604e-26   1.741170e-03   4.538745e-27   216
  5.661397e+00   1.268160e-26   7.608972e-04   1.250536e-27   200
  5.668812e+00   2.817959e-26   1.969636e-03   2.621887e-27   288
  5.678322e+00   1.565380e-26   5.182495e-04   2.544651e-27   144
  5.682326e+00   1.715308e-26   1.612761e-03   1.989172e-27   168
  5.690504e+00   4.583841e-26   1.815012e-03   8.589548e-27   159
  5.696887e+00   2.280059e-26   1.904384e-03   4.195797e-27   174
  5.703065e+00   1.604083e-26   1.726829e-03   1.578162e-27   144
  5.711154e+00   2.413151e-26   9.971188e-04   2.710483e-27   222
  5.716564e+00   1.525189e-26   1.006181e-03   1.388751e-27   168
  5.725909e+00   2.563743e-26   2.206942e-03   6.101837e-27   30
  5.729769e+00   6.934010e-27   1.948567e-03   8.350193e-28   72
  5.737039e+00   1.542445e-26   1.739073e-03   2.504051e-27   258
  5.745032e+00   1.231422e-26   1.089226e-03   9.272893e-28   264
  5.749029e+00   1.238596e-26   1.174622e-07   2.338511e-27   72
  5.757357e+00   8.323031e-27   2.158892e-03   8.053273e-28   174
  5.764898e+00   1.394001e-26   2.298822e-03   1.582138e-27   168
  5.770961e+00   6.468416e-27   7.193062e-08   9.953707e-28   48
  5.777470e+00   8.486647e-27   1.298199e-03   6.585986e-28   150
  5.785016e+00   1.585594e-26   2.388130e-03   1.212121e-27   168
  5.792583e+00   6.585613e-27   1.454738e-03   5.300740e-28   144
  5.799541e+00   1.122766e-26   1.359056e-03   1.294299e-27   102
  5.804724e+00   8.364663e-27   2.011636e-03   8.742208e-28   96
  5.812948e+00   7.030843e-27   1.996414e-03   7.896954e-28   120
  5.819038e+00   6.854128e-27   2.141206e-03   4.780762e-28   168
  5.825625e+00   1.628829e-26   1.581111e-03   2.281581e-27   126
  5.831237e+00   9.818476e-27   1.192474e-03   1.236349e-27   168
  5.838969e+00   5.641999e-27   1.912134e-03   5.689194e-28   72
  5.845726e+00   6.608410e-27   2.394418e-03   4.931601e-28   168
  5.851646e+00   5.593154e-27   6.564276e-04   6.295652e-28   78
  5.859757e+00   8.653819e-27   1.077805e-03   1.431745e-27   60
  5.866288e+00   1.625820e-26   1.748374e-03   2.093513e-27   96
  5.873062e+00   8.428194e-27   2.121507e-03   7.004888e-28   168
  5.879428e+00   6.353515e-27   1.342407e-03   9.266947e-28   86
  5.886107e+00   4.746594e-27   1.199794e-03   3.680795e-28   120
  5.895681e+00   3.848958e-27   8.556122e-04   3.764787e-28   168
  5.900844e+00   3.299669e-27   0.000000e+00   2.933803e-28   48
  5.907798e+00   8.113732e-27   1.558833e-03   8.930750e-28   120
  5.911793e+00   3.988976e-27   1.137231e-03   3.629147e-28   126
  5.921548e+00   6.380842e-27   2.000073e-03   6.628983e-28   96
  5.927878e+00   6.718677e-27   5.767223e-04   8.164044e-28   96
  5.932871e+00   4.852518e-27   6.781684e-08   5.630783e-28   72
  5.943508e+00   3.362182e-27   7.193062e-08   7.197628e-28   24
  5.950147e+00   6.761381e-27   1.186881e-03   6.480063e-28   120
  5.955326e+00   5.795620e-27   1.731294e-03   8.124138e-28   126
  5.961084e+00   3.126438e-27   1.443268e-03   4.249978e-28   96
  5.967813e+00   3.188410e-27   2.494389e-03   3.041478e-28   72
  5.975306e+00   3.787226e-27   1.078907e-03   2.891135e-28   144
  5.981469e+00   5.413155e-27   6.222882e-04   6.589337e-28   72
  5.987626e+00   2.710747e-27   1.242932e-03   3.698156e-28   54
  5.993045e+00   4.279395e-27   1.095319e-03   5.228036e-28   108
  6.004306e+00   5.001720e-27   1.073696e-03   7.156155e-28   72
  6.007812e+00   3.545524e-27   6.195595e-04   3.012076e-28   72
  6.016129e+00   3.906627e-27   1.245875e-07   6.172940e-28   24
  6.023999e+00   2.069863e-27   1.310705e-03   2.642868e-28   48
  6.028777e+00   5.767786e-27   9.984188e-04   9.008292e-28   102
  6.035970e+00   3.214045e-27   2.258008e-03   3.294904e-28   168
  6.045369e+00   3.488996e-27   1.231465e-03   3.457745e-28   72
  6.048851e+00   2.517672e-27   0.000000e+00   4.318830e-28   48
  6.056156e+00   3.207592e-27   2.118194e-03   3.164654e-28   120
  6.065796e+00   2.909500e-27   1.301673e-03   2.743489e-28   96
  6.074901e+00   4.298927e-27   1.150890e-07   9.336952e-28   30
  6.085723e+00   5.278271e-27   6.115837e-04   6.738865e-28   72
  6.090478e+00   4.040847e-27   7.193062e-08   7.299868e-28   24
  6.096586e+00   2.544802e-27   9.065181e-04   4.378203e-28   56
  6.103428e+00   2.102618e-27   1.293647e-03   1.792451e-28   96
  6.111616e+00   2.904493e-27   1.428503e-03   2.050006e-28   144
  6.117928e+00   3.315659e-27   8.110480e-04   5.796481e-28   54
  6.127099e+00   3.174769e-27   1.215036e-03   3.105463e-28   108
  6.136327e+00   4.062242e-27   6.433558e-04   5.668529e-28   48
  6.145113e+00   3.087111e-27   2.422440e-03   3.876046e-28   72
  6.166195e+00   2.714930e-27   1.600514e-03   2.958430e-28   78
  6.172037e+00   1.503543e-27   1.206188e-03   2.251228e-28   72
  6.178856e+00   2.230153e-27   1.204690e-03   1.875852e-28   72
  6.185986e+00   2.588731e-27   2.907051e-03   2.741930e-28   96
  6.191621e+00   2.413637e-27   1.202207e-03   2.699106e-28   72
  6.198419e+00   1.749992e-27   0.000000e+00   2.675272e-28   24
  6.205208e+00   2.158359e-27   2.398986e-03   1.804734e-28   72
  6.220544e+00   2.680799e-27   1.523430e-03   5.569618e-28   30
  6.223843e+00   2.881743e-27   0.000000e+00   5.851723e-28   24
  6.241578e+00   1.535371e-27   1.265014e-03   2.020111e-28   48
  6.247142e+00   2.518220e-27   2.722309e-03   2.428263e-28   120
  6.254637e+00   1.683464e-27   1.190257e-03   1.722961e-28   72
  6.262206e+00   2.622913e-27   1.188818e-03   3.517252e-28   36
  6.267409e+00   2.545024e-27   2.349657e-03   2.743282e-28   78
  6.281928e+00   2.335854e-27   1.256888e-03   3.610180e-28   48
  6.300754e+00   1.643591e-27   1.017253e-07   2.479055e-28   24
  6.314166e+00   1.280520e-27   8.752715e-04   1.508021e-28   56
  6.320919e+00   1.755096e-27   1.346877e-03   2.221278e-28   102
  6.329510e+00   1.627096e-27   9.590750e-08   1.903071e-28   72
  6.334498e+00   2.170331e-27   7.193062e-08   3.339773e-28   24
  6.343217e+00   2.287338e-27   1.244744e-03   3.410478e-28   48
  6.359378e+00   2.542032e-27   0.000000e+00   3.566302e-28   24
  6.379213e+00   3.901281e-27   0.000000e+00   2.179471e-27   6
  6.385398e+00   1.274203e-27   0.000000e+00   2.325674e-28   24
  6.389518e+00   1.240885e-27   1.165127e-03   1.300727e-28   72
  6.397046e+00   1.371695e-27   2.173655e-03   1.774596e-28   84
  6.405152e+00   1.860950e-27   0.000000e+00   2.626424e-28   24
  6.407617e+00   1.292163e-27   1.017253e-07   2.219354e-28   24
  6.419927e+00   1.630535e-27   1.245875e-07   2.617295e-28   24
  6.437123e+00   3.206218e-28   0.000000e+00   1.275476e-28   6
  6.459163e+00   1.009584e-27   1.222400e-03   1.010896e-28   48
  6.464458e+00   1.628064e-27   2.302802e-03   1.722611e-28   72
  6.471376e+00   1.821171e-27   1.220094e-03   2.098846e-28   48
  6.482347e+00   1.772317e-27   0.000000e+00   2.952687e-28   24
  6.496947e+00   4.769019e-27   0.000000e+00   2.147432e-27   6
  6.529678e+00   1.875995e-27   0.000000e+00   4.431547e-28   8
  6.532096e+00   1.022713e-27   7.193062e-08   1.021160e-28   48
  6.537895e+00   1.154811e-27   1.183236e-03   1.564085e-28   60
  6.546585e+00   1.909606e-27   0.000000e+00   3.164000e-28   24
  6.558634e+00   1.836504e-27   0.000000e+00   1.573623e-28   6
  6.603027e+00   1.215803e-27   0.000000e+00   1.246379e-28   24
  6.606613e+00   1.145156e-27   1.195118e-03   1.447931e-28   48
  6.612586e+00   1.361164e-27   0.000000e+00   2.177916e-28   24
  6.622132e+00   1.963226e-27   0.000000e+00   4.779773e-28   6
  6.676359e+00   1.689521e-27   1.114931e-03   2.740591e-28   36
  6.680300e+00   1.206854e-27   0.000000e+00   3.202043e-28   24
  6.687387e+00   8.514814e-28   0.000000e+00   3.094202e-28   6
  6.749089e+00   9.352478e-28   1.013241e-03   1.667455e-28   32
  6.754351e+00   2.110710e-27   0.000000e+00   5.048231e-28   6
  6.820657e+00   1.134687e-27   0.000000e+00   2.530931e-28   12
  6.822972e+00   3.428462e-27   0.000000e+00   1.562328e-27   6
  6.893201e+00   2.558901e-27   0.000000e+00   1.953729e-28   6
