# power spectrum of zeta (dimensionless)
# redshift z=9.995300
# k              Pk             sigma(k)       sigma(Pk)      count
  4.487990e-03   1.680850e-14   0.000000e+00   3.819162e-15   6
  6.346976e-03   8.860804e-14   0.000000e+00   2.598174e-14   12
  7.773426e-03   2.254889e-13   8.514949e-11   8.609110e-14   8
  8.975979e-03   2.895176e-13   0.000000e+00   2.511760e-14   6
  1.003545e-02   3.002638e-13   1.605594e-10   3.653765e-14   24
  1.099328e-02   5.023074e-13   1.605594e-10   1.275180e-13   24
  1.269395e-02   1.042514e-12   0.000000e+00   3.014420e-13   12
  1.346397e-02   1.031136e-12   1.816523e-10   1.667775e-13   30
  1.419227e-02   7.767808e-13   0.000000e+00   9.098066e-14   24
  1.488498e-02   1.051143e-12   2.780971e-10   1.860278e-13   24
  1.554685e-02   2.199953e-12   1.702990e-10   3.842183e-13   8
  1.618168e-02   1.292761e-12   2.270653e-10   1.743833e-13   24
  1.679252e-02   1.345760e-12   0.000000e+00   1.545503e-13   48
  1.795196e-02   9.010647e-13   0.000000e+00   4.200057e-14   6
  1.850445e-02   1.675425e-12   2.270653e-10   2.163709e-13   48
  1.904093e-02   1.376373e-12   2.140792e-10   1.521477e-13   36
  1.956269e-02   1.879447e-12   2.270653e-10   3.756211e-13   24
  2.007090e-02   2.157765e-12   3.211188e-10   2.206121e-13   24
  2.056655e-02   2.171587e-12   0.000000e+00   3.396311e-13   48
  2.105054e-02   1.775773e-12   3.211188e-10   3.165515e-13   24
  2.198657e-02   2.828033e-12   3.211188e-10   4.220409e-13   24
  2.243995e-02   1.398695e-12   0.000000e+00   1.954215e-13   30
  2.288435e-02   2.333179e-12   0.000000e+00   2.769741e-13   72
  2.332028e-02   1.283065e-12   3.405980e-10   1.585944e-13   32
  2.416856e-02   1.732353e-12   0.000000e+00   1.766982e-13   72
  2.458173e-02   2.132595e-12   0.000000e+00   1.727902e-13   48
  2.538790e-02   3.347781e-12   0.000000e+00   1.017990e-12   12
  2.578154e-02   2.330196e-12   0.000000e+00   2.854842e-13   48
  2.616925e-02   2.549036e-12   0.000000e+00   4.283254e-13   48
  2.655130e-02   2.625052e-12   3.211188e-10   2.931902e-13   48
  2.692794e-02   1.880005e-12   3.633045e-10   2.355916e-13   30
  2.729937e-02   1.304813e-12   0.000000e+00   2.575614e-13   24
  2.766583e-02   2.226086e-12   6.769780e-10   2.936594e-13   72
  2.838454e-02   2.275532e-12   0.000000e+00   3.341392e-13   24
  2.873715e-02   2.099766e-12   0.000000e+00   1.622668e-13   96
  2.908550e-02   2.203280e-12   0.000000e+00   3.051716e-13   48
  2.942972e-02   3.295846e-12   5.561942e-10   4.697786e-13   24
  2.976995e-02   3.458428e-12   5.561942e-10   6.504956e-13   24
  3.010635e-02   2.232426e-12   0.000000e+00   2.800124e-13   72
  3.043903e-02   2.643576e-12   0.000000e+00   2.980379e-13   48
  3.109370e-02   3.003709e-12   3.405980e-10   9.120579e-13   8
  3.141593e-02   3.101484e-12   4.036717e-10   4.094608e-13   54
  3.173488e-02   2.810288e-12   0.000000e+00   2.853252e-13   84
  3.205066e-02   2.066207e-12   0.000000e+00   2.328202e-13   48
  3.236335e-02   2.809732e-12   4.541306e-10   5.287988e-13   24
  3.267306e-02   2.773436e-12   6.055075e-10   2.770614e-13   72
  3.297985e-02   2.196827e-12   0.000000e+00   2.199904e-13   96
  3.358504e-02   3.033946e-12   0.000000e+00   3.669952e-13   48
  3.388358e-02   2.556433e-12   0.000000e+00   2.437222e-13   48
  3.417951e-02   2.355603e-12   0.000000e+00   4.344269e-13   24
  3.447290e-02   2.352613e-12   0.000000e+00   2.283600e-13   72
  3.505232e-02   2.237292e-12   0.000000e+00   3.044193e-13   72
  3.533846e-02   2.647734e-12   0.000000e+00   2.337535e-13   96
  3.590392e-02   4.454761e-12   0.000000e+00   8.627489e-13   6
  3.618333e-02   2.606948e-12   0.000000e+00   2.454420e-13   96
  3.646060e-02   2.539086e-12   4.541306e-10   2.511779e-13   96
  3.673578e-02   3.583737e-12   0.000000e+00   7.173145e-13   24
  3.700891e-02   3.142096e-12   4.541306e-10   4.049125e-13   48
  3.728004e-02   3.040385e-12   0.000000e+00   3.136631e-13   96
  3.754921e-02   2.734205e-12   0.000000e+00   3.138589e-13   48
  3.808185e-02   3.244907e-12   4.281585e-10   3.768741e-13   36
  3.834540e-02   2.262554e-12   7.865773e-10   3.159511e-13   48
  3.860715e-02   2.744702e-12   8.899106e-10   2.478167e-13   120
  3.886713e-02   2.445341e-12   0.000000e+00   3.723725e-13   56
  3.912539e-02   2.119378e-12   4.541306e-10   3.982485e-13   24
  3.938195e-02   3.576224e-12   0.000000e+00   3.624802e-13   96
  3.963685e-02   2.708421e-12   0.000000e+00   3.206506e-13   48
  4.014180e-02   2.623333e-12   6.422377e-10   4.623175e-13   24
  4.039191e-02   2.560803e-12   0.000000e+00   2.227821e-13   102
  4.064047e-02   3.352640e-12   4.541306e-10   4.320387e-13   48
  4.088753e-02   3.214455e-12   0.000000e+00   4.376048e-13   72
  4.113310e-02   3.364251e-12   0.000000e+00   4.597381e-13   48
  4.137722e-02   3.105251e-12   0.000000e+00   4.064015e-13   48
  4.161990e-02   3.742070e-12   1.027580e-09   3.183041e-13   120
  4.210107e-02   3.982797e-12   6.422377e-10   7.010722e-13   24
  4.233961e-02   3.885477e-12   6.055075e-10   2.891028e-13   144
  4.257681e-02   2.813607e-12   7.266090e-10   3.192138e-13   120
  4.281269e-02   2.482089e-12   6.422377e-10   2.581356e-13   48
  4.328060e-02   2.366962e-12   6.422377e-10   3.080807e-13   48
  4.351267e-02   3.442288e-12   6.422377e-10   3.414702e-13   96
  4.412543e-02   2.959550e-12   1.076845e-04   3.212597e-13   72
  4.442883e-02   3.470305e-12   5.708779e-10   3.072700e-13   108
  4.465493e-02   3.446604e-12   0.000000e+00   4.026327e-13   72
  4.487990e-02   2.012236e-12   0.000000e+00   3.009693e-13   30
  4.510374e-02   3.033266e-12   0.000000e+00   2.550838e-13   168
  4.532647e-02   4.024068e-12   0.000000e+00   4.559237e-13   48
  4.576869e-02   3.778948e-12   0.000000e+00   4.205931e-13   72
  4.598821e-02   3.496433e-12   0.000000e+00   3.803803e-13   96
  4.620668e-02   3.466330e-12   1.211015e-09   3.797838e-13   72
  4.642412e-02   3.316913e-12   0.000000e+00   2.633061e-13   72
  4.678970e-02   3.976191e-12   9.942967e-05   3.169543e-13   104
  4.707043e-02   2.859033e-12   8.563169e-10   2.200410e-13   144
  4.770798e-02   2.870322e-12   1.436087e-09   2.344443e-13   96
  4.791862e-02   3.272736e-12   0.000000e+00   2.620210e-13   96
  4.825361e-02   3.801550e-12   1.022910e-04   3.088684e-13   120
  4.854503e-02   3.302699e-12   0.000000e+00   3.022581e-13   120
  4.875204e-02   2.994265e-12   0.000000e+00   3.215558e-13   72
  4.916346e-02   2.954870e-12   0.000000e+00   2.964715e-13   48
  4.936788e-02   3.044290e-12   1.117860e-09   3.581886e-13   78
  4.962939e-02   3.756179e-12   9.159181e-05   2.881490e-13   168
  5.017725e-02   3.145163e-12   1.048770e-09   2.576050e-13   144
  5.037756e-02   3.266760e-12   8.563169e-10   2.491400e-13   144
  5.095853e-02   3.914526e-12   5.274950e-05   3.026844e-13   156
  5.117095e-02   2.858210e-12   1.112388e-09   4.493133e-13   48
  5.136739e-02   2.555532e-12   7.266090e-10   2.082462e-13   120
  5.156307e-02   3.773295e-12   0.000000e+00   8.041731e-13   48
  5.190908e-02   3.196159e-12   8.074274e-05   1.926876e-13   216
  5.233850e-02   2.753906e-12   0.000000e+00   3.554298e-13   48
  5.253057e-02   3.654891e-12   6.422377e-10   3.879776e-13   96
  5.280366e-02   3.372653e-12   9.436050e-05   2.190386e-13   168
  5.310261e-02   3.900366e-12   6.422377e-10   5.531012e-13   48
  5.329192e-02   2.924341e-12   0.000000e+00   3.075967e-13   96
  5.348057e-02   3.345729e-12   0.000000e+00   4.095414e-13   48
  5.385587e-02   2.895130e-12   7.266090e-10   3.878345e-13   30
  5.404255e-02   3.592789e-12   0.000000e+00   4.205822e-13   96
  5.426566e-02   3.207886e-12   7.415896e-05   1.596298e-13   240
  5.455256e-02   2.680014e-12   8.000683e-05   5.022571e-13   32
  5.478289e-02   3.003620e-12   0.000000e+00   2.538891e-13   168
  5.496642e-02   3.468644e-12   0.000000e+00   3.096760e-13   120
  5.533165e-02   3.294087e-12   1.353956e-09   3.651712e-13   72
  5.551336e-02   3.370638e-12   6.055075e-10   2.665579e-13   144
  5.569449e-02   2.475944e-12   0.000000e+00   2.265875e-13   96
  5.587502e-02   2.912831e-12   0.000000e+00   2.813718e-13   96
  5.623435e-02   2.894702e-12   0.000000e+00   2.917996e-13   72
  5.641315e-02   3.048833e-12   9.082613e-10   2.933640e-13   96
  5.676908e-02   3.866882e-12   0.000000e+00   5.979587e-13   24
  5.694620e-02   3.109516e-12   0.000000e+00   2.128777e-13   192
  5.715479e-02   2.937845e-12   6.789523e-05   2.480092e-13   132
  5.747431e-02   4.084451e-12   0.000000e+00   5.646392e-13   96
  5.764927e-02   3.361640e-12   0.000000e+00   2.673979e-13   96
  5.782370e-02   3.501292e-12   7.266090e-10   3.089405e-13   120
  5.817099e-02   3.454924e-12   0.000000e+00   4.220664e-13   48
  5.845566e-02   3.433772e-12   8.228355e-05   2.279446e-13   222
  5.868808e-02   3.730597e-12   0.000000e+00   2.625945e-13   120
  5.885943e-02   2.777081e-12   1.112388e-09   6.806063e-13   24
  5.910891e-02   3.653969e-12   8.492858e-05   2.063648e-13   312
  5.965251e-02   3.247232e-12   7.962394e-05   3.556663e-13   72
  5.987725e-02   3.226332e-12   1.112388e-09   3.501749e-13   96
  6.010802e-02   3.269945e-12   8.108596e-05   2.371578e-13   192
  6.037972e-02   2.795296e-12   1.027580e-09   2.519703e-13   120
  6.054629e-02   2.883332e-12   0.000000e+00   2.473701e-13   144
  6.087805e-02   3.308861e-12   0.000000e+00   4.886556e-13   48
  6.111387e-02   2.884160e-12   8.153477e-05   1.685618e-13   336
  6.137233e-02   3.612995e-12   0.000000e+00   5.376643e-13   48
  6.169965e-02   3.577157e-12   0.000000e+00   2.313059e-13   192
  6.186267e-02   2.397610e-12   0.000000e+00   3.766499e-13   48
  6.232604e-02   3.201395e-12   5.659583e-05   4.018526e-13   56
  6.255643e-02   3.725854e-12   7.268827e-05   1.920146e-13   336
  6.283185e-02   3.736646e-12   8.073433e-10   6.450436e-13   54
  6.307177e-02   2.920880e-12   7.983781e-05   1.878420e-13   240
  6.356985e-02   3.269023e-12   7.644534e-05   2.031708e-13   228
  6.378632e-02   3.129762e-12   8.563169e-10   3.385607e-13   72
  6.399644e-02   3.252960e-12   7.415385e-05   2.927122e-13   144
  6.425823e-02   3.649450e-12   0.000000e+00   4.257075e-13   96
  6.441477e-02   2.948159e-12   1.027580e-09   1.684112e-13   240
  6.472671e-02   4.711658e-12   9.082613e-10   8.313167e-13   24
  6.492641e-02   3.585100e-12   7.003773e-05   1.911269e-13   336
  6.519181e-02   3.677508e-12   0.000000e+00   3.728185e-13   72
  6.543408e-02   3.750029e-12   7.617900e-05   2.637092e-13   168
  6.565363e-02   3.462845e-12   0.000000e+00   3.406256e-13   72
  6.595971e-02   2.939289e-12   0.000000e+00   2.243505e-13   96
  6.619675e-02   3.532485e-12   7.560752e-05   2.447349e-13   216
  6.641618e-02   2.557928e-12   0.000000e+00   2.229015e-13   96
  6.671876e-02   2.432398e-12   9.082613e-10   1.791555e-13   192
  6.686954e-02   2.748525e-12   8.563169e-10   2.257864e-13   144
  6.717008e-02   3.329523e-12   0.000000e+00   3.864047e-13   48
  6.737816e-02   2.864423e-12   7.289453e-05   1.760380e-13   246
  6.766089e-02   3.314579e-12   6.720992e-05   3.236841e-13   168
  6.791561e-02   3.529527e-12   1.779821e-09   2.858304e-13   120
  6.806373e-02   2.864751e-12   0.000000e+00   1.788815e-13   240
  6.835902e-02   2.362591e-12   0.000000e+00   3.363842e-13   24
  6.859430e-02   3.215770e-12   7.194229e-05   1.481589e-13   360
  6.888731e-02   2.877785e-12   7.163615e-05   2.764348e-13   120
  6.909172e-02   2.194525e-12   0.000000e+00   1.653451e-13   144
  6.923733e-02   3.185170e-12   0.000000e+00   2.664384e-13   96
  6.967233e-02   2.682438e-12   0.000000e+00   2.082377e-13   144
  6.981673e-02   2.779438e-12   0.000000e+00   2.354722e-13   132
  7.001966e-02   2.795814e-12   7.070381e-05   2.099629e-13   176
  7.031425e-02   3.029531e-12   7.139661e-05   1.643138e-13   312
  7.067693e-02   2.938498e-12   0.000000e+00   3.149323e-13   96
  7.081928e-02   2.640328e-12   0.000000e+00   1.910976e-13   144
  7.103769e-02   3.267548e-12   7.068048e-05   1.545044e-13   312
  7.138584e-02   2.903748e-12   0.000000e+00   3.571903e-13   48
  7.152678e-02   3.394678e-12   9.082613e-10   2.400645e-13   192
  7.180783e-02   3.571223e-12   0.000000e+00   1.030590e-12   6
  7.199456e-02   2.865410e-12   6.592151e-05   1.656870e-13   288
  7.229701e-02   3.339173e-12   6.965036e-05   2.514828e-13   192
  7.250569e-02   2.711320e-12   2.136030e-09   1.817671e-13   216
  7.264446e-02   2.820842e-12   0.000000e+00   3.026545e-13   72
  7.299019e-02   3.484871e-12   6.898890e-05   2.205622e-13   192
  7.321980e-02   2.997786e-12   5.122797e-05   1.692944e-13   288
  7.347155e-02   3.620136e-12   0.000000e+00   5.143819e-13   24
  7.366606e-02   2.747179e-12   6.748859e-05   1.328731e-13   456
  7.401782e-02   2.722284e-12   0.000000e+00   3.347079e-13   48
  7.423517e-02   2.785913e-12   6.647357e-05   1.802973e-13   240
  7.448497e-02   2.629431e-12   6.717903e-05   1.880369e-13   216
  7.469503e-02   2.290633e-12   0.000000e+00   2.542767e-13   72
  7.482974e-02   3.052260e-12   2.321067e-09   1.955912e-13   168
  7.521008e-02   3.022129e-12   4.993319e-05   1.773161e-13   288
  7.542338e-02   3.252942e-12   6.607016e-05   2.316061e-13   168
  7.576598e-02   2.822925e-12   0.000000e+00   1.916814e-13   192
  7.589879e-02   2.221174e-12   8.563169e-10   1.646698e-13   144
  7.616371e-02   2.967278e-12   8.563169e-10   3.755748e-13   36
  7.638837e-02   3.143347e-12   6.033611e-05   1.561218e-13   342
  7.660318e-02   2.760665e-12   6.195787e-05   2.690631e-13   144
  7.687931e-02   2.982163e-12   6.497828e-05   1.526665e-13   384
  7.721429e-02   2.745624e-12   1.779821e-09   2.151301e-13   120
  7.738009e-02   2.703870e-12   5.794173e-05   1.730634e-13   264
  7.760459e-02   3.040726e-12   2.872174e-09   2.557666e-13   192
  7.781602e-02   2.856326e-12   6.244329e-05   2.107986e-13   152
  7.799294e-02   3.296051e-12   1.712634e-09   2.300699e-13   144
  7.836508e-02   2.732419e-12   4.041391e-05   1.652205e-13   216
  7.853733e-02   2.963791e-12   5.400376e-05   2.010571e-13   312
  7.884055e-02   2.950615e-12   6.258929e-05   1.968739e-13   240
  7.901921e-02   2.254405e-12   9.082613e-10   2.674252e-13   96
  7.935833e-02   2.355547e-12   5.983988e-05   1.978793e-13   144
  7.956734e-02   2.530629e-12   5.881734e-05   1.127598e-13   456
  7.990638e-02   2.722038e-12   0.000000e+00   2.285845e-13   120
  8.003232e-02   2.756443e-12   0.000000e+00   2.431183e-13   144
  8.028360e-02   2.534057e-12   1.284475e-09   4.354225e-13   24
  8.044470e-02   2.904743e-12   5.653709e-05   1.506327e-13   336
  8.072332e-02   2.641563e-12   6.235271e-05   1.813889e-13   198
  8.098439e-02   2.480008e-12   6.063443e-05   1.082276e-13   432
  8.128095e-02   2.233742e-12   1.816523e-09   2.837931e-13   48
  8.143566e-02   2.536573e-12   5.352971e-05   1.160136e-13   384
  8.171344e-02   2.857037e-12   6.162404e-05   2.011876e-13   144
  8.196515e-02   2.036675e-12   6.118458e-05   1.187892e-13   264
  8.226621e-02   2.037368e-12   0.000000e+00   2.939629e-13   48
  8.246820e-02   2.466665e-12   5.817654e-05   1.553432e-13   276
  8.266310e-02   2.614046e-12   5.273546e-05   1.744927e-13   192
  8.292356e-02   2.321634e-12   5.926306e-05   1.117980e-13   552
  8.323980e-02   2.043500e-12   1.453218e-09   1.552793e-13   120
  8.342777e-02   2.083681e-12   5.998883e-05   1.418367e-13   216
  8.360198e-02   2.506651e-12   1.453218e-09   2.017684e-13   120
  8.391317e-02   2.720890e-12   5.907428e-05   1.433919e-13   408
  8.420215e-02   3.905079e-12   1.284475e-09   4.734166e-13   24
  8.438134e-02   2.365055e-12   5.967566e-05   1.270633e-13   384
  8.463161e-02   1.850088e-12   5.830526e-05   1.121307e-13   240
  8.484893e-02   2.419005e-12   5.873223e-05   1.809727e-13   168
  8.515361e-02   1.958173e-12   0.000000e+00   1.866546e-13   120
  8.535003e-02   2.386626e-12   6.122527e-05   1.259769e-13   350
  8.566942e-02   2.974628e-12   1.007886e-04   1.484686e-13   384
  8.586029e-02   2.108185e-12   0.000000e+00   1.678371e-13   144
  8.621146e-02   2.292659e-12   1.211015e-09   1.480890e-13   288
  8.639482e-02   2.372258e-12   5.769264e-05   1.187878e-13   336
  8.664426e-02   2.485528e-12   5.252436e-05   1.861089e-13   168
  8.679359e-02   2.445900e-12   3.442699e-09   1.237289e-13   336
  8.710244e-02   2.364882e-12   5.451716e-05   1.326197e-13   288
  8.728795e-02   2.400106e-12   5.136910e-05   1.643308e-13   264
  8.760206e-02   2.243566e-12   0.000000e+00   1.582017e-13   240
  8.771695e-02   2.612137e-12   0.000000e+00   2.556139e-13   96
  8.812928e-02   2.615814e-12   6.985852e-05   1.480377e-13   360
  8.832172e-02   2.656902e-12   5.149772e-05   2.030707e-13   168
  8.856486e-02   2.366077e-12   5.613787e-05   1.106149e-13   456
  8.885766e-02   1.882879e-12   1.614687e-09   1.839318e-13   108
  8.902234e-02   1.964849e-12   5.632711e-05   1.300915e-13   264
  8.922780e-02   2.148287e-12   5.025296e-05   1.190289e-13   264
  8.950914e-02   2.115899e-12   4.742099e-05   9.986333e-14   312
  8.985946e-02   2.128171e-12   3.523897e-05   1.309706e-13   270
  9.000628e-02   2.555380e-12   4.474031e-05   1.647142e-13   240
  9.027023e-02   1.985940e-12   5.534940e-05   8.895556e-14   384
  9.043048e-02   2.179810e-12   1.816523e-09   1.547057e-13   192
  9.074177e-02   2.290799e-12   4.441052e-05   1.730130e-13   240
  9.092233e-02   2.011416e-12   5.480976e-05   1.130988e-13   336
  9.126190e-02   2.314612e-12   5.517650e-05   9.985357e-14   480
  9.153738e-02   1.997742e-12   1.211015e-09   2.399572e-13   72
  9.169127e-02   2.338156e-12   5.380211e-05   1.413487e-13   240
  9.190057e-02   2.337848e-12   5.056661e-05   1.318192e-13   312
  9.214050e-02   2.227472e-12   5.465037e-05   1.806256e-13   240
  9.250305e-02   2.168590e-12   4.152014e-05   1.061172e-13   408
  9.264658e-02   1.846188e-12   3.802244e-05   9.920109e-14   336
  9.292709e-02   2.037202e-12   4.827913e-05   1.290209e-13   264
  9.306493e-02   1.741787e-12   0.000000e+00   1.431084e-13   144
  9.344847e-02   1.976373e-12   6.691774e-05   7.912928e-14   464
  9.365053e-02   2.121212e-12   5.321333e-05   1.697423e-13   168
  9.385003e-02   1.991344e-12   4.846574e-05   1.223712e-13   336
  9.421059e-02   2.272927e-12   5.092274e-05   1.027427e-13   414
  9.441384e-02   2.406573e-12   5.300755e-05   1.482357e-13   216
  9.467424e-02   2.552246e-12   1.284475e-09   2.376457e-13   96
  9.478056e-02   2.191174e-12   3.146309e-09   9.534586e-14   384
  9.515300e-02   2.104120e-12   5.290514e-05   9.041879e-14   492
  9.535260e-02   2.033847e-12   5.173669e-05   1.333576e-13   240
  9.557820e-02   1.955423e-12   5.253086e-05   1.152325e-13   312
  9.588974e-02   2.003976e-12   5.251357e-05   1.459204e-13   192
  9.608709e-02   2.114234e-12   5.089201e-05   8.820716e-14   504
  9.634892e-02   2.147884e-12   3.369138e-05   1.256513e-13   408
  9.655507e-02   1.997202e-12   1.032177e-04   1.391822e-13   168
  9.681304e-02   1.951602e-12   4.902931e-05   1.062057e-13   288
  9.702952e-02   1.910853e-12   5.116628e-05   1.005524e-13   288
  9.725127e-02   1.951989e-12   5.146081e-05   9.920989e-14   432
  9.757291e-02   2.105298e-12   4.866478e-05   1.512904e-13   216
  9.774479e-02   1.849201e-12   4.856211e-05   9.862160e-14   360
  9.805077e-02   2.326822e-12   4.739615e-05   1.487618e-13   312
  9.832692e-02   1.320382e-12   0.000000e+00   1.634029e-13   48
  9.848611e-02   1.832599e-12   5.081550e-05   8.404698e-14   432
  9.877120e-02   1.856464e-12   8.476078e-05   8.958038e-14   414
  9.893956e-02   1.878503e-12   1.936190e-09   1.165250e-13   312
  9.925365e-02   2.008566e-12   7.437288e-05   9.243879e-14   528
  9.946561e-02   1.905312e-12   3.903945e-05   1.116536e-13   264
  9.972025e-02   2.000752e-12   4.629008e-05   9.597794e-14   480
  1.000530e-01   1.898864e-12   0.000000e+00   1.141304e-13   288
  1.001967e-01   1.601101e-12   4.973726e-05   9.892459e-14   168
  1.004595e-01   1.995968e-12   7.873394e-05   9.125966e-14   504
  1.007551e-01   2.393057e-12   1.211015e-09   1.813408e-13   144
  1.009411e-01   1.704690e-12   5.056606e-05   8.389179e-14   464
  1.012205e-01   1.822654e-12   7.420855e-05   1.004451e-13   432
  1.013531e-01   1.840209e-12   1.284475e-09   1.251851e-13   192
  1.016957e-01   1.661403e-12   5.501332e-05   8.839584e-14   396
  1.018981e-01   1.893117e-12   4.941713e-05   1.024263e-13   288
  1.021026e-01   1.577368e-12   4.881567e-05   9.221401e-14   336
  1.024293e-01   1.767492e-12   3.091107e-05   8.973936e-14   432
  1.026367e-01   1.861279e-12   8.011717e-05   1.009458e-13   360
  1.028695e-01   1.788064e-12   4.739049e-05   8.220700e-14   384
  1.032001e-01   1.847960e-12   4.183121e-05   1.307878e-13   198
  1.033594e-01   1.666142e-12   4.754848e-05   7.030130e-14   552
  1.036565e-01   1.700162e-12   6.656461e-05   7.882618e-14   432
  1.039045e-01   1.921657e-12   2.542602e-09   1.493933e-13   168
  1.041126e-01   1.540587e-12   8.251578e-05   6.602774e-14   480
  1.043880e-01   2.433528e-12   0.000000e+00   2.334335e-13   120
  1.045119e-01   1.870895e-12   6.739531e-05   1.001097e-13   336
  1.048143e-01   1.793673e-12   4.754634e-05   6.629796e-14   672
  1.051134e-01   1.527625e-12   6.916265e-05   6.828775e-14   528
  1.052527e-01   1.830468e-12   2.076026e-09   1.611160e-13   168
  1.055745e-01   1.634986e-12   7.715047e-05   8.725733e-14   456
  1.057708e-01   1.605025e-12   4.711644e-05   1.403156e-13   168
  1.059747e-01   1.713389e-12   4.703185e-05   8.681861e-14   504
  1.063135e-01   1.541435e-12   6.052278e-05   8.217686e-14   336
  1.065184e-01   1.696966e-12   4.362976e-05   1.049783e-13   312
  1.067457e-01   1.670577e-12   4.262923e-05   6.936326e-14   504
  1.070448e-01   1.584098e-12   2.957734e-05   8.306276e-14   432
  1.071854e-01   1.520547e-12   4.570679e-05   8.175647e-14   312
  1.074777e-01   1.469343e-12   4.685168e-05   7.535797e-14   384
  1.077830e-01   1.615647e-12   3.980594e-05   1.436186e-13   126
  1.079714e-01   1.458780e-12   6.988975e-05   7.419451e-14   492
  1.082121e-01   1.588245e-12   4.476446e-05   6.925792e-14   528
  1.085129e-01   1.611157e-12   4.547108e-05   7.231753e-14   480
  1.086993e-01   1.419682e-12   6.281804e-05   6.625927e-14   432
  1.089692e-01   1.381983e-12   4.939807e-05   7.298529e-14   440
  1.092826e-01   1.600656e-12   2.456546e-05   8.767156e-14   312
  1.094002e-01   1.429145e-12   3.681340e-05   7.019995e-14   480
  1.096414e-01   1.299932e-12   7.207992e-05   7.247338e-14   408
  1.099939e-01   1.535859e-12   4.316772e-05   7.289657e-14   360
  1.101428e-01   1.603409e-12   4.165528e-05   7.219865e-14   408
  1.104187e-01   1.300499e-12   4.238952e-05   6.252576e-14   456
  1.107295e-01   1.643158e-12   4.051394e-05   9.260845e-14   264
  1.109019e-01   1.190742e-12   4.396779e-05   6.692562e-14   384
  1.111530e-01   1.430743e-12   7.402287e-05   5.853946e-14   672
  1.114432e-01   1.354828e-12   4.427524e-05   8.292544e-14   240
  1.116107e-01   1.385956e-12   4.492830e-05   8.231238e-14   264
  1.118470e-01   1.468736e-12   5.541164e-05   5.716249e-14   624
  1.121997e-01   1.253385e-12   0.000000e+00   9.513033e-14   150
  1.123253e-01   1.417607e-12   6.209312e-05   5.733770e-14   600
  1.125901e-01   1.482324e-12   4.285507e-05   5.823721e-14   672
  1.128900e-01   1.601448e-12   4.030821e-05   8.267462e-14   336
  1.130571e-01   1.382124e-12   4.384359e-05   6.952876e-14   408
  1.133240e-01   1.577976e-12   4.374031e-05   6.803974e-14   408
  1.136209e-01   1.424027e-12   2.211745e-05   6.935911e-14   360
  1.138039e-01   1.316348e-12   8.120816e-05   6.448458e-14   456
  1.140250e-01   1.636536e-12   4.416149e-05   8.192725e-14   384
  1.143063e-01   1.200035e-12   4.076666e-05   6.672912e-14   348
  1.144584e-01   1.332994e-12   5.025723e-05   5.479403e-14   576
  1.147440e-01   1.403902e-12   4.138022e-05   6.179691e-14   504
  1.150362e-01   1.538876e-12   5.836440e-05   7.653292e-14   432
  1.152912e-01   1.283923e-12   7.940448e-05   5.358753e-14   576
  1.154731e-01   1.256231e-12   0.000000e+00   7.116560e-14   264
  1.157616e-01   1.191069e-12   6.318613e-05   4.804220e-14   768
  1.160125e-01   1.243321e-12   8.506861e-05   8.544158e-14   240
  1.162120e-01   1.321245e-12   7.502246e-05   9.328961e-14   192
  1.165026e-01   1.317943e-12   5.522570e-05   5.765088e-14   504
  1.167181e-01   1.211380e-12   7.441870e-05   5.053866e-14   590
  1.169248e-01   1.261420e-12   8.338208e-05   6.131969e-14   384
  1.171839e-01   1.197843e-12   6.968286e-05   5.162409e-14   504
  1.174968e-01   1.172732e-12   6.705897e-05   4.819744e-14   648
  1.178003e-01   1.170751e-12   1.821233e-05   4.798437e-14   504
  1.179227e-01   1.141148e-12   4.154576e-05   6.386590e-14   312
  1.181387e-01   1.174979e-12   5.985722e-05   4.623312e-14   576
  1.184353e-01   1.446057e-12   4.165498e-05   9.225174e-14   240
  1.186082e-01   1.191904e-12   4.209035e-05   4.535360e-14   552
  1.188529e-01   1.246920e-12   3.952187e-05   4.993967e-14   600
  1.192015e-01   1.158481e-12   4.827284e-05   4.710469e-14   600
  1.194111e-01   1.259868e-12   7.730513e-05   6.892368e-14   312
  1.196198e-01   1.252167e-12   6.732512e-05   6.341097e-14   480
  1.198806e-01   1.136398e-12   4.200441e-05   4.496870e-14   576
  1.201101e-01   1.063553e-12   6.763622e-05   5.005476e-14   408
  1.203138e-01   1.187903e-12   7.890077e-05   8.328481e-14   216
  1.205770e-01   1.059369e-12   6.042911e-05   4.311198e-14   516
  1.208589e-01   1.169484e-12   5.765552e-05   4.223349e-14   744
  1.211498e-01   9.658110e-13   3.850879e-05   4.668506e-14   462
  1.213141e-01   1.093118e-12   3.913862e-05   5.632107e-14   432
  1.215691e-01   1.101767e-12   3.630965e-05   3.968419e-14   648
  1.218688e-01   9.766116e-13   5.312777e-05   4.189227e-14   528
  1.221096e-01   1.177918e-12   6.397910e-05   5.346059e-14   600
  1.223502e-01   1.065282e-12   8.066092e-05   7.133295e-14   240
  1.225832e-01   1.087596e-12   6.178548e-05   3.834414e-14   720
  1.228540e-01   1.055590e-12   4.888350e-05   4.184627e-14   720
  1.231542e-01   9.262120e-13   0.000000e+00   7.144870e-14   144
  1.233122e-01   9.844778e-13   6.302546e-05   3.434233e-14   720
  1.235369e-01   1.176357e-12   3.779131e-05   6.329917e-14   384
  1.238183e-01   1.086692e-12   4.189367e-05   3.877578e-14   672
  1.240853e-01   1.053824e-12   7.335120e-05   5.564777e-14   336
  1.242128e-01   1.033654e-12   0.000000e+00   6.425630e-14   288
  1.245250e-01   1.076129e-12   5.805257e-05   3.748914e-14   776
  1.248140e-01   1.043393e-12   4.967278e-05   3.807943e-14   720
  1.250567e-01   9.569881e-13   4.001507e-05   4.527752e-14   432
  1.252509e-01   1.155868e-12   5.704653e-05   5.043196e-14   504
  1.254668e-01   1.347202e-12   3.996919e-05   6.204935e-14   528
  1.257690e-01   1.052055e-12   5.445569e-05   4.940965e-14   438
  1.260177e-01   1.045871e-12   6.338144e-05   4.273374e-14   624
  1.262050e-01   1.126367e-12   7.763371e-05   6.855126e-14   312
  1.264626e-01   1.060412e-12   4.182709e-05   3.924068e-14   696
  1.267289e-01   9.136402e-13   3.784594e-05   4.139073e-14   552
  1.270059e-01   1.010849e-12   2.928013e-05   4.263224e-14   516
  1.271773e-01   1.029727e-12   5.848486e-05   4.160048e-14   528
  1.273859e-01   9.267908e-13   3.803430e-05   3.811484e-14   528
  1.276822e-01   8.692689e-13   5.015953e-05   2.849636e-14   864
  1.278834e-01   8.689025e-13   6.870823e-05   4.511043e-14   408
  1.280847e-01   8.402241e-13   6.807282e-05   6.750582e-14   192
  1.283701e-01   9.122042e-13   5.633353e-05   4.152598e-14   720
  1.286110e-01   9.603697e-13   5.194228e-05   3.600710e-14   696
  1.288973e-01   9.299167e-13   5.609815e-05   3.786161e-14   720
  1.291592e-01   1.069285e-12   7.603431e-05   5.276481e-14   432
  1.293119e-01   9.791076e-13   4.475677e-05   5.377979e-14   264
  1.295867e-01   9.317554e-13   6.180712e-05   3.483207e-14   672
  1.298325e-01   8.100489e-13   6.328100e-05   3.454255e-14   600
  1.301242e-01   8.427235e-13   3.705096e-05   5.443648e-14   270
  1.302712e-01   8.900976e-13   5.577202e-05   3.850866e-14   528
  1.305049e-01   8.353033e-13   3.819070e-05   2.527166e-14   840
  1.308254e-01   8.362465e-13   7.302747e-05   2.723767e-14   888
  1.311216e-01   8.407526e-13   5.441084e-05   3.061570e-14   744
  1.313718e-01   7.391276e-13   2.795923e-05   3.222481e-14   456
  1.314963e-01   8.522578e-13   3.820801e-05   4.067013e-14   360
  1.317093e-01   9.082967e-13   3.310510e-05   4.365099e-14   384
  1.320361e-01   9.029906e-13   5.310026e-05   3.296878e-14   816
  1.322813e-01   8.583391e-13   7.704106e-05   3.055175e-14   824
  1.325794e-01   9.882466e-13   3.581235e-05   5.088369e-14   360
  1.327390e-01   8.320076e-13   5.284558e-05   3.325360e-14   624
  1.329587e-01   9.446483e-13   3.571018e-05   4.919833e-14   360
  1.332513e-01   8.982972e-13   4.857633e-05   3.011609e-14   876
  1.335156e-01   8.157761e-13   5.769416e-05   3.402661e-14   696
  1.337821e-01   7.247627e-13   3.725510e-05   4.188684e-14   336
  1.339218e-01   6.722994e-13   3.721324e-05   3.207896e-14   504
  1.341526e-01   8.525551e-13   3.753571e-05   2.995684e-14   672
  1.344950e-01   7.897155e-13   7.472486e-05   3.166166e-14   720
  1.347324e-01   8.109993e-13   5.644666e-05   3.001129e-14   774
  1.349945e-01   8.012845e-13   3.230860e-05   4.282643e-14   384
  1.351318e-01   7.640458e-13   6.217562e-05   3.181727e-14   528
  1.353448e-01   7.450204e-13   5.925683e-05   2.594453e-14   744
  1.356875e-01   7.644791e-13   4.887432e-05   2.865220e-14   768
  1.359150e-01   7.482985e-13   5.486510e-05   3.209738e-14   552
  1.361989e-01   7.933046e-13   5.979675e-05   2.767863e-14   696
  1.364100e-01   8.360257e-13   7.266345e-05   4.863054e-14   408
  1.365777e-01   6.941766e-13   3.139119e-05   3.098944e-14   504
  1.368434e-01   7.134839e-13   5.639309e-05   2.327963e-14   888
  1.371049e-01   8.163888e-13   5.860872e-05   3.075842e-14   648
  1.373767e-01   7.714718e-13   5.810635e-05   3.488322e-14   648
  1.376324e-01   7.025778e-13   6.265289e-05   2.276061e-14   792
  1.379033e-01   6.711211e-13   9.166547e-05   2.594762e-14   600
  1.381028e-01   6.639633e-13   6.212242e-05   2.926212e-14   456
  1.383129e-01   7.871835e-13   3.027582e-05   3.087430e-14   648
  1.385828e-01   7.747080e-13   5.904226e-05   2.366089e-14   936
  1.388741e-01   6.907676e-13   3.625955e-05   3.224111e-14   384
  1.391277e-01   6.486257e-13   0.000000e+00   5.002195e-14   198
  1.393234e-01   7.261826e-13   9.199360e-05   2.142987e-14   1224
  1.395345e-01   7.638580e-13   6.699966e-05   4.082038e-14   420
  1.397842e-01   6.728442e-13   6.484166e-05   2.371220e-14   792
  1.400283e-01   7.179101e-13   5.361851e-05   2.558404e-14   680
  1.403069e-01   6.877716e-13   4.923504e-05   2.691028e-14   600
  1.405311e-01   6.864531e-13   7.140431e-05   2.303482e-14   840
  1.408304e-01   6.498106e-13   3.371380e-05   3.243650e-14   432
  1.409448e-01   7.106760e-13   3.159427e-05   2.667438e-14   720
  1.411934e-01   6.709448e-13   6.327780e-05   1.908276e-14   960
  1.415027e-01   6.457713e-13   5.640753e-05   2.634123e-14   528
  1.417288e-01   6.379653e-13   5.765925e-05   2.255605e-14   624
  1.419978e-01   6.766260e-13   4.531978e-05   2.156818e-14   816
  1.422648e-01   6.372895e-13   7.452934e-05   2.588418e-14   696
  1.425599e-01   6.115497e-13   4.110321e-09   3.956051e-14   240
  1.426709e-01   6.744199e-13   4.395173e-05   2.707302e-14   672
  1.429185e-01   6.060564e-13   7.854802e-05   2.063573e-14   864
  1.431964e-01   5.822870e-13   6.027286e-05   2.166082e-14   816
  1.434467e-01   5.946359e-13   3.449810e-05   2.227847e-14   648
  1.437164e-01   6.342484e-13   3.526335e-05   2.203725e-14   843
  1.439454e-01   6.133293e-13   6.344743e-05   2.169280e-14   780
  1.442182e-01   6.560697e-13   3.404471e-05   4.066950e-14   216
  1.443865e-01   6.318963e-13   8.209510e-05   1.944008e-14   1056
  1.446454e-01   6.111365e-13   6.716301e-05   3.722422e-14   228
  1.448850e-01   6.364444e-13   8.361962e-05   1.945053e-14   924
  1.451311e-01   6.767421e-13   3.101819e-05   2.269186e-14   696
  1.453916e-01   6.023526e-13   5.520350e-05   1.874797e-14   996
  1.456581e-01   5.848276e-13   3.259105e-05   2.455772e-14   576
  1.459354e-01   6.469713e-13   5.030212e-05   2.702047e-14   552
  1.461376e-01   5.970732e-13   6.005898e-05   2.898744e-14   516
  1.463427e-01   5.884523e-13   8.733821e-05   2.046538e-14   744
  1.465771e-01   5.807467e-13   4.284460e-05   2.688830e-14   576
  1.467810e-01   5.616586e-13   4.409794e-05   1.907468e-14   792
  1.470708e-01   5.734594e-13   5.041212e-05   1.941025e-14   792
  1.472831e-01   5.421537e-13   5.436894e-05   1.981350e-14   720
  1.475703e-01   5.386532e-13   6.196809e-05   1.927941e-14   656
  1.478394e-01   5.326303e-13   6.766594e-05   1.905734e-14   816
  1.481153e-01   5.849643e-13   3.648433e-05   2.732515e-14   492
  1.482721e-01   6.103323e-13   5.248529e-05   2.605653e-14   552
  1.485663e-01   5.380110e-13   9.126553e-05   1.958101e-14   780
  1.487575e-01   5.610231e-13   5.606333e-05   2.407554e-14   528
  1.489634e-01   5.440576e-13   6.544296e-05   2.350867e-14   600
  1.492669e-01   5.298052e-13   5.438828e-05   1.665916e-14   900
  1.494760e-01   5.274145e-13   3.011028e-05   1.936839e-14   696
  1.497638e-01   4.968073e-13   7.613501e-05   1.755203e-14   696
  1.500423e-01   5.448614e-13   3.088725e-05   2.371269e-14   552
  1.502764e-01   4.788417e-13   3.591902e-05   1.748905e-14   708
  1.505217e-01   5.198923e-13   5.930435e-05   1.683977e-14   876
  1.507769e-01   4.945539e-13   3.148943e-05   3.220161e-14   216
  1.509481e-01   5.197624e-13   8.612787e-05   1.667251e-14   1032
  1.512046e-01   4.571077e-13   9.589387e-05   2.136495e-14   600
  1.514708e-01   4.797222e-13   4.575699e-05   1.919452e-14   600
  1.516739e-01   5.170211e-13   8.080257e-05   2.285499e-14   528
  1.519139e-01   5.066925e-13   4.435707e-05   1.917486e-14   732
  1.521668e-01   5.099952e-13   3.275367e-05   2.751343e-14   336
  1.524578e-01   4.797667e-13   4.668048e-05   1.613762e-14   912
  1.526754e-01   4.437271e-13   4.685305e-05   1.715052e-14   624
  1.529130e-01   4.495656e-13   3.948208e-05   1.637505e-14   768
  1.531905e-01   4.934020e-13   7.123345e-05   1.758242e-14   792
  1.534628e-01   4.261552e-13   3.531461e-05   1.658151e-14   660
  1.536565e-01   4.216031e-13   5.204174e-05   1.903267e-14   504
  1.538569e-01   4.378024e-13   8.502625e-05   2.134693e-14   480
  1.541572e-01   4.013406e-13   7.863820e-05   1.441909e-14   912
  1.543923e-01   4.991319e-13   8.757583e-05   2.394284e-14   432
  1.546144e-01   4.455903e-13   5.200047e-05   1.909771e-14   564
  1.548116e-01   4.554475e-13   4.977161e-05   1.997320e-14   600
  1.550891e-01   4.496355e-13   6.937691e-05   1.507197e-14   876
  1.552976e-01   5.039311e-13   3.119395e-05   3.245819e-14   264
  1.555851e-01   3.845036e-13   6.052853e-05   1.943014e-14   560
  1.558161e-01   4.162219e-13   4.113044e-05   1.529518e-14   840
  1.560965e-01   4.144591e-13   6.341128e-05   1.317483e-14   1008
  1.563558e-01   4.663778e-13   2.836595e-05   2.283082e-14   456
  1.565927e-01   4.600850e-13   3.674408e-05   1.903514e-14   576
  1.568116e-01   4.032893e-13   5.646120e-05   1.573662e-14   612
  1.571003e-01   4.335591e-13   5.042901e-05   1.566325e-14   780
  1.573359e-01   4.262081e-13   5.778934e-05   1.696854e-14   648
  1.575770e-01   4.512744e-13   2.693058e-05   2.714043e-14   312
  1.577311e-01   3.800551e-13   6.842617e-05   1.682647e-14   528
  1.579980e-01   3.762971e-13   8.936117e-05   1.287363e-14   720
  1.582533e-01   4.073419e-13   8.964102e-05   1.724807e-14   576
  1.585628e-01   4.543888e-13   7.732694e-05   2.291173e-14   444
  1.587554e-01   4.062594e-13   7.583279e-05   1.293080e-14   996
  1.589914e-01   3.749104e-13   6.334320e-05   1.760434e-14   432
  1.592145e-01   3.686106e-13   6.934834e-05   1.784695e-14   504
  1.594071e-01   3.907817e-13   3.126589e-05   1.836084e-14   504
  1.596815e-01   4.028574e-13   6.153164e-05   1.390919e-14   876
  1.599297e-01   3.422583e-13   7.081706e-05   1.573921e-14   504
  1.601882e-01   3.568574e-13   4.516342e-05   1.329072e-14   696
  1.604019e-01   3.848990e-13   3.860998e-05   1.818151e-14   492
  1.606926e-01   3.789660e-13   5.527206e-05   1.990158e-14   432
  1.609079e-01   3.967169e-13   5.175622e-05   1.499419e-14   768
  1.611631e-01   3.728590e-13   6.446933e-05   1.533231e-14   648
  1.614068e-01   3.517043e-13   4.205932e-05   1.557959e-14   456
  1.616868e-01   3.702756e-13   5.783839e-05   1.485134e-14   552
  1.618813e-01   3.289392e-13   3.964248e-05   1.223800e-14   648
  1.621489e-01   3.162548e-13   6.461501e-05   1.056707e-14   840
  1.624104e-01   3.985812e-13   3.081354e-05   1.925215e-14   432
  1.626721e-01   3.605889e-13   3.774132e-05   1.391125e-14   600
  1.628542e-01   2.892144e-13   4.021090e-05   1.392328e-14   432
  1.631600e-01   2.951813e-13   4.003387e-05   1.246649e-14   560
  1.633670e-01   3.577538e-13   6.336941e-05   1.317737e-14   840
  1.636263e-01   3.756114e-13   3.753463e-05   1.815928e-14   504
  1.638323e-01   3.568410e-13   7.660593e-05   1.489685e-14   696
  1.641226e-01   3.988545e-13   4.183943e-05   2.208718e-14   384
  1.643487e-01   2.851035e-13   6.128984e-05   1.244160e-14   576
  1.646222e-01   3.699759e-13   3.782503e-05   2.224526e-14   360
  1.648426e-01   3.139309e-13   5.633064e-05   1.077994e-14   828
  1.650804e-01   3.096654e-13   5.017290e-05   1.555695e-14   372
  1.652983e-01   3.404536e-13   7.662364e-05   1.383528e-14   576
  1.655869e-01   2.990357e-13   3.208989e-05   1.168504e-14   636
  1.657926e-01   3.132602e-13   6.186102e-05   1.268888e-14   648
  1.660708e-01   3.098565e-13   5.028625e-05   1.288526e-14   576
  1.662705e-01   3.012320e-13   8.111703e-05   1.297873e-14   528
  1.665361e-01   2.912917e-13   3.468088e-05   1.356464e-14   360
  1.667559e-01   3.156437e-13   7.977902e-05   1.367466e-14   672
  1.670430e-01   3.055851e-13   4.086413e-05   1.090409e-14   804
  1.672819e-01   3.204644e-13   4.507802e-05   1.508362e-14   408
  1.675462e-01   3.146013e-13   2.786312e-05   1.566493e-14   384
  1.677241e-01   2.722062e-13   6.376152e-05   1.316870e-14   480
  1.679752e-01   3.075498e-13   4.119929e-05   1.474145e-14   432
  1.682159e-01   2.982802e-13   7.592150e-05   1.157006e-14   648
  1.685009e-01   2.797887e-13   4.710893e-05   1.094151e-14   624
  1.687093e-01   3.039548e-13   4.284955e-05   1.416136e-14   456
  1.689940e-01   2.772556e-13   5.853629e-05   1.145626e-14   588
  1.691847e-01   2.568587e-13   3.734591e-05   1.033658e-14   600
  1.694632e-01   2.852323e-13   5.825046e-05   1.057860e-14   708
  1.696832e-01   2.924397e-13   3.669667e-05   1.525436e-14   360
  1.699263e-01   2.634690e-13   4.218379e-05   1.157906e-14   552
  1.701593e-01   2.612451e-13   2.959293e-05   1.841486e-14   288
  1.703959e-01   2.763921e-13   5.564280e-05   1.065864e-14   528
  1.706182e-01   2.866693e-13   3.753920e-05   1.294619e-14   456
  1.708665e-01   2.813994e-13   6.656515e-05   1.142104e-14   608
  1.711163e-01   2.419930e-13   3.220496e-05   1.051555e-14   504
  1.713892e-01   2.573670e-13   6.914223e-05   1.065208e-14   540
  1.716032e-01   2.219299e-13   7.422222e-05   1.149156e-14   360
  1.718339e-01   2.406755e-13   3.361162e-05   1.132449e-14   540
  1.720380e-01   2.647747e-13   2.885957e-05   1.160112e-14   576
  1.723347e-01   2.692990e-13   6.691555e-05   1.157614e-14   588
  1.726168e-01   2.722811e-13   9.232326e-05   1.080835e-14   672
  1.728592e-01   2.461284e-13   7.056345e-05   1.119152e-14   552
  1.730545e-01   2.323021e-13   7.059913e-05   1.801790e-14   144
  1.733038e-01   2.609309e-13   5.998121e-05   9.959913e-15   600
  1.735402e-01   2.407522e-13   7.516955e-05   1.036549e-14   504
  1.738025e-01   2.153530e-13   7.721430e-05   1.333671e-14   336
  1.740784e-01   2.377325e-13   8.678922e-05   9.532911e-15   600
  1.743256e-01   2.365769e-13   5.601092e-05   9.694328e-15   636
  1.745923e-01   2.300064e-13   4.503329e-05   1.311564e-14   384
  1.747793e-01   2.326535e-13   6.281612e-05   1.079540e-14   504
  1.750488e-01   1.999341e-13   2.636304e-05   1.390225e-14   240
  1.752616e-01   2.293031e-13   6.193054e-05   8.129020e-15   744
  1.755168e-01   2.377861e-13   4.228914e-05   8.946337e-15   648
  1.757436e-01   2.422568e-13   2.807279e-05   1.832628e-14   120
  1.760095e-01   2.197956e-13   4.409871e-05   8.219651e-15   564
  1.762103e-01   2.418664e-13   6.925969e-05   1.193909e-14   432
  1.764784e-01   2.760074e-13   5.375921e-05   1.248131e-14   480
  1.766803e-01   2.139486e-13   3.956814e-05   1.093796e-14   456
  1.769186e-01   2.520554e-13   6.547942e-05   1.267816e-14   444
  1.771890e-01   2.378251e-13   1.001870e-04   9.671855e-15   528
  1.774266e-01   2.164061e-13   7.440679e-05   1.357572e-14   264
  1.776571e-01   2.115412e-13   7.625589e-05   1.139564e-14   444
  1.779672e-01   2.141916e-13   8.352712e-05   8.459484e-15   696
  1.782246e-01   2.065820e-13   4.467309e-05   1.149080e-14   384
  1.784129e-01   2.208268e-13   5.644820e-05   9.372260e-15   432
  1.787057e-01   2.162008e-13   3.900306e-05   1.009827e-14   488
  1.788958e-01   1.993290e-13   5.878247e-05   8.893914e-15   480
  1.791714e-01   2.016079e-13   6.555462e-05   9.152132e-15   480
  1.793849e-01   2.051414e-13   2.750471e-05   1.250465e-14   240
  1.796272e-01   2.155416e-13   6.424882e-05   9.793589e-15   600
  1.798559e-01   1.875844e-13   5.598627e-05   1.069693e-14   288
  1.800993e-01   2.291862e-13   5.385469e-05   1.137339e-14   480
  1.803458e-01   1.968548e-13   9.579788e-05   8.543025e-15   504
  1.805885e-01   2.011602e-13   4.110325e-05   1.489608e-14   216
  1.808981e-01   2.024352e-13   6.729256e-05   8.925637e-15   504
  1.811392e-01   1.847557e-13   5.412370e-05   8.802073e-15   456
  1.814031e-01   1.916741e-13   3.104087e-05   9.479845e-15   384
  1.815779e-01   1.991660e-13   6.300174e-05   9.413447e-15   480
  1.818262e-01   1.827900e-13   5.532259e-05   8.067029e-15   504
  1.820564e-01   1.962317e-13   3.509319e-05   1.144453e-14   312
  1.823043e-01   1.852927e-13   5.655148e-05   8.258090e-15   492
  1.825238e-01   1.913412e-13   5.300385e-05   1.035393e-14   312
  1.828064e-01   1.962472e-13   8.610055e-05   8.335599e-15   576
  1.830551e-01   1.908001e-13   7.947777e-05   9.721625e-15   336
  1.832617e-01   1.854091e-13   6.119421e-05   1.017044e-14   240
  1.835481e-01   2.083049e-13   8.112802e-05   9.631585e-15   468
  1.837954e-01   1.399674e-13   5.079787e-05   9.720507e-15   192
  1.840542e-01   1.798687e-13   5.094927e-05   1.025336e-14   324
  1.842439e-01   1.747329e-13   3.697814e-05   7.280347e-15   600
  1.845024e-01   1.445434e-13   5.999324e-05   7.179262e-15   456
  1.846943e-01   1.747382e-13   2.698496e-05   9.657417e-15   336
  1.850125e-01   1.654910e-13   8.080061e-05   6.516530e-15   612
  1.852440e-01   1.627967e-13   6.781139e-05   1.390886e-14   144
  1.854629e-01   1.650306e-13   7.915330e-05   6.928111e-15   552
  1.857606e-01   1.680972e-13   3.117154e-05   9.499984e-15   264
  1.859288e-01   1.726230e-13   7.217008e-05   9.643896e-15   336
  1.861941e-01   1.902549e-13   4.768752e-05   9.818599e-15   384
  1.864242e-01   1.430257e-13   2.684336e-05   8.369822e-15   216
  1.866789e-01   1.557380e-13   5.691346e-05   7.581338e-15   344
  1.869112e-01   1.905468e-13   8.491756e-05   9.162469e-15   408
  1.871942e-01   1.497721e-13   6.525361e-05   8.162177e-15   264
  1.874450e-01   1.404090e-13   9.096676e-05   5.367788e-15   612
  1.876956e-01   1.565547e-13   4.681845e-05   7.085134e-15   408
  1.879533e-01   1.529895e-13   4.688574e-05   7.588354e-15   444
  1.881426e-01   1.620022e-13   2.622284e-05   1.069751e-14   120
  1.883963e-01   1.530887e-13   7.244892e-05   8.584867e-15   336
  1.885846e-01   1.512747e-13   2.517571e-05   8.610505e-15   288
  1.888390e-01   1.570026e-13   7.834725e-05   6.548362e-15   552
  1.891889e-01   1.106234e-13   0.000000e+00   1.465124e-14   72
  1.893687e-01   1.680950e-13   7.781878e-05   6.629385e-15   504
  1.895788e-01   1.356578e-13   2.504133e-05   8.526733e-15   216
  1.898511e-01   1.525018e-13   4.470956e-05   9.544236e-15   312
  1.900954e-01   1.375718e-13   5.090887e-05   8.156707e-15   336
  1.903283e-01   1.490484e-13   7.056539e-05   9.297426e-15   204
  1.905603e-01   1.408585e-13   8.200772e-05   6.087617e-15   504
  1.908063e-01   1.464922e-13   7.809491e-05   6.135915e-15   396
  1.910429e-01   1.449613e-13   7.161711e-05   7.990331e-15   312
  1.913297e-01   1.533417e-13   4.376572e-05   1.089987e-14   216
  1.915318e-01   1.570029e-13   2.375249e-05   1.224984e-14   168
  1.917774e-01   1.572344e-13   5.997637e-05   6.824529e-15   588
  1.920576e-01   1.422604e-13   8.141090e-05   9.143261e-15   240
  1.922754e-01   1.383339e-13   7.189946e-05   7.392141e-15   264
  1.925307e-01   1.350844e-13   8.891848e-05   8.113676e-15   288
  1.927573e-01   1.495432e-13   4.440219e-05   7.959874e-15   288
  1.930444e-01   1.245777e-13   4.170072e-05   7.806173e-15   288
  1.932378e-01   1.763366e-13   4.830681e-05   1.081500e-14   192
  1.934810e-01   1.437920e-13   5.140329e-05   8.544885e-15   264
  1.937128e-01   1.335294e-13   8.455129e-05   6.459720e-15   372
  1.939621e-01   1.258649e-13   9.131904e-05   7.184413e-15   360
  1.942665e-01   1.359036e-13   3.864708e-05   9.510389e-15   144
  1.944239e-01   1.314039e-13   5.367910e-05   7.030195e-15   296
  1.946722e-01   1.268421e-13   5.783646e-05   7.243420e-15   288
  1.949565e-01   1.300447e-13   8.643513e-05   5.884364e-15   480
  1.952017e-01   1.171040e-13   7.181934e-05   8.058757e-15   192
  1.954402e-01   1.493374e-13   7.703604e-05   9.139811e-15   192
  1.956569e-01   1.289205e-13   4.909597e-05   6.324107e-15   288
  1.959584e-01   1.218070e-13   4.273737e-05   1.243110e-14   108
  1.961102e-01   1.061076e-13   4.108675e-05   6.661553e-15   240
  1.963784e-01   1.385262e-13   7.664829e-05   7.473977e-15   384
  1.966538e-01   1.124840e-13   9.350223e-05   9.783551e-15   108
  1.968974e-01   1.139355e-13   5.482209e-05   7.084439e-15   348
  1.971535e-01   1.133329e-13   5.721449e-05   6.466181e-15   312
  1.973823e-01   1.006686e-13   5.559587e-05   1.055886e-14   96
  1.975926e-01   1.368230e-13   7.401586e-05   6.684931e-15   384
  1.978282e-01   1.185884e-13   5.090793e-05   8.582759e-15   144
  1.980586e-01   1.319314e-13   7.822228e-05   6.578486e-15   408
  1.983451e-01   1.353281e-13   3.489266e-05   1.225925e-14   144
  1.986157e-01   1.179921e-13   6.708152e-05   8.840186e-15   192
  1.987762e-01   1.420502e-13   7.550148e-05   1.103069e-14   144
  1.990378e-01   1.087774e-13   6.138549e-05   7.375237e-15   144
  1.992846e-01   1.295580e-13   7.502301e-05   8.365517e-15   336
  1.995869e-01   1.321292e-13   5.550751e-05   7.524821e-15   240
  1.997786e-01   1.487306e-13   2.520547e-05   1.353755e-14   96
  2.000459e-01   1.155835e-13   7.391551e-05   6.107205e-15   372
  2.003163e-01   1.274737e-13   8.792091e-05   8.714377e-15   132
  2.005538e-01   1.247642e-13   5.440441e-05   7.432729e-15   264
  2.007663e-01   1.307467e-13   4.178011e-05   9.611506e-15   168
  2.009931e-01   1.243473e-13   6.679837e-05   8.140728e-15   216
  2.011935e-01   1.118671e-13   4.086808e-05   7.048288e-15   216
  2.014852e-01   1.033656e-13   7.497591e-05   8.982986e-15   96
  2.017500e-01   1.389651e-13   4.891494e-05   1.079385e-14   120
  2.019928e-01   1.057601e-13   6.218465e-05   7.276154e-15   216
  2.021928e-01   1.133504e-13   2.717490e-05   7.252704e-15   200
  2.024576e-01   1.247529e-13   7.034415e-05   6.814445e-15   288
  2.027972e-01   1.174915e-13   1.850891e-05   9.646027e-15   144
  2.029402e-01   1.264956e-13   5.759860e-05   1.210492e-14   168
  2.032323e-01   9.245318e-14   6.482186e-05   6.431443e-15   159
  2.034603e-01   1.072697e-13   6.801371e-05   7.973158e-15   174
  2.036809e-01   9.782781e-14   6.167246e-05   8.626465e-15   144
  2.039698e-01   1.116625e-13   3.561139e-05   6.976643e-15   222
  2.041630e-01   1.229042e-13   3.593504e-05   9.452398e-15   168
  2.044967e-01   1.721528e-13   7.881934e-05   3.261378e-14   30
  2.046346e-01   8.061313e-14   6.959169e-05   9.514389e-15   72
  2.048942e-01   1.163701e-13   6.210975e-05   6.515042e-15   258
  2.051797e-01   1.145727e-13   3.890094e-05   7.147275e-15   264
  2.053225e-01   1.318294e-13   4.195079e-09   1.552125e-14   72
  2.056199e-01   1.063019e-13   7.710330e-05   8.944384e-15   174
  2.058892e-01   1.204030e-13   8.210077e-05   1.018456e-14   168
  2.061058e-01   8.820920e-14   2.568951e-09   1.115367e-14   48
  2.063382e-01   1.188950e-13   4.636424e-05   9.862359e-15   150
  2.066077e-01   1.066972e-13   8.529035e-05   7.683343e-15   168
  2.068780e-01   1.145371e-13   5.195492e-05   9.173660e-15   144
  2.071265e-01   1.228930e-13   4.853772e-05   1.019707e-14   102
  2.073116e-01   9.021875e-14   7.184416e-05   7.446316e-15   96
  2.076053e-01   7.724456e-14   7.130050e-05   6.874710e-15   120
  2.078228e-01   1.000510e-13   7.647166e-05   7.831002e-15   168
  2.080580e-01   1.231594e-13   5.646827e-05   1.130437e-14   126
  2.082585e-01   9.419456e-14   4.258836e-05   7.938442e-15   168
  2.085346e-01   1.013016e-13   6.829049e-05   1.172214e-14   72
  2.087759e-01   7.987903e-14   8.551492e-05   5.916174e-15   168
  2.089873e-01   9.924816e-14   2.344384e-05   1.074105e-14   78
  2.092770e-01   1.098121e-13   3.849304e-05   1.332201e-14   60
  2.095103e-01   1.022797e-13   6.244194e-05   1.302153e-14   96
  2.097522e-01   8.848402e-14   7.576810e-05   6.698107e-15   168
  2.099796e-01   9.267483e-14   4.794311e-05   1.284870e-14   86
  2.102181e-01   8.248932e-14   4.284977e-05   7.875511e-15   120
  2.105600e-01   6.637052e-14   3.055758e-05   5.857967e-15   168
  2.107444e-01   7.640360e-14   0.000000e+00   9.103301e-15   48
  2.109928e-01   1.138303e-13   5.567259e-05   9.331020e-15   120
  2.111355e-01   9.203602e-14   4.061540e-05   7.791977e-15   126
  2.114838e-01   8.575071e-14   7.143116e-05   7.879905e-15   96
  2.117099e-01   1.006491e-13   2.059722e-05   8.978803e-15   96
  2.118882e-01   8.007856e-14   2.422030e-09   6.788607e-15   72
  2.122681e-01   1.101154e-13   2.568951e-09   1.905641e-14   24
  2.125052e-01   8.256113e-14   4.238860e-05   8.687225e-15   120
  2.126902e-01   8.339291e-14   6.183193e-05   7.301282e-15   126
  2.128959e-01   8.760134e-14   5.154529e-05   7.564446e-15   96
  2.131362e-01   6.237975e-14   8.908530e-05   6.971620e-15   72
  2.134038e-01   9.242863e-14   3.853239e-05   7.519194e-15   144
  2.136239e-01   9.003988e-14   2.222458e-05   9.850955e-15   72
  2.138438e-01   7.877720e-14   4.439042e-05   9.328712e-15   54
  2.140373e-01   9.824103e-14   3.911854e-05   8.501920e-15   108
  2.144395e-01   1.008757e-13   3.834628e-05   1.066174e-14   72
  2.145647e-01   6.583564e-14   2.212712e-05   7.453412e-15   72
  2.148618e-01   5.943308e-14   4.449553e-09   8.832510e-15   24
  2.151428e-01   4.893847e-14   4.681088e-05   5.891430e-15   48
  2.153135e-01   9.499256e-14   3.565781e-05   8.443343e-15   102
  2.155704e-01   6.591416e-14   8.064314e-05   5.638567e-15   168
  2.159060e-01   6.884423e-14   4.398088e-05   7.792269e-15   72
  2.160304e-01   8.962280e-14   0.000000e+00   1.148321e-14   48
  2.162913e-01   9.110823e-14   7.564979e-05   8.981098e-15   120
  2.166356e-01   7.281788e-14   4.648832e-05   8.491299e-15   96
  2.169608e-01   8.038190e-14   4.110321e-09   1.181735e-14   30
  2.173472e-01   7.322252e-14   2.184227e-05   8.223215e-15   72
  2.175171e-01   7.140921e-14   2.568951e-09   1.125636e-14   24
  2.177352e-01   7.106121e-14   3.237565e-05   9.983998e-15   56
  2.179796e-01   7.292897e-14   4.620169e-05   7.176258e-15   96
  2.182720e-01   6.894989e-14   5.101796e-05   7.096944e-15   144
  2.184974e-01   7.457909e-14   2.896600e-05   8.102220e-15   54
  2.188250e-01   8.108756e-14   4.339413e-05   8.667575e-15   108
  2.191546e-01   1.012560e-13   2.297699e-05   1.570664e-14   48
  2.194683e-01   7.873836e-14   8.651572e-05   1.158096e-14   72
  2.202213e-01   1.003845e-13   5.716121e-05   9.534878e-15   78
  2.204299e-01   7.748918e-14   4.307814e-05   9.655168e-15   72
  2.206734e-01   6.458061e-14   4.302466e-05   5.849671e-15   72
  2.209281e-01   5.929821e-14   1.038232e-04   6.256928e-15   96
  2.211293e-01   7.572531e-14   4.293597e-05   6.467031e-15   72
  2.213721e-01   1.010741e-13   0.000000e+00   2.046885e-14   24
  2.216146e-01   7.360916e-14   8.567808e-05   7.976630e-15   72
  2.221623e-01   5.849607e-14   5.440820e-05   6.323345e-15   30
  2.222801e-01   8.614375e-14   0.000000e+00   1.828858e-14   24
  2.229135e-01   5.935634e-14   4.517907e-05   7.625208e-15   48
  2.231122e-01   6.760590e-14   9.722532e-05   6.099681e-15   120
  2.233799e-01   8.070940e-14   4.250917e-05   8.979696e-15   72
  2.236502e-01   7.427320e-14   4.245777e-05   1.488188e-14   36
  2.238360e-01   5.552161e-14   8.391632e-05   6.589083e-15   78
  2.243546e-01   6.326970e-14   4.488887e-05   8.006712e-15   48
  2.250269e-01   7.658568e-14   3.633045e-09   1.195550e-14   24
  2.255059e-01   4.649100e-14   3.125970e-05   6.749400e-15   56
  2.257471e-01   5.424610e-14   4.810277e-05   5.602787e-15   102
  2.260539e-01   6.536805e-14   3.425268e-09   7.487021e-15   72
  2.262321e-01   5.499697e-14   2.568951e-09   9.737089e-15   24
  2.265435e-01   5.880682e-14   4.445516e-05   8.885887e-15   48
  2.271206e-01   6.080913e-14   0.000000e+00   8.316822e-15   24
  2.278290e-01   2.818223e-14   0.000000e+00   7.558232e-15   6
  2.280499e-01   4.627408e-14   0.000000e+00   9.341824e-15   24
  2.281971e-01   5.218892e-14   4.161169e-05   4.778922e-15   72
  2.284659e-01   6.985282e-14   7.763053e-05   6.533631e-15   84
  2.287554e-01   4.680369e-14   0.000000e+00   8.278729e-15   24
  2.288435e-01   4.305072e-14   3.633045e-09   9.538568e-15   24
  2.292831e-01   4.555531e-14   4.449553e-09   1.034528e-14   24
  2.298972e-01   4.137761e-14   0.000000e+00   2.143855e-14   6
  2.306844e-01   3.036521e-14   4.365716e-05   4.100380e-15   48
  2.308735e-01   5.759360e-14   8.224294e-05   6.759754e-15   72
  2.311206e-01   5.205843e-14   4.357477e-05   9.248046e-15   48
  2.315124e-01   7.791622e-14   0.000000e+00   1.865254e-14   24
  2.320338e-01   1.840009e-14   0.000000e+00   6.659977e-15   6
  2.332028e-01   5.597233e-14   0.000000e+00   1.356139e-14   8
  2.332891e-01   5.548984e-14   2.568951e-09   8.143776e-15   48
  2.334962e-01   5.114325e-14   4.225843e-05   5.421814e-15   60
  2.338066e-01   5.872052e-14   0.000000e+00   1.088300e-14   24
  2.342369e-01   1.298279e-14   0.000000e+00   3.076956e-15   6
  2.358224e-01   4.196046e-14   0.000000e+00   7.849056e-15   24
  2.359505e-01   5.445562e-14   4.268279e-05   7.005969e-15   48
  2.361638e-01   3.518109e-14   0.000000e+00   6.571259e-15   24
  2.365047e-01   1.464089e-14   0.000000e+00   3.690344e-15   6
  2.384414e-01   5.375500e-14   3.981898e-05   9.925066e-15   36
  2.385821e-01   3.903954e-14   0.000000e+00   7.286687e-15   24
  2.388353e-01   8.383493e-14   0.000000e+00   1.486121e-14   6
  2.410389e-01   4.915519e-14   3.618719e-05   6.016426e-15   32
  2.412268e-01   8.477020e-14   0.000000e+00   3.365815e-14   6
  2.435949e-01   3.802848e-14   0.000000e+00   8.413247e-15   12
  2.436776e-01   1.306198e-13   0.000000e+00   3.248029e-14   6
  2.461858e-01   3.825396e-14   0.000000e+00   1.015976e-14   6
