# power spectrum of phi
# redshift z=48.519767
# k              Pk             sigma(k)       sigma(Pk)      count
  5.011399e-03   3.231525e-10   7.667927e-04   7.121327e-11   18
  1.037418e-02   4.742619e-10   1.725047e-03   4.847041e-11   128
  1.616528e-02   3.879735e-10   1.646572e-03   2.061069e-11   314
  2.269071e-02   2.412157e-10   1.954354e-03   8.792005e-12   728
  2.897169e-02   1.788716e-10   1.717946e-03   6.162930e-12   1016
  3.518826e-02   1.147231e-10   1.880676e-03   2.852865e-12   1682
  4.169479e-02   8.609750e-11   1.831736e-03   1.776645e-12   2300
  4.790974e-02   6.287962e-11   1.770731e-03   1.180359e-12   2906
  5.429022e-02   5.145043e-11   1.892687e-03   8.461703e-13   4040
  6.068098e-02   4.254553e-11   1.775551e-03   6.417112e-13   4712
  6.698900e-02   3.656566e-11   1.857705e-03   4.717119e-13   6002
  7.346135e-02   2.993815e-11   1.857594e-03   3.585932e-13   7256
  7.977379e-02   2.538490e-11   1.772571e-03   2.863749e-13   8120
  8.609019e-02   2.050235e-11   1.864951e-03   2.068752e-13   9950
  9.253636e-02   1.686828e-11   1.853578e-03   1.558622e-13   11384
  9.885187e-02   1.378914e-11   1.809244e-03   1.247711e-13   12666
  1.052712e-01   1.177536e-11   1.889168e-03   9.421997e-14   15104
  1.117654e-01   1.023155e-11   1.850532e-03   8.032043e-14   16616
  1.180754e-01   9.340301e-12   1.799489e-03   7.020851e-14   18026
  1.244216e-01   8.300947e-12   1.853405e-03   5.679773e-14   20696
  1.308065e-01   7.385685e-12   1.827918e-03   4.983192e-14   22436
  1.371558e-01   6.704422e-12   1.845873e-03   4.296933e-14   24962
  1.435394e-01   5.849380e-12   1.831283e-03   3.520568e-14   27176
  1.499133e-01   5.063105e-12   1.847268e-03   2.950125e-14   29810
  1.562775e-01   4.453139e-12   1.828450e-03   2.512998e-14   32120
  1.626776e-01   3.923154e-12   1.865216e-03   2.090398e-14   35432
  1.690383e-01   3.580666e-12   1.814577e-03   1.856288e-14   37238
  1.754019e-01   3.269489e-12   1.856016e-03   1.612594e-14   41072
  1.817869e-01   2.981309e-12   1.834293e-03   1.444441e-14   43472
  1.881565e-01   2.783513e-12   1.848176e-03   1.287905e-14   47042
  1.945298e-01   2.599695e-12   1.829223e-03   1.179676e-14   49712
  2.008693e-01   2.369447e-12   1.840592e-03   1.037748e-14   53226
  2.072637e-01   2.116176e-12   1.853753e-03   8.820513e-15   57320
  2.136558e-01   1.940425e-12   1.831629e-03   7.957226e-15   60092
  2.200056e-01   1.775145e-12   1.839426e-03   7.047900e-15   63914
  2.263950e-01   1.616779e-12   1.849752e-03   6.175629e-15   68192
  2.327751e-01   1.495439e-12   1.833934e-03   5.612778e-15   71336
  2.391397e-01   1.384789e-12   1.845607e-03   5.032378e-15   75818
  2.455297e-01   1.293019e-12   1.844019e-03   4.589072e-15   79880
  2.518964e-01   1.216958e-12   1.834462e-03   4.201431e-15   83642
  2.582661e-01   1.145069e-12   1.840779e-03   3.844419e-15   88316
  2.646730e-01   1.064028e-12   1.859422e-03   3.491511e-15   93488
  2.710484e-01   9.883236e-13   1.827184e-03   3.183295e-15   96458
  2.773871e-01   9.200330e-13   1.829038e-03   2.930417e-15   101264
  2.837816e-01   8.534961e-13   1.862873e-03   2.595009e-15   107696
  2.901819e-01   7.910270e-13   1.837217e-03   2.374492e-15   111170
  2.965233e-01   7.518741e-13   1.822285e-03   2.212335e-15   115232
  3.028941e-01   7.045253e-13   1.855375e-03   2.016990e-15   122310
  3.093019e-01   6.625387e-13   1.843350e-03   1.861434e-15   126944
  3.156739e-01   6.291607e-13   1.828600e-03   1.737878e-15   131192
  3.220432e-01   5.946105e-13   1.844535e-03   1.612293e-15   137618
  3.284234e-01   5.613827e-13   1.836674e-03   1.485641e-15   142448
  3.347979e-01   5.262302e-13   1.844704e-03   1.362692e-15   148520
  3.411627e-01   4.978199e-13   1.831436e-03   1.282339e-15   153254
  3.475446e-01   4.712310e-13   1.852010e-03   1.180017e-15   160760
  3.539284e-01   4.395053e-13   1.835751e-03   1.074084e-15   165290
  3.603019e-01   4.197108e-13   1.840148e-03   1.013797e-15   171992
  3.666828e-01   3.980558e-13   1.840217e-03   9.481865e-16   177800
  3.730569e-01   3.792789e-13   1.843032e-03   8.862820e-16   184322
  3.794439e-01   3.602483e-13   1.841595e-03   8.285906e-16   190832
  3.858239e-01   3.421157e-13   1.839260e-03   7.773969e-16   196772
  3.921872e-01   3.271756e-13   1.836453e-03   7.283951e-16   202970
  3.985536e-01   3.121421e-13   1.839266e-03   6.818309e-16   210056
  4.049173e-01   2.973586e-13   1.832832e-03   6.398844e-16   216210
  4.112896e-01   2.828168e-13   1.841640e-03   5.960886e-16   224168
  4.176700e-01   2.676675e-13   1.840761e-03   5.601174e-16   230792
  4.240565e-01   2.572327e-13   1.846256e-03   5.277131e-16   238778
  4.304312e-01   2.436771e-13   1.831772e-03   4.930628e-16   243956
  4.367939e-01   2.345381e-13   1.845141e-03   4.667081e-16   252680
  4.431746e-01   2.240331e-13   1.842020e-03   4.401046e-16   260066
  4.495713e-01   2.145829e-13   1.849294e-03   4.140949e-16   268712
  4.559494e-01   2.061519e-13   1.834336e-03   3.938201e-16   274034
  4.623270e-01   1.955957e-13   1.847366e-03   3.678439e-16   283904
  4.687088e-01   1.878962e-13   1.837425e-03   3.485736e-16   290048
  4.750707e-01   1.795947e-13   1.836659e-03   3.306103e-16   297950
  4.814434e-01   1.727683e-13   1.842026e-03   3.141973e-16   306968
  4.878269e-01   1.669014e-13   1.843240e-03   2.980782e-16   315320
  4.942006e-01   1.586173e-13   1.835899e-03   2.793198e-16   322346
  5.005701e-01   1.528959e-13   1.842589e-03   2.649911e-16   331664
  5.069538e-01   1.465743e-13   1.844896e-03   2.506184e-16   340818
  5.133346e-01   1.419644e-13   1.837322e-03   2.406718e-16   348164
  5.197083e-01   1.361696e-13   1.843548e-03   2.277107e-16   357584
  5.260929e-01   1.309373e-13   1.846059e-03   2.156883e-16   367106
  5.324635e-01   1.260236e-13   1.832285e-03   2.057606e-16   373376
  5.388350e-01   1.210790e-13   1.848023e-03   1.945997e-16   385376
  5.452233e-01   1.169232e-13   1.842356e-03   1.863221e-16   393650
  5.516038e-01   1.122819e-13   1.840588e-03   1.768635e-16   402704
  5.579656e-01   1.082650e-13   1.830970e-03   1.692721e-16   409910
  5.643320e-01   1.047712e-13   1.843407e-03   1.619162e-16   422024
  5.707212e-01   1.006923e-13   1.846526e-03   1.528803e-16   432176
  5.771022e-01   9.743855e-14   1.837404e-03   1.473073e-16   440066
  5.834769e-01   9.425143e-14   1.841263e-03   1.402396e-16   450680
  5.898365e-01   9.083774e-14   1.831084e-03   1.343838e-16   457856
  5.962115e-01   8.811099e-14   1.848347e-03   1.277719e-16   472538
  6.026013e-01   8.528290e-14   1.839689e-03   1.233660e-16   480140
  6.089752e-01   8.209865e-14   1.841279e-03   1.174653e-16   490842
  6.153517e-01   7.960191e-14   1.838382e-03   1.126089e-16   500744
  6.217295e-01   7.689672e-14   1.842392e-03   1.075552e-16   511856
  6.281145e-01   7.445004e-14   1.844734e-03   1.030964e-16   523202
  6.344991e-01   7.207314e-14   1.840396e-03   9.905863e-17   532688
  6.408638e-01   6.982778e-14   1.834541e-03   9.552633e-17   541520
  6.472341e-01   6.760385e-14   1.842653e-03   9.102484e-17   555110
  6.536136e-01   6.555369e-14   1.839126e-03   8.715757e-17   564944
  6.599884e-01   6.324840e-14   1.839832e-03   8.362804e-17   576434
  6.663740e-01   6.140444e-14   1.844405e-03   8.015161e-17   588848
  6.727501e-01   5.962919e-14   1.838623e-03   7.725970e-17   597704
  6.791236e-01   5.775763e-14   1.842386e-03   7.405029e-17   610946
  6.855006e-01   5.615632e-14   1.837794e-03   7.138782e-17   620852
  6.918722e-01   5.440747e-14   1.841901e-03   6.856907e-17   633530
  6.982524e-01   5.276059e-14   1.841844e-03   6.584346e-17   645704
  7.046316e-01   5.125791e-14   1.840565e-03   6.355777e-17   656744
  7.110074e-01   4.987949e-14   1.841941e-03   6.099743e-17   669162
  7.173906e-01   4.848500e-14   1.843286e-03   5.871772e-17   681992
  7.237681e-01   4.699796e-14   1.838959e-03   5.671310e-17   692360
  7.301485e-01   4.565880e-14   1.844364e-03   5.448582e-17   707006
  7.365206e-01   4.438098e-14   1.834135e-03   5.258867e-17   714944
  7.428835e-01   4.332393e-14   1.841775e-03   5.072921e-17   730346
  7.492606e-01   4.205770e-14   1.838962e-03   4.898503e-17   742616
  7.556415e-01   4.092512e-14   1.843530e-03   4.707535e-17   756536
  7.620128e-01   3.971326e-14   1.836595e-03   4.548968e-17   766418
  7.683917e-01   3.863542e-14   1.845753e-03   4.369331e-17   783392
  7.747614e-01   3.763549e-14   1.833632e-03   4.249372e-17   790412
  7.811334e-01   3.663976e-14   1.848120e-03   4.074852e-17   810314
  7.875277e-01   3.571567e-14   1.843702e-03   3.943498e-17   821960
  7.938987e-01   3.482749e-14   1.834976e-03   3.819712e-17   831266
  8.002712e-01   3.376899e-14   1.843706e-03   3.674097e-17   848960
  8.066557e-01   3.293108e-14   1.842629e-03   3.556688e-17   861488
  8.130204e-01   3.210453e-14   1.833334e-03   3.456344e-17   871194
  8.193985e-01   3.128417e-14   1.847247e-03   3.314939e-17   891788
  8.257796e-01   3.051456e-14   1.838008e-03   3.221941e-17   900416
  8.321422e-01   2.981916e-14   1.836250e-03   3.119025e-17   914306
  8.385264e-01   2.899298e-14   1.847988e-03   3.005215e-17   933992
  8.449011e-01   2.825874e-14   1.834294e-03   2.920310e-17   940826
  8.512701e-01   2.764318e-14   1.842364e-03   2.837047e-17   960224
  8.576621e-01   2.692605e-14   1.846556e-03   2.730499e-17   976316
  8.640381e-01   2.622857e-14   1.835724e-03   2.641447e-17   985010
  8.704114e-01   2.562605e-14   1.843336e-03   2.562792e-17   1004024
  8.767898e-01   2.493779e-14   1.839706e-03   2.486237e-17   1016288
  8.831639e-01   2.445717e-14   1.840690e-03   2.410976e-17   1032290
  8.895470e-01   2.384176e-14   1.843156e-03   2.335033e-17   1048640
  8.959130e-01   2.322783e-14   1.831919e-03   2.264670e-17   1057250
  9.022937e-01   2.278700e-14   1.849588e-03   2.194061e-17   1083140
  9.086870e-01   2.225774e-14   1.840763e-03   2.139244e-17   1092248
  9.150555e-01   2.168852e-14   1.837510e-03   2.069060e-17   1105914
  9.214310e-01   2.118123e-14   1.841822e-03   1.998583e-17   1124744
  9.278120e-01   2.072746e-14   1.841202e-03   1.948349e-17   1139120
  9.341841e-01   2.028046e-14   1.838536e-03   1.889283e-17   1153490
  9.405650e-01   1.979006e-14   1.844187e-03   1.832310e-17   1172936
  9.469357e-01   1.937857e-14   1.834491e-03   1.788785e-17   1182158
  9.533110e-01   1.891443e-14   1.846126e-03   1.720735e-17   1206392
  9.596894e-01   1.847686e-14   1.835525e-03   1.677865e-17   1215224
  9.660641e-01   1.808780e-14   1.844936e-03   1.626941e-17   1237874
  9.724505e-01   1.771996e-14   1.841050e-03   1.587837e-17   1251800
  9.788233e-01   1.729027e-14   1.838619e-03   1.540112e-17   1265792
  9.851993e-01   1.698954e-14   1.843109e-03   1.505042e-17   1286306
  9.915793e-01   1.658957e-14   1.838809e-03   1.462457e-17   1299764
  9.979438e-01   1.624799e-14   1.836769e-03   1.420522e-17   1314554
  1.004319e+00   1.586703e-14   1.843595e-03   1.376232e-17   1337288
  1.010703e+00   1.555145e-14   1.840912e-03   1.339851e-17   1351304
  1.017077e+00   1.521245e-14   1.841769e-03   1.298492e-17   1369026
  1.023461e+00   1.489481e-14   1.843478e-03   1.267125e-17   1388456
  1.029842e+00   1.460659e-14   1.840406e-03   1.239968e-17   1402700
  1.036211e+00   1.429294e-14   1.837802e-03   1.205311e-17   1418282
  1.042587e+00   1.401156e-14   1.843596e-03   1.171560e-17   1440272
  1.048964e+00   1.372275e-14   1.838705e-03   1.141816e-17   1454114
  1.055341e+00   1.342876e-14   1.842603e-03   1.107909e-17   1475480
  1.061720e+00   1.318155e-14   1.840520e-03   1.081577e-17   1490936
  1.068091e+00   1.288466e-14   1.838519e-03   1.052762e-17   1507826
  1.074472e+00   1.265116e-14   1.844275e-03   1.028565e-17   1530764
  1.080850e+00   1.237432e-14   1.839052e-03   9.981841e-18   1543424
  1.087222e+00   1.216430e-14   1.841688e-03   9.762578e-18   1564946
  1.093594e+00   1.192235e-14   1.835875e-03   9.505893e-18   1578536
  1.099970e+00   1.168231e-14   1.845670e-03   9.249266e-18   1604882
  1.106358e+00   1.145829e-14   1.842454e-03   9.035397e-18   1621304
  1.112736e+00   1.121981e-14   1.839545e-03   8.827274e-18   1637024
  1.119103e+00   1.102125e-14   1.837794e-03   8.617600e-18   1654134
  1.125480e+00   1.080811e-14   1.844256e-03   8.381216e-18   1679168
  1.131864e+00   1.059987e-14   1.841903e-03   8.164549e-18   1695944
  1.138235e+00   1.041181e-14   1.836568e-03   7.989505e-18   1710602
  1.144612e+00   1.021412e-14   1.844777e-03   7.790302e-18   1737056
  1.150994e+00   1.002265e-14   1.840390e-03   7.604652e-18   1752602
  1.157370e+00   9.817240e-15   1.839227e-03   7.413641e-18   1772024
  1.163752e+00   9.644120e-15   1.844090e-03   7.241747e-18   1795364
  1.170126e+00   9.461312e-15   1.836467e-03   7.075994e-18   1807634
  1.176490e+00   9.296165e-15   1.836183e-03   6.905399e-18   1827608
  1.182859e+00   9.120928e-15   1.840789e-03   6.738794e-18   1850984
  1.189240e+00   8.948292e-15   1.844107e-03   6.559726e-18   1874618
  1.195619e+00   8.788920e-15   1.838445e-03   6.424662e-18   1889504
  1.202001e+00   8.635295e-15   1.845373e-03   6.271700e-18   1916870
  1.208383e+00   8.467382e-15   1.838254e-03   6.131188e-18   1929728
  1.214760e+00   8.337731e-15   1.843674e-03   5.996099e-18   1955408
  1.221131e+00   8.180338e-15   1.834427e-03   5.855344e-18   1966842
  1.227503e+00   8.029323e-15   1.843005e-03   5.715609e-18   1996640
  1.233886e+00   7.894322e-15   1.842690e-03   5.604079e-18   2016392
  1.240265e+00   7.760191e-15   1.839730e-03   5.462857e-18   2034722
  1.246641e+00   7.607740e-15   1.840813e-03   5.336911e-18   2056460
  1.253014e+00   7.482939e-15   1.838931e-03   5.228069e-18   2075186
  1.259388e+00   7.354761e-15   1.840566e-03   5.113912e-18   2099096
  1.265761e+00   7.233716e-15   1.837910e-03   5.005680e-18   2116832
  1.272138e+00   7.099327e-15   1.844119e-03   4.878394e-18   2145146
  1.278526e+00   6.973790e-15   1.844128e-03   4.768570e-18   2166776
  1.284904e+00   6.863237e-15   1.838822e-03   4.675297e-18   2181848
  1.291273e+00   6.748997e-15   1.838785e-03   4.580732e-18   2203766
  1.297646e+00   6.630704e-15   1.840619e-03   4.469658e-18   2227664
  1.304025e+00   6.519403e-15   1.842381e-03   4.377712e-18   2252138
  1.310403e+00   6.404074e-15   1.839825e-03   4.283054e-18   2271152
  1.316777e+00   6.305049e-15   1.840536e-03   4.190357e-18   2293256
  1.323154e+00   6.203358e-15   1.842085e-03   4.116746e-18   2318130
  1.329536e+00   6.106846e-15   1.841956e-03   4.026337e-18   2340824
  1.335910e+00   5.995560e-15   1.838342e-03   3.936617e-18   2357990
  1.342292e+00   5.900297e-15   1.846396e-03   3.846270e-18   2391176
  1.348671e+00   5.808490e-15   1.837209e-03   3.773782e-18   2401808
  1.355040e+00   5.718143e-15   1.840258e-03   3.697494e-18   2428442
  1.361418e+00   5.619295e-15   1.842645e-03   3.615501e-18   2454752
  1.367798e+00   5.519984e-15   1.841270e-03   3.539954e-18   2475872
  1.374172e+00   5.435450e-15   1.838763e-03   3.473024e-18   2495822
  1.380543e+00   5.347347e-15   1.839940e-03   3.397345e-18   2520248
  1.386922e+00   5.259362e-15   1.844043e-03   3.328159e-18   2549186
  1.393299e+00   5.184453e-15   1.837661e-03   3.262719e-18   2564768
  1.399672e+00   5.106240e-15   1.841284e-03   3.206198e-18   2592968
  1.406054e+00   5.018314e-15   1.843378e-03   3.136738e-18   2619818
  1.412431e+00   4.950052e-15   1.838027e-03   3.085165e-18   2636384
  1.418803e+00   4.862426e-15   1.840293e-03   3.013937e-18   2662220
  1.425180e+00   4.793596e-15   1.842524e-03   2.953123e-18   2689770
  1.431560e+00   4.717650e-15   1.840994e-03   2.893116e-18   2712296
  1.437933e+00   4.641384e-15   1.838431e-03   2.836358e-18   2732618
  1.444312e+00   4.569824e-15   1.843932e-03   2.775390e-18   2765264
  1.450695e+00   4.509818e-15   1.840894e-03   2.732117e-18   2784824
  1.457066e+00   4.435263e-15   1.837138e-03   2.674490e-18   2804162
  1.463445e+00   4.373287e-15   1.844971e-03   2.621610e-18   2840612
  1.469825e+00   4.307139e-15   1.839130e-03   2.579402e-18   2855576
  1.476198e+00   4.233898e-15   1.840533e-03   2.520958e-18   2883458
  1.482571e+00   4.178213e-15   1.838217e-03   2.481334e-18   2904128
  1.488946e+00   4.115667e-15   1.843378e-03   2.432222e-18   2937026
  1.495325e+00   4.054084e-15   1.839218e-03   2.384426e-18   2956976
  1.501703e+00   3.990927e-15   1.841967e-03   2.337996e-18   2986472
  1.508082e+00   3.937770e-15   1.840166e-03   2.299078e-18   3008918
  1.514460e+00   3.872942e-15   1.841773e-03   2.250705e-18   3036752
  1.520836e+00   3.822158e-15   1.839884e-03   2.212542e-18   3058376
  1.527209e+00   3.769833e-15   1.839616e-03   2.175681e-18   3084210
  1.533583e+00   3.711159e-15   1.840948e-03   2.131360e-18   3111848
  1.539960e+00   3.657320e-15   1.841348e-03   2.090554e-18   3138890
  1.546339e+00   3.606134e-15   1.840626e-03   2.059178e-18   3164516
  1.552719e+00   3.552786e-15   1.842638e-03   2.014184e-18   3192656
  1.559097e+00   3.500124e-15   1.840555e-03   1.977615e-18   3215618
  1.565473e+00   3.452688e-15   1.840732e-03   1.945773e-18   3242888
  1.571846e+00   3.404011e-15   1.839114e-03   1.909611e-18   3265448
  1.578224e+00   3.356511e-15   1.843575e-03   1.876613e-18   3300842
  1.584604e+00   3.305480e-15   1.839884e-03   1.843472e-18   3321008
  1.590977e+00   3.258144e-15   1.839336e-03   1.809570e-18   3346406
  1.597352e+00   3.213666e-15   1.841596e-03   1.775737e-18   3377984
  1.603728e+00   3.168945e-15   1.839551e-03   1.743697e-18   3400352
  1.610103e+00   3.130954e-15   1.841321e-03   1.717707e-18   3431450
  1.616483e+00   3.082202e-15   1.841519e-03   1.683328e-18   3458768
  1.622859e+00   3.039451e-15   1.841183e-03   1.656040e-18   3484088
  1.629231e+00   3.003803e-15   1.838425e-03   1.632528e-18   3508218
  1.635610e+00   2.959466e-15   1.843946e-03   1.600404e-18   3545924
  1.641992e+00   2.916151e-15   1.841053e-03   1.572388e-18   3567530
  1.648369e+00   2.879164e-15   1.840183e-03   1.546207e-18   3595040
  1.654744e+00   2.841450e-15   1.840167e-03   1.521504e-18   3621176
  1.661115e+00   2.800937e-15   1.839521e-03   1.492576e-18   3647738
  1.667490e+00   2.764807e-15   1.841438e-03   1.467894e-18   3680480
  1.673870e+00   2.725342e-15   1.842082e-03   1.443013e-18   3709712
  1.680248e+00   2.690107e-15   1.840008e-03   1.418865e-18   3734702
  1.686623e+00   2.652436e-15   1.840362e-03   1.393340e-18   3762776
  1.692996e+00   2.617350e-15   1.839854e-03   1.373241e-18   3790514
  1.699371e+00   2.583187e-15   1.839908e-03   1.348499e-18   3820352
  1.705752e+00   2.548803e-15   1.844068e-03   1.324997e-18   3856016
  1.712131e+00   2.517589e-15   1.839690e-03   1.307238e-18   3876818
  1.718506e+00   2.486472e-15   1.839874e-03   1.285734e-18   3906332
  1.724882e+00   2.451888e-15   1.841963e-03   1.262910e-18   3938216
  1.731260e+00   2.418132e-15   1.840685e-03   1.241222e-18   3966354
  1.737636e+00   2.386221e-15   1.839695e-03   1.220896e-18   3993536
  1.744011e+00   2.355489e-15   1.840344e-03   1.202602e-18   4024034
  1.750392e+00   2.328294e-15   1.843071e-03   1.182421e-18   4060208
  1.756773e+00   2.295241e-15   1.840812e-03   1.163250e-18   4083632
  1.763145e+00   2.269581e-15   1.837811e-03   1.147095e-18   4107062
  1.769521e+00   2.237047e-15   1.842771e-03   1.124084e-18   4148072
  1.775893e+00   2.208562e-15   1.836707e-03   1.109236e-18   4163456
  1.782267e+00   2.181891e-15   1.842476e-03   1.090065e-18   4207994
  1.788652e+00   2.152648e-15   1.843367e-03   1.072067e-18   4239152
  1.795029e+00   2.128238e-15   1.839132e-03   1.058914e-18   4259426
  1.801407e+00   2.100807e-15   1.842524e-03   1.040103e-18   4299488
  1.807788e+00   2.075242e-15   1.840660e-03   1.023799e-18   4323692
  1.814162e+00   2.046962e-15   1.840093e-03   1.008325e-18   4353242
  1.820541e+00   2.025310e-15   1.841694e-03   9.927803e-19   4388792
  1.826915e+00   1.998902e-15   1.838387e-03   9.777594e-19   4409912
  1.833288e+00   1.973317e-15   1.841592e-03   9.625157e-19   4449282
  1.839667e+00   1.946468e-15   1.840784e-03   9.468043e-19   4478504
  1.846041e+00   1.925465e-15   1.839106e-03   9.327683e-19   4505882
  1.852417e+00   1.902837e-15   1.841020e-03   9.186619e-19   4542044
  1.858793e+00   1.877646e-15   1.840344e-03   9.046500e-19   4569608
  1.865169e+00   1.855287e-15   1.841195e-03   8.907647e-19   4604426
  1.871550e+00   1.833607e-15   1.842311e-03   8.764260e-19   4638896
  1.877925e+00   1.810960e-15   1.838827e-03   8.650232e-19   4660088
  1.884299e+00   1.788020e-15   1.841797e-03   8.514653e-19   4701290
  1.890678e+00   1.766802e-15   1.840619e-03   8.391839e-19   4729292
  1.897054e+00   1.747153e-15   1.841565e-03   8.265789e-19   4762706
  1.903435e+00   1.726499e-15   1.842610e-03   8.137346e-19   4799336
  1.909810e+00   1.705223e-15   1.837970e-03   8.024806e-19   4818680
  1.916185e+00   1.686604e-15   1.842882e-03   7.907832e-19   4863962
  1.922563e+00   1.665204e-15   1.839027e-03   7.798462e-19   4886216
  1.928938e+00   1.643101e-15   1.841692e-03   7.660315e-19   4925360
  1.935312e+00   1.625418e-15   1.838487e-03   7.555582e-19   4950198
  1.941682e+00   1.608525e-15   1.839228e-03   7.459576e-19   4983776
  1.948062e+00   1.590526e-15   1.844717e-03   7.347659e-19   5032058
  1.954444e+00   1.568124e-15   1.839748e-03   7.231889e-19   5052296
  1.960816e+00   1.552209e-15   1.839118e-03   7.137580e-19   5081048
  1.967192e+00   1.533965e-15   1.843475e-03   7.027284e-19   5127146
  1.973574e+00   1.516037e-15   1.841069e-03   6.932413e-19   5155376
  1.979948e+00   1.499317e-15   1.838766e-03   6.840886e-19   5181068
  1.986324e+00   1.482100e-15   1.842536e-03   6.737775e-19   5225906
  1.992703e+00   1.463070e-15   1.840301e-03   6.643756e-19   5253224
  1.999075e+00   1.446799e-15   1.838471e-03   6.540722e-19   5281154
  2.005453e+00   1.431462e-15   1.843666e-03   6.440635e-19   5330336
  2.011834e+00   1.414334e-15   1.840278e-03   6.361139e-19   5354120
  2.018204e+00   1.399514e-15   1.837177e-03   6.280386e-19   5380154
  2.024582e+00   1.384674e-15   1.844004e-03   6.186504e-19   5433740
  2.030964e+00   1.367915e-15   1.841066e-03   6.104003e-19   5458202
  2.037337e+00   1.353028e-15   1.838473e-03   6.031018e-19   5486424
  2.043713e+00   1.338078e-15   1.842073e-03   5.937035e-19   5530640
  2.050092e+00   1.321983e-15   1.840865e-03   5.858847e-19   5561162
  2.056472e+00   1.308145e-15   1.842354e-03   5.771985e-19   5601512
  2.062848e+00   1.293386e-15   1.838550e-03   5.705213e-19   5623244
  2.069220e+00   1.278478e-15   1.840849e-03   5.614362e-19   5665346
  2.075598e+00   1.264849e-15   1.841113e-03   5.543703e-19   5702384
  2.081975e+00   1.251264e-15   1.840298e-03   5.463798e-19   5734706
  2.088353e+00   1.237718e-15   1.841301e-03   5.391077e-19   5773184
  2.094733e+00   1.224834e-15   1.841946e-03   5.319400e-19   5809568
  2.101105e+00   1.210535e-15   1.837552e-03   5.258894e-19   5831090
  2.107479e+00   1.197556e-15   1.842206e-03   5.184403e-19   5881964
  2.113859e+00   1.185441e-15   1.841213e-03   5.122422e-19   5913416
  2.120238e+00   1.171163e-15   1.841923e-03   5.041760e-19   5952290
  2.126616e+00   1.160075e-15   1.839865e-03   4.986800e-19   5981144
  2.132988e+00   1.146799e-15   1.839742e-03   4.922833e-19   6015290
  2.139364e+00   1.134338e-15   1.841927e-03   4.848247e-19   6059664
  2.145743e+00   1.122803e-15   1.840799e-03   4.786743e-19   6092336
  2.152122e+00   1.111123e-15   1.842086e-03   4.726417e-19   6132806
  2.158501e+00   1.099031e-15   1.841321e-03   4.665732e-19   6166832
  2.164873e+00   1.087264e-15   1.837443e-03   4.611229e-19   6189272
  2.171243e+00   1.075609e-15   1.841004e-03   4.547972e-19   6238154
  2.177621e+00   1.064420e-15   1.841080e-03   4.483118e-19   6275288
  2.184000e+00   1.053565e-15   1.842241e-03   4.430390e-19   6316322
  2.190379e+00   1.043342e-15   1.840641e-03   4.375429e-19   6348488
  2.196756e+00   1.030337e-15   1.841212e-03   4.314971e-19   6385868
  2.203134e+00   1.021750e-15   1.841850e-03   4.265074e-19   6425378
  2.209510e+00   1.010291e-15   1.839408e-03   4.210504e-19   6455360
  2.215886e+00   9.999008e-16   1.841392e-03   4.154437e-19   6498176
  2.222261e+00   9.895995e-16   1.840198e-03   4.108431e-19   6531674
  2.228637e+00   9.801779e-16   1.841209e-03   4.062157e-19   6573368
  2.235015e+00   9.688660e-16   1.841417e-03   3.999850e-19   6611246
  2.241392e+00   9.597375e-16   1.840803e-03   3.957871e-19   6647424
  2.247770e+00   9.495063e-16   1.841365e-03   3.903565e-19   6687488
  2.254147e+00   9.404086e-16   1.839919e-03   3.861552e-19   6721250
  2.260520e+00   9.308975e-16   1.839077e-03   3.819697e-19   6755816
  2.266897e+00   9.210757e-16   1.842933e-03   3.762684e-19   6806504
  2.273276e+00   9.122223e-16   1.840584e-03   3.724872e-19   6837506
  2.279651e+00   9.036735e-16   1.839474e-03   3.684328e-19   6871556
  2.286030e+00   8.932095e-16   1.843489e-03   3.624048e-19   6924938
  2.292407e+00   8.847064e-16   1.838210e-03   3.582770e-19   6945320
  2.298778e+00   8.751861e-16   1.839118e-03   3.539474e-19   6986072
  2.305158e+00   8.675772e-16   1.844888e-03   3.501275e-19   7046642
  2.311538e+00   8.594762e-16   1.838415e-03   3.465239e-19   7061168
  2.317910e+00   8.496060e-16   1.840538e-03   3.418315e-19   7108064
  2.324288e+00   8.419620e-16   1.841488e-03   3.378463e-19   7151822
  2.330666e+00   8.337527e-16   1.840837e-03   3.335860e-19   7187600
  2.337045e+00   8.253273e-16   1.841819e-03   3.298118e-19   7231418
  2.343420e+00   8.173816e-16   1.838266e-03   3.263699e-19   7257912
  2.349793e+00   8.088986e-16   1.841246e-03   3.216469e-19   7307840
  2.356171e+00   8.013101e-16   1.840707e-03   3.182304e-19   7346618
  2.362545e+00   7.938853e-16   1.838315e-03   3.151230e-19   7376552
  2.368920e+00   7.859508e-16   1.842635e-03   3.112497e-19   7431740
  2.375299e+00   7.789163e-16   1.840580e-03   3.073608e-19   7464458
  2.381675e+00   7.709933e-16   1.840724e-03   3.040700e-19   7505672
  2.388054e+00   7.637252e-16   1.841875e-03   3.003903e-19   7550906
  2.394430e+00   7.571902e-16   1.839274e-03   2.975383e-19   7580720
  2.400808e+00   7.493010e-16   1.843124e-03   2.935367e-19   7635944
  2.407183e+00   7.421428e-16   1.837385e-03   2.908109e-19   7653254
  2.413557e+00   7.354215e-16   1.842500e-03   2.871725e-19   7714712
  2.419937e+00   7.286869e-16   1.841714e-03   2.839125e-19   7751840
  2.426315e+00   7.214334e-16   1.840093e-03   2.807629e-19   7788170
  2.432690e+00   7.146186e-16   1.840288e-03   2.775260e-19   7828544
  2.439067e+00   7.075457e-16   1.841589e-03   2.741801e-19   7874474
  2.445442e+00   7.015531e-16   1.838917e-03   2.718194e-19   7906032
  2.451817e+00   6.942737e-16   1.841643e-03   2.682513e-19   7957580
  2.458195e+00   6.882985e-16   1.840967e-03   2.654953e-19   7995962
  2.464573e+00   6.823411e-16   1.841319e-03   2.623468e-19   8038976
  2.470951e+00   6.756222e-16   1.841937e-03   2.598335e-19   8082320
  2.477329e+00   6.698379e-16   1.840784e-03   2.573685e-19   8120450
  2.483701e+00   6.630793e-16   1.838200e-03   2.541232e-19   8150312
  2.490075e+00   6.567128e-16   1.842025e-03   2.508934e-19   8210450
  2.496455e+00   6.509981e-16   1.840554e-03   2.485092e-19   8246732
  2.502832e+00   6.448225e-16   1.841458e-03   2.453537e-19   8290256
  2.509210e+00   6.395501e-16   1.841232e-03   2.434085e-19   8333306
  2.515587e+00   6.331623e-16   1.840510e-03   2.403649e-19   8372312
  2.521962e+00   6.276366e-16   1.840644e-03   2.381333e-19   8413472
  2.528337e+00   6.227124e-16   1.840038e-03   2.356958e-19   8455634
  2.534714e+00   6.161573e-16   1.841410e-03   2.327418e-19   8503736
  2.541090e+00   6.114941e-16   1.840703e-03   2.308104e-19   8542814
  2.547468e+00   6.055871e-16   1.841283e-03   2.281320e-19   8589960
  2.553847e+00   5.994409e-16   1.841675e-03   2.255145e-19   8633912
  2.560223e+00   5.945853e-16   1.839336e-03   2.234088e-19   8666690
  2.566599e+00   5.889455e-16   1.842209e-03   2.207927e-19   8722544
  2.572977e+00   5.836459e-16   1.840585e-03   2.184747e-19   8758112
  2.579352e+00   5.784374e-16   1.839548e-03   2.161622e-19   8798750
  2.585728e+00   5.739317e-16   1.841277e-03   2.142038e-19   8848808
  2.592104e+00   5.684537e-16   1.840251e-03   2.121678e-19   8889170
  2.598481e+00   5.637592e-16   1.840227e-03   2.098401e-19   8934608
  2.604856e+00   5.590372e-16   1.839643e-03   2.078213e-19   8971640
  2.611232e+00   5.542624e-16   1.842388e-03   2.053598e-19   9029954
  2.617612e+00   5.493368e-16   1.840920e-03   2.035161e-19   9067856
  2.623987e+00   5.444271e-16   1.839672e-03   2.014551e-19   9104444
  2.630367e+00   5.395811e-16   1.843923e-03   1.991401e-19   9171242
  2.636745e+00   5.350670e-16   1.838017e-03   1.977577e-19   9185528
  2.643114e+00   5.305426e-16   1.839022e-03   1.957736e-19   9235394
  2.649494e+00   5.257610e-16   1.844050e-03   1.934439e-19   9305688
  2.655872e+00   5.211506e-16   1.838662e-03   1.916553e-19   9321824
  2.662249e+00   5.171038e-16   1.843226e-03   1.895716e-19   9392090
  2.668628e+00   5.124810e-16   1.839001e-03   1.879946e-19   9414332
  2.675000e+00   5.083113e-16   1.840415e-03   1.861191e-19   9465410
  2.681380e+00   5.041234e-16   1.842364e-03   1.840602e-19   9523760
  2.687758e+00   4.993689e-16   1.839771e-03   1.823329e-19   9553832
  2.694133e+00   4.953803e-16   1.840855e-03   1.804024e-19   9604298
  2.700510e+00   4.912404e-16   1.840893e-03   1.788734e-19   9651176
  2.706885e+00   4.868936e-16   1.839603e-03   1.769002e-19   9687704
  2.713262e+00   4.830922e-16   1.842393e-03   1.752503e-19   9748574
  2.719643e+00   4.797254e-16   1.842290e-03   1.740091e-19   9794624
  2.726015e+00   4.746832e-16   1.836766e-03   1.722289e-19   9811370
  2.732389e+00   4.715136e-16   1.842921e-03   1.704548e-19   9891320
  2.738770e+00   4.672804e-16   1.841218e-03   1.689343e-19   9926024
  2.745146e+00   4.636012e-16   1.840208e-03   1.671408e-19   9967586
  2.751522e+00   4.605169e-16   1.840755e-03   1.657959e-19   10018116
  2.757897e+00   4.555680e-16   1.840456e-03   1.638960e-19   10060280
  2.764274e+00   4.520516e-16   1.841667e-03   1.625903e-19   10115450
  2.770654e+00   4.485344e-16   1.841837e-03   1.611035e-19   10164368
  2.777028e+00   4.445193e-16   1.838094e-03   1.594294e-19   10188314
  2.783404e+00   4.413015e-16   1.843290e-03   1.580454e-19   10265168
  2.789784e+00   4.380323e-16   1.840160e-03   1.568885e-19   10294448
  2.796159e+00   4.339752e-16   1.840640e-03   1.553267e-19   10343918
  2.802537e+00   4.308597e-16   1.841730e-03   1.538941e-19   10397600
  2.808913e+00   4.273059e-16   1.840311e-03   1.524792e-19   10435328
  2.815285e+00   4.240118e-16   1.838957e-03   1.510224e-19   10476698
  2.821661e+00   4.202516e-16   1.842237e-03   1.495071e-19   10543184
  2.828039e+00   4.170382e-16   1.839935e-03   1.482786e-19   10577834
  2.834417e+00   4.136811e-16   1.842252e-03   1.469944e-19   10641560
  2.840795e+00   4.106469e-16   1.839115e-03   1.457856e-19   10668452
  2.847169e+00   4.074361e-16   1.841467e-03   1.444726e-19   10729634
  2.853544e+00   4.040001e-16   1.839115e-03   1.431690e-19   10766520
  2.859920e+00   4.008073e-16   1.841423e-03   1.417639e-19   10825856
  2.866300e+00   3.979519e-16   1.842253e-03   1.407043e-19   10880090
  2.872679e+00   3.943886e-16   1.840348e-03   1.390804e-19   10918088
  2.879054e+00   3.916354e-16   1.840274e-03   1.380736e-19   10964474
  2.885431e+00   3.887357e-16   1.841464e-03   1.369526e-19   11021180
  2.891809e+00   3.855492e-16   1.840637e-03   1.356514e-19   11064248
  2.898185e+00   3.826907e-16   1.840651e-03   1.346459e-19   11114234
  2.904565e+00   3.797766e-16   1.842174e-03   1.333888e-19   11172872
  2.910943e+00   3.766921e-16   1.840078e-03   1.322551e-19   11206880
  2.917314e+00   3.737471e-16   1.838484e-03   1.311900e-19   11248130
  2.923689e+00   3.713321e-16   1.841523e-03   1.300600e-19   11316140
  2.930066e+00   3.678652e-16   1.840085e-03   1.288400e-19   11355554
  2.936443e+00   3.653402e-16   1.841835e-03   1.277143e-19   11417840
  2.942822e+00   3.625617e-16   1.840319e-03   1.267644e-19   11456528
  2.949199e+00   3.598839e-16   1.841526e-03   1.257580e-19   11512874
  2.955576e+00   3.573826e-16   1.840486e-03   1.247473e-19   11557272
  2.961950e+00   3.543605e-16   1.839582e-03   1.235544e-19   11600360
  2.968326e+00   3.521729e-16   1.841593e-03   1.228510e-19   11663678
  2.974703e+00   3.492959e-16   1.840371e-03   1.216270e-19   11705552
  2.981079e+00   3.467419e-16   1.840912e-03   1.205935e-19   11758658
  2.987457e+00   3.442416e-16   1.841605e-03   1.194795e-19   11815208
  2.993836e+00   3.415793e-16   1.841556e-03   1.186408e-19   11864000
  3.000212e+00   3.390277e-16   1.839938e-03   1.175852e-19   11904962
  3.006589e+00   3.366056e-16   1.840973e-03   1.166228e-19   11963696
  3.012966e+00   3.335429e-16   1.840866e-03   1.155913e-19   12011132
  3.019341e+00   3.314993e-16   1.840389e-03   1.147932e-19   12059450
  3.025718e+00   3.291437e-16   1.841438e-03   1.136847e-19   12118280
  3.032095e+00   3.267782e-16   1.840188e-03   1.128487e-19   12160562
  3.038470e+00   3.243031e-16   1.840247e-03   1.120385e-19   12212768
  3.044846e+00   3.219851e-16   1.841220e-03   1.111464e-19   12269504
  3.051223e+00   3.197365e-16   1.840948e-03   1.102207e-19   12319370
  3.057600e+00   3.171344e-16   1.840852e-03   1.093135e-19   12370140
  3.063975e+00   3.152083e-16   1.840437e-03   1.085854e-19   12417752
  3.070352e+00   3.127817e-16   1.841133e-03   1.076066e-19   12476882
  3.076731e+00   3.106291e-16   1.841502e-03   1.067954e-19   12530816
  3.083108e+00   3.087201e-16   1.840958e-03   1.062050e-19   12577658
  3.089485e+00   3.062773e-16   1.840591e-03   1.051532e-19   12629288
  3.095862e+00   3.038484e-16   1.841067e-03   1.042002e-19   12683828
  3.102237e+00   3.020053e-16   1.839537e-03   1.036598e-19   12725354
  3.108612e+00   2.999142e-16   1.841269e-03   1.027620e-19   12790616
  3.114989e+00   2.978233e-16   1.840010e-03   1.020666e-19   12833768
  3.121365e+00   2.957922e-16   1.841117e-03   1.012872e-19   12894194
  3.127743e+00   2.934968e-16   1.841676e-03   1.004687e-19   12950240
  3.134122e+00   2.913562e-16   1.840849e-03   9.955007e-20   12998714
  3.140498e+00   2.896655e-16   1.840244e-03   9.910484e-20   13048100
  3.146876e+00   2.872953e-16   1.841732e-03   9.808240e-20   13109120
  3.153254e+00   2.855330e-16   1.841032e-03   9.748444e-20   13158506
  3.159627e+00   2.836305e-16   1.838302e-03   9.689457e-20   13193040
  3.166002e+00   2.817834e-16   1.841969e-03   9.620544e-20   13271072
  3.172380e+00   2.798128e-16   1.840294e-03   9.543760e-20   13314242
  3.178754e+00   2.778801e-16   1.839703e-03   9.475599e-20   13363808
  3.185133e+00   2.759748e-16   1.842485e-03   9.388794e-20   13436822
  3.191512e+00   2.741874e-16   1.840487e-03   9.339323e-20   13476080
  3.197887e+00   2.722206e-16   1.840204e-03   9.267536e-20   13527296
  3.204264e+00   2.703763e-16   1.841161e-03   9.201518e-20   13589498
  3.210638e+00   2.684562e-16   1.838626e-03   9.134830e-20   13623704
  3.217016e+00   2.665541e-16   1.844054e-03   9.045076e-20   13717280
  3.223396e+00   2.650013e-16   1.839294e-03   9.004106e-20   13737914
  3.229770e+00   2.632000e-16   1.840743e-03   8.930727e-20   13801772
  3.236147e+00   2.612692e-16   1.841678e-03   8.868802e-20   13864298
  3.242524e+00   2.600251e-16   1.839451e-03   8.828473e-20   13904216
  3.248899e+00   2.580715e-16   1.840700e-03   8.751904e-20   13966064
  3.255276e+00   2.563325e-16   1.841492e-03   8.689997e-20   14027042
  3.261651e+00   2.545954e-16   1.838676e-03   8.633172e-20   14061048
  3.268027e+00   2.527814e-16   1.842396e-03   8.557847e-20   14143820
  3.274405e+00   2.513375e-16   1.840137e-03   8.504333e-20   14182442
  3.280782e+00   2.498237e-16   1.841285e-03   8.452736e-20   14245568
  3.287160e+00   2.484393e-16   1.841226e-03   8.415426e-20   14301338
  3.293537e+00   2.466745e-16   1.840394e-03   8.355779e-20   14350064
  3.299913e+00   2.450210e-16   1.841485e-03   8.296500e-20   14412488
  3.306292e+00   2.435137e-16   1.841397e-03   8.239290e-20   14470250
  3.312668e+00   2.419678e-16   1.839514e-03   8.191351e-20   14509484
  3.319039e+00   2.401427e-16   1.839618e-03   8.119663e-20   14564474
  3.325416e+00   2.387566e-16   1.842538e-03   8.061325e-20   14646632
  3.331795e+00   2.373494e-16   1.839978e-03   8.022119e-20   14681792
  3.338171e+00   2.357529e-16   1.841401e-03   7.960545e-20   14749946
  3.344548e+00   2.344943e-16   1.840482e-03   7.913553e-20   14799968
  3.350923e+00   2.328565e-16   1.839748e-03   7.854668e-20   14848808
  3.357300e+00   2.314771e-16   1.842276e-03   7.803360e-20   14925638
  3.363678e+00   2.299945e-16   1.840046e-03   7.757610e-20   14963016
  3.370053e+00   2.284574e-16   1.841263e-03   7.696448e-20   15031106
  3.376432e+00   2.272358e-16   1.841574e-03   7.667324e-20   15092384
  3.382808e+00   2.256857e-16   1.839899e-03   7.613749e-20   15132248
  3.389183e+00   2.242543e-16   1.841248e-03   7.558681e-20   15202322
  3.395560e+00   2.229358e-16   1.839985e-03   7.515052e-20   15250832
  3.401936e+00   2.216698e-16   1.841279e-03   7.474872e-20   15315692
  3.408315e+00   2.203798e-16   1.842099e-03   7.423818e-20   15382346
  3.414692e+00   2.189801e-16   1.839166e-03   7.375558e-20   15416024
  3.421065e+00   2.173649e-16   1.840590e-03   7.325526e-20   15483602
  3.427446e+00   2.164604e-16   1.843566e-03   7.291087e-20   15568424
  3.433825e+00   2.150847e-16   1.839187e-03   7.245753e-20   15589280
  3.440198e+00   2.136794e-16   1.839744e-03   7.191413e-20   15652502
  3.446575e+00   2.126444e-16   1.841959e-03   7.164789e-20   15728960
  3.452954e+00   2.111330e-16   1.840551e-03   7.105002e-20   15773168
  3.459328e+00   2.100266e-16   1.839940e-03   7.080224e-20   15828290
  3.465704e+00   2.086912e-16   1.840910e-03   7.016861e-20   15893184
  3.472081e+00   2.073387e-16   1.841157e-03   6.981552e-20   15954194
  3.478457e+00   2.062099e-16   1.839872e-03   6.935479e-20   16006016
  3.484831e+00   2.048290e-16   1.839639e-03   6.900163e-20   16058684
  3.491208e+00   2.037228e-16   1.842456e-03   6.854835e-20   16141898
  3.497590e+00   2.024902e-16   1.841864e-03   6.809181e-20   16197872
  3.503966e+00   2.013969e-16   1.839313e-03   6.779076e-20   16231640
  3.510341e+00   2.002894e-16   1.841313e-03   6.744930e-20   16310090
  3.516721e+00   1.990875e-16   1.841945e-03   6.694711e-20   16375136
  3.523097e+00   1.978416e-16   1.839457e-03   6.659290e-20   16412522
  3.529473e+00   1.968485e-16   1.841163e-03   6.626936e-20   16488308
  3.535850e+00   1.958781e-16   1.840616e-03   6.600910e-20   16539968
  3.542225e+00   1.945765e-16   1.839938e-03   6.556560e-20   16595714
  3.548602e+00   1.934283e-16   1.841625e-03   6.516970e-20   16671224
  3.554979e+00   1.921582e-16   1.840210e-03   6.465570e-20   16714064
  3.561354e+00   1.913325e-16   1.840955e-03   6.440104e-20   16783202
  3.567731e+00   1.901119e-16   1.840815e-03   6.395208e-20   16842504
  3.574108e+00   1.889031e-16   1.841084e-03   6.355405e-20   16904894
  3.580486e+00   1.880208e-16   1.841127e-03   6.337271e-20   16968656
  3.586865e+00   1.868480e-16   1.841521e-03   6.295433e-20   17030288
  3.593238e+00   1.858109e-16   1.838444e-03   6.262972e-20   17061482
  3.599615e+00   1.848546e-16   1.842988e-03   6.236621e-20   17164976
  3.605993e+00   1.837657e-16   1.840068e-03   6.196447e-20   17197184
  3.612368e+00   1.828084e-16   1.840756e-03   6.169903e-20   17267102
  3.618746e+00   1.816159e-16   1.841072e-03   6.118137e-20   17329928
  3.625121e+00   1.806390e-16   1.839901e-03   6.099450e-20   17378906
  3.631497e+00   1.797840e-16   1.841182e-03   6.072424e-20   17454776
  3.637873e+00   1.786034e-16   1.839972e-03   6.031364e-20   17501720
  3.644249e+00   1.777375e-16   1.842109e-03   5.999626e-20   17584826
  3.650631e+00   1.767144e-16   1.841819e-03   5.972800e-20   17646008
  3.657008e+00   1.754838e-16   1.840059e-03   5.931725e-20   17686412
  3.663381e+00   1.747646e-16   1.840228e-03   5.915841e-20   17751266
  3.669756e+00   1.735516e-16   1.840035e-03   5.868468e-20   17812848
  3.676130e+00   1.725375e-16   1.840074e-03   5.842930e-20   17874866
  3.682507e+00   1.717768e-16   1.841337e-03   5.819515e-20   17951720
  3.688886e+00   1.705726e-16   1.841134e-03   5.785928e-20   18009344
  3.695262e+00   1.696384e-16   1.840349e-03   5.754941e-20   18064730
  3.701640e+00   1.687844e-16   1.841339e-03   5.733744e-20   18137372
  3.708017e+00   1.674841e-16   1.840603e-03   5.693683e-20   18189632
  3.714392e+00   1.667117e-16   1.840457e-03   5.681532e-20   18254330
  3.720770e+00   1.654061e-16   1.841473e-03   5.630181e-20   18325808
  3.727148e+00   1.643474e-16   1.840737e-03   5.606695e-20   18379610
  3.733524e+00   1.634268e-16   1.840702e-03   5.588569e-20   18445760
  3.739901e+00   1.621570e-16   1.840479e-03   5.554175e-20   18504440
  3.746277e+00   1.609765e-16   1.840875e-03   5.527111e-20   18572198
  3.752657e+00   1.595944e-16   1.841895e-03   5.496399e-20   18647480
  3.759032e+00   1.577779e-16   1.838946e-03   5.452688e-20   18678152
  3.765406e+00   9.685582e-17   1.841061e-03   4.490442e-20   18764186
  3.771782e+00   1.033869e-17   1.840849e-03   2.792608e-21   18794103
  3.778158e+00   9.474733e-18   1.840297e-03   2.613232e-21   18760748
  3.784533e+00   8.736992e-18   1.840231e-03   2.456124e-21   18727940
  3.790912e+00   8.112802e-18   1.842073e-03   2.317891e-21   18712436
  3.797287e+00   7.599255e-18   1.838840e-03   2.203726e-21   18646616
  3.803663e+00   7.155469e-18   1.842455e-03   2.093049e-21   18651296
  3.810042e+00   6.767282e-18   1.840334e-03   1.998596e-21   18596096
  3.816418e+00   6.416200e-18   1.841121e-03   1.907684e-21   18571364
  3.822794e+00   6.100763e-18   1.839859e-03   1.827121e-21   18527096
  3.829170e+00   5.814632e-18   1.840846e-03   1.755461e-21   18501368
  3.835548e+00   5.549213e-18   1.841771e-03   1.679078e-21   18475040
  3.841927e+00   5.308853e-18   1.841481e-03   1.613241e-21   18439436
  3.848301e+00   5.087693e-18   1.838521e-03   1.551920e-21   18375752
  3.854674e+00   4.887134e-18   1.840584e-03   1.493357e-21   18361484
  3.861052e+00   4.696615e-18   1.842393e-03   1.436492e-21   18344504
  3.867430e+00   4.523571e-18   1.839817e-03   1.387162e-21   18284708
  3.873806e+00   4.354454e-18   1.841259e-03   1.335773e-21   18264048
  3.880183e+00   4.201237e-18   1.840629e-03   1.290975e-21   18220964
  3.886557e+00   4.057541e-18   1.839363e-03   1.246690e-21   18173528
  3.892935e+00   3.919228e-18   1.843046e-03   1.204080e-21   18173780
  3.899316e+00   3.792018e-18   1.841138e-03   1.163910e-21   18116660
  3.905693e+00   3.667277e-18   1.840842e-03   1.126555e-21   18078740
  3.912066e+00   3.551890e-18   1.838693e-03   1.091233e-21   18023108
  3.918439e+00   3.441748e-18   1.840734e-03   1.056093e-21   18005600
  3.924818e+00   3.340293e-18   1.842344e-03   1.023542e-21   17984552
  3.931198e+00   3.238610e-18   1.841062e-03   9.923942e-22   17934860
  3.937574e+00   3.145885e-18   1.840562e-03   9.622902e-22   17891468
  3.943950e+00   3.055392e-18   1.840945e-03   9.342088e-22   17857712
  3.950326e+00   2.968773e-18   1.840137e-03   9.070536e-22   17813108
  3.956702e+00   2.885885e-18   1.841074e-03   8.814858e-22   17784788
  3.963079e+00   2.804884e-18   1.840240e-03   8.541518e-22   17737268
  3.969455e+00   2.730034e-18   1.841773e-03   8.312263e-22   17713268
  3.975833e+00   2.657403e-18   1.840239e-03   8.075084e-22   17661912
  3.982208e+00   2.591660e-18   1.840290e-03   7.878205e-22   17622668
  3.988586e+00   2.521972e-18   1.842133e-03   7.641476e-22   17600552
  3.994964e+00   2.457541e-18   1.839951e-03   7.442705e-22   17542580
  4.001340e+00   2.397288e-18   1.840772e-03   7.255806e-22   17509112
  4.007717e+00   2.337817e-18   1.841501e-03   7.057929e-22   17475116
  4.014093e+00   2.281567e-18   1.839606e-03   6.885227e-22   17419964
  4.020469e+00   2.224028e-18   1.841433e-03   6.697472e-22   17397056
  4.026846e+00   2.174364e-18   1.840314e-03   6.538619e-22   17345336
  4.033223e+00   2.120067e-18   1.840964e-03   6.365892e-22   17310476
  4.039596e+00   2.071710e-18   1.838459e-03   6.227469e-22   17246360
  4.045972e+00   2.024279e-18   1.842582e-03   6.066425e-22   17244284
  4.052354e+00   1.977776e-18   1.842150e-03   5.918993e-22   17198240
  4.058731e+00   1.933079e-18   1.839271e-03   5.779026e-22   17130932
  4.065106e+00   1.892250e-18   1.841562e-03   5.646990e-22   17110040
  4.071484e+00   1.849900e-18   1.840722e-03   5.524122e-22   17058488
  4.077857e+00   1.808727e-18   1.839135e-03   5.392079e-22   17003664
  4.084233e+00   1.770665e-18   1.841446e-03   5.271441e-22   16983908
  4.090612e+00   1.732631e-18   1.841420e-03   5.159114e-22   16939220
  4.096989e+00   1.697950e-18   1.840515e-03   5.051941e-22   16888904
  4.103367e+00   1.661098e-18   1.841500e-03   4.936118e-22   16854920
  4.109743e+00   1.626561e-18   1.839861e-03   4.828832e-22   16795136
  4.116117e+00   1.594151e-18   1.840184e-03   4.732426e-22   16755860
  4.122495e+00   1.561939e-18   1.841913e-03   4.632727e-22   16729064
  4.128872e+00   1.531126e-18   1.840126e-03   4.540576e-22   16668260
  4.135248e+00   1.501238e-18   1.841092e-03   4.444927e-22   16631456
  4.141626e+00   1.470277e-18   1.841230e-03   4.345251e-22   16588208
  4.148001e+00   1.440573e-18   1.839635e-03   4.258011e-22   16531052
  4.154379e+00   1.414119e-18   1.842867e-03   4.175074e-22   16514456
  4.160755e+00   1.385980e-18   1.838861e-03   4.096856e-22   16432880
  4.167131e+00   1.360806e-18   1.842344e-03   4.019956e-22   16421120
  4.173510e+00   1.334827e-18   1.840051e-03   3.942721e-22   16354148
  4.179885e+00   1.310646e-18   1.841003e-03   3.870320e-22   16316184
  4.186264e+00   1.285491e-18   1.842179e-03   3.792478e-22   16283360
  4.192641e+00   1.262522e-18   1.839085e-03   3.727122e-22   16208756
  4.199016e+00   1.239752e-18   1.841765e-03   3.656341e-22   16184372
  4.205394e+00   1.217489e-18   1.840922e-03   3.592631e-22   16131116
  4.211767e+00   1.195228e-18   1.839273e-03   3.528246e-22   16070864
  4.218143e+00   1.175048e-18   1.841935e-03   3.464671e-22   16047596
  4.224522e+00   1.154289e-18   1.841132e-03   3.407010e-22   15993464
  4.230898e+00   1.133951e-18   1.839789e-03   3.350706e-22   15936116
  4.237274e+00   1.114900e-18   1.841227e-03   3.292456e-22   15899564
  4.243650e+00   1.094524e-18   1.840412e-03   3.230978e-22   15843188
  4.250027e+00   1.076791e-18   1.841430e-03   3.181654e-22   15806012
  4.256404e+00   1.058450e-18   1.840029e-03   3.130363e-22   15746972
  4.262780e+00   1.040198e-18   1.841029e-03   3.075506e-22   15706280
  4.269158e+00   1.024017e-18   1.841316e-03   3.025092e-22   15660560
  4.275534e+00   1.006556e-18   1.839976e-03   2.984049e-22   15601664
  4.281910e+00   9.911554e-19   1.840520e-03   2.936912e-22   15555936
  4.288286e+00   9.733431e-19   1.841154e-03   2.882492e-22   15511664
  4.294665e+00   9.586755e-19   1.841118e-03   2.843487e-22   15463688
  4.301042e+00   9.431996e-19   1.840371e-03   2.801208e-22   15406784
  4.307419e+00   9.284094e-19   1.841443e-03   2.757170e-22   15364076
  4.313795e+00   9.133539e-19   1.839853e-03   2.718922e-22   15302144
  4.320171e+00   8.986152e-19   1.841222e-03   2.675405e-22   15264716
  4.326549e+00   8.846000e-19   1.841061e-03   2.633875e-22   15212204
  4.332926e+00   8.713713e-19   1.840328e-03   2.599052e-22   15154664
  4.339301e+00   8.578743e-19   1.840391e-03   2.561468e-22   15104684
  4.345675e+00   8.450661e-19   1.839587e-03   2.527172e-22   15046256
  4.352051e+00   8.324362e-19   1.841370e-03   2.491966e-22   15009272
  4.358428e+00   8.198094e-19   1.840387e-03   2.458943e-22   14951624
  4.364807e+00   8.073213e-19   1.842302e-03   2.421242e-22   14915300
  4.371187e+00   7.960216e-19   1.840481e-03   2.391585e-22   14847140
  4.377560e+00   7.844727e-19   1.839457e-03   2.364077e-22   14786624
  4.383935e+00   7.726283e-19   1.840794e-03   2.328946e-22   14745252
  4.390313e+00   7.619226e-19   1.841504e-03   2.301340e-22   14697932
  4.396692e+00   7.507175e-19   1.841471e-03   2.270462e-22   14644448
  4.403070e+00   7.398636e-19   1.840856e-03   2.242033e-22   14586896
  4.409445e+00   7.289020e-19   1.839917e-03   2.213356e-22   14525000
  4.415820e+00   7.187489e-19   1.841355e-03   2.183756e-22   14482088
  4.422197e+00   7.084923e-19   1.840486e-03   2.159401e-22   14423696
  4.428574e+00   6.987546e-19   1.840927e-03   2.131119e-22   14373848
  4.434951e+00   6.892302e-19   1.841026e-03   2.108280e-22   14319188
  4.441328e+00   6.801693e-19   1.840720e-03   2.083571e-22   14262248
  4.447704e+00   6.704036e-19   1.840293e-03   2.057896e-22   14204780
  4.454079e+00   6.609774e-19   1.840780e-03   2.032166e-22   14153240
  4.460456e+00   6.524839e-19   1.840870e-03   2.012781e-22   14099048
  4.466833e+00   6.434922e-19   1.841305e-03   1.988927e-22   14048288
  4.473210e+00   6.352247e-19   1.840220e-03   1.967962e-22   13983860
  4.479586e+00   6.270299e-19   1.841413e-03   1.946939e-22   13935800
  4.485962e+00   6.185908e-19   1.839813e-03   1.926632e-22   13868784
  4.492338e+00   6.100547e-19   1.841245e-03   1.903938e-22   13824536
  4.498718e+00   6.024975e-19   1.842226e-03   1.882789e-22   13774364
  4.505095e+00   5.949001e-19   1.840286e-03   1.867012e-22   13702856
  4.511470e+00   5.870060e-19   1.840225e-03   1.845311e-22   13646648
  4.517844e+00   5.797276e-19   1.840082e-03   1.828409e-22   13588364
  4.524220e+00   5.724557e-19   1.841200e-03   1.809934e-22   13539920
  4.530597e+00   5.648013e-19   1.840383e-03   1.790094e-22   13478432
  4.536974e+00   5.580631e-19   1.840898e-03   1.774825e-22   13424264
  4.543353e+00   5.510691e-19   1.841656e-03   1.755585e-22   13370000
  4.549730e+00   5.439343e-19   1.840597e-03   1.737121e-22   13304432
  4.556105e+00   5.374813e-19   1.839697e-03   1.722696e-22   13241228
  4.562479e+00   5.311495e-19   1.840265e-03   1.709556e-22   13186508
  4.568858e+00   5.241268e-19   1.842616e-03   1.690476e-22   13144544
  4.575236e+00   5.180463e-19   1.839577e-03   1.676521e-22   13065032
  4.581610e+00   5.117936e-19   1.840140e-03   1.661667e-22   13008512
  4.587987e+00   5.057727e-19   1.841456e-03   1.647619e-22   12957360
  4.594365e+00   4.996832e-19   1.841180e-03   1.632313e-22   12897728
  4.600740e+00   4.942094e-19   1.838906e-03   1.621820e-22   12822884
  4.607118e+00   4.880522e-19   1.843186e-03   1.605695e-22   12790772
  4.613497e+00   4.821301e-19   1.839965e-03   1.591644e-22   12707960
  4.619871e+00   4.765833e-19   1.840055e-03   1.579431e-22   12650024
  4.626249e+00   4.709083e-19   1.841592e-03   1.566885e-22   12599360
  4.632627e+00   4.657447e-19   1.841060e-03   1.556036e-22   12533984
  4.639003e+00   4.607525e-19   1.840024e-03   1.544403e-22   12467036
  4.645379e+00   4.552697e-19   1.841105e-03   1.532692e-22   12412124
  4.651756e+00   4.503953e-19   1.840677e-03   1.522586e-22   12345776
  4.658131e+00   4.451642e-19   1.840856e-03   1.507990e-22   12286760
  4.664508e+00   4.399948e-19   1.840642e-03   1.497212e-22   12225452
  4.670885e+00   4.350773e-19   1.840694e-03   1.487004e-22   12162584
  4.677263e+00   4.303019e-19   1.841648e-03   1.476212e-22   12105824
  4.683640e+00   4.253258e-19   1.840444e-03   1.465795e-22   12036248
  4.690015e+00   4.208763e-19   1.840000e-03   1.456300e-22   11969736
  4.696391e+00   4.164709e-19   1.841517e-03   1.447057e-22   11916224
  4.702769e+00   4.121545e-19   1.840685e-03   1.439625e-22   11849312
  4.709145e+00   4.074887e-19   1.840274e-03   1.430213e-22   11783300
  4.715522e+00   4.031706e-19   1.841310e-03   1.419551e-22   11724800
  4.721898e+00   3.986533e-19   1.840639e-03   1.411158e-22   11657372
  4.728275e+00   3.941095e-19   1.840697e-03   1.401034e-22   11595320
  4.734652e+00   3.903007e-19   1.840360e-03   1.394553e-22   11527928
  4.741029e+00   3.862179e-19   1.841428e-03   1.385604e-22   11469008
  4.747404e+00   3.821546e-19   1.839492e-03   1.378825e-22   11392904
  4.753780e+00   3.781446e-19   1.841657e-03   1.370307e-22   11340476
  4.760155e+00   3.743631e-19   1.839780e-03   1.362843e-22   11263520
  4.766534e+00   3.703315e-19   1.842729e-03   1.353825e-22   11218472
  4.772911e+00   3.663451e-19   1.838731e-03   1.348180e-22   11129336
  4.779288e+00   3.630783e-19   1.842467e-03   1.339890e-22   11083964
  4.785665e+00   3.590252e-19   1.839931e-03   1.334820e-22   11001992
  4.792039e+00   3.554718e-19   1.840072e-03   1.328669e-22   10938228
  4.798414e+00   3.517520e-19   1.840560e-03   1.322355e-22   10874336
  4.804792e+00   3.481725e-19   1.841863e-03   1.313255e-22   10814828
  4.811169e+00   3.452078e-19   1.839739e-03   1.311755e-22   10736984
  4.817544e+00   3.415494e-19   1.840541e-03   1.305526e-22   10673948
  4.823923e+00   3.383131e-19   1.842721e-03   1.297049e-22   10617704
  4.830301e+00   3.347050e-19   1.840081e-03   1.291649e-22   10536416
  4.836675e+00   3.313096e-19   1.839468e-03   1.287785e-22   10466324
  4.843052e+00   3.282087e-19   1.842362e-03   1.281231e-22   10412984
  4.849431e+00   3.248967e-19   1.840724e-03   1.275698e-22   10334840
  4.855806e+00   3.216812e-19   1.840268e-03   1.271300e-22   10265528
  4.862183e+00   3.190445e-19   1.840956e-03   1.268417e-22   10200692
  4.868561e+00   3.157517e-19   1.841614e-03   1.261515e-22   10135292
  4.874938e+00   3.123637e-19   1.839941e-03   1.256701e-22   10058816
  4.881314e+00   3.094425e-19   1.840525e-03   1.252682e-22   9991772
  4.887691e+00   3.067874e-19   1.841575e-03   1.250600e-22   9925880
  4.894065e+00   3.035607e-19   1.838924e-03   1.245036e-22   9843288
  4.900441e+00   3.006329e-19   1.842306e-03   1.240015e-22   9792968
  4.906821e+00   2.981247e-19   1.840795e-03   1.238543e-22   9713612
  4.913196e+00   2.951298e-19   1.840365e-03   1.234256e-22   9640628
  4.919573e+00   2.922107e-19   1.840900e-03   1.230560e-22   9574256
  4.925949e+00   2.892135e-19   1.840276e-03   1.226071e-22   9499064
  4.932325e+00   2.868805e-19   1.841227e-03   1.224760e-22   9432296
  4.938702e+00   2.838849e-19   1.841040e-03   1.220586e-22   9362204
  4.945079e+00   2.811148e-19   1.840104e-03   1.216776e-22   9286052
  4.951457e+00   2.787821e-19   1.842090e-03   1.216483e-22   9222320
  4.957835e+00   2.761617e-19   1.841090e-03   1.213260e-22   9145976
  4.964211e+00   2.731627e-19   1.839895e-03   1.209846e-22   9070268
  4.970586e+00   2.708980e-19   1.840297e-03   1.206755e-22   8999720
  4.976964e+00   2.686275e-19   1.841617e-03   1.206975e-22   8932664
  4.983339e+00   2.658700e-19   1.838848e-03   1.204654e-22   8847344
  4.989712e+00   2.630409e-19   1.840809e-03   1.200641e-22   8782688
  4.996090e+00   2.610864e-19   1.841883e-03   1.200352e-22   8713440
  5.002468e+00   2.581532e-19   1.841131e-03   1.197381e-22   8638616
  5.008845e+00   2.555739e-19   1.839945e-03   1.194261e-22   8560856
  5.015220e+00   2.536502e-19   1.840402e-03   1.193535e-22   8487620
  5.021598e+00   2.512652e-19   1.842484e-03   1.193036e-22   8422796
  5.027976e+00   2.486793e-19   1.839559e-03   1.192122e-22   8336348
  5.034350e+00   2.463357e-19   1.840420e-03   1.190069e-22   8265176
  5.040727e+00   2.439942e-19   1.841761e-03   1.188996e-22   8196176
  5.047104e+00   2.415901e-19   1.839932e-03   1.188319e-22   8114636
  5.053478e+00   2.388324e-19   1.839889e-03   1.183359e-22   8038724
  5.059856e+00   2.369543e-19   1.842986e-03   1.183513e-22   7975460
  5.066235e+00   2.345854e-19   1.840210e-03   1.181486e-22   7889792
  5.072611e+00   2.318761e-19   1.840188e-03   1.179558e-22   7815728
  5.078987e+00   2.300153e-19   1.840544e-03   1.181140e-22   7739288
  5.085364e+00   2.272804e-19   1.841840e-03   1.174944e-22   7667432
  5.091741e+00   2.250111e-19   1.839798e-03   1.176685e-22   7583684
  5.098113e+00   2.229423e-19   1.839459e-03   1.176896e-22   7505172
  5.104490e+00   2.202489e-19   1.842916e-03   1.173056e-22   7442636
  5.110871e+00   2.179252e-19   1.841224e-03   1.172609e-22   7360676
  5.117246e+00   2.155016e-19   1.838532e-03   1.171761e-22   7272728
  5.123622e+00   2.135894e-19   1.842521e-03   1.170349e-22   7209140
  5.130001e+00   2.109235e-19   1.840984e-03   1.167161e-22   7125632
  5.136377e+00   2.083489e-19   1.840289e-03   1.164791e-22   7046924
  5.142753e+00   2.061121e-19   1.840046e-03   1.163514e-22   6966968
  5.149129e+00   2.039089e-19   1.841514e-03   1.165949e-22   6893408
  5.155505e+00   2.015459e-19   1.840118e-03   1.165041e-22   6811004
  5.161881e+00   1.987754e-19   1.840529e-03   1.158431e-22   6732944
  5.168258e+00   1.968903e-19   1.841885e-03   1.161140e-22   6658628
  5.174637e+00   1.939420e-19   1.841220e-03   1.155496e-22   6578804
  5.181014e+00   1.914456e-19   1.839505e-03   1.152998e-22   6493628
  5.187389e+00   1.892039e-19   1.841020e-03   1.152019e-22   6417476
  5.193767e+00   1.867203e-19   1.842303e-03   1.148116e-22   6341156
  5.200142e+00   1.838195e-19   1.838905e-03   1.144019e-22   6251676
  5.206515e+00   1.810342e-19   1.840100e-03   1.136304e-22   6176072
  5.212894e+00   1.792079e-19   1.842591e-03   1.141460e-22   6103028
  5.219273e+00   1.756191e-19   1.840028e-03   1.130429e-22   6015356
  5.225646e+00   1.726153e-19   1.838527e-03   1.121610e-22   5928908
  5.232022e+00   1.708039e-19   1.843529e-03   1.123568e-22   5861504
  5.238402e+00   1.672029e-19   1.840564e-03   1.111351e-22   5772440
  5.244776e+00   1.638399e-19   1.839302e-03   1.099943e-22   5688596
  5.251152e+00   1.618965e-19   1.841421e-03   1.100830e-22   5611412
  5.257531e+00   1.584303e-19   1.842425e-03   1.089000e-22   5532224
  5.263907e+00   1.549790e-19   1.838741e-03   1.074588e-22   5440748
  5.270281e+00   1.523593e-19   1.841068e-03   1.069985e-22   5364572
  5.276660e+00   1.490429e-19   1.842167e-03   1.058189e-22   5285204
  5.283039e+00   1.452665e-19   1.840147e-03   1.040569e-22   5197796
  5.289414e+00   1.418022e-19   1.840074e-03   1.021280e-22   5113244
  5.295789e+00   1.387574e-19   1.841509e-03   1.012648e-22   5032664
  5.302162e+00   1.348252e-19   1.838866e-03   9.889237e-23   4943484
  5.308538e+00   1.311896e-19   1.842083e-03   9.670248e-23   4869920
  5.314919e+00   1.272891e-19   1.840875e-03   9.430497e-23   4782608
  5.321298e+00   1.233512e-19   1.842000e-03   9.120506e-23   4700756
  5.327675e+00   1.193054e-19   1.839332e-03   8.820069e-23   4608920
  5.334047e+00   1.150733e-19   1.840509e-03   8.428286e-23   4528829
  5.340423e+00   1.117295e-19   1.840790e-03   8.196242e-23   4453172
  5.346801e+00   1.083416e-19   1.841398e-03   7.908096e-23   4381652
  5.353179e+00   1.053167e-19   1.840856e-03   7.674827e-23   4309628
  5.359558e+00   1.024088e-19   1.841542e-03   7.428619e-23   4242188
  5.365934e+00   9.994732e-20   1.840185e-03   7.263417e-23   4171796
  5.372309e+00   9.740983e-20   1.840332e-03   7.067480e-23   4107506
  5.378687e+00   9.496783e-20   1.841030e-03   6.900763e-23   4045694
  5.385067e+00   9.282575e-20   1.841878e-03   6.751215e-23   3984530
  5.391443e+00   9.056320e-20   1.839184e-03   6.583857e-23   3916622
  5.397815e+00   8.864310e-20   1.840413e-03   6.441753e-23   3858626
  5.404188e+00   8.663055e-20   1.839752e-03   6.294933e-23   3798918
  5.410566e+00   8.471967e-20   1.842453e-03   6.182209e-23   3747464
  5.416947e+00   8.292147e-20   1.840720e-03   6.047120e-23   3687278
  5.423327e+00   8.094515e-20   1.841755e-03   5.902529e-23   3632618
  5.429702e+00   7.903359e-20   1.839341e-03   5.774730e-23   3571766
  5.436076e+00   7.747869e-20   1.841405e-03   5.668227e-23   3521264
  5.442452e+00   7.586592e-20   1.840602e-03   5.552489e-23   3466964
  5.448828e+00   7.446263e-20   1.840149e-03   5.468234e-23   3414320
  5.455204e+00   7.263098e-20   1.840343e-03   5.310905e-23   3362948
  5.461581e+00   7.127204e-20   1.841385e-03   5.223825e-23   3313130
  5.467960e+00   6.978686e-20   1.841559e-03   5.129931e-23   3262766
  5.474335e+00   6.848735e-20   1.839552e-03   5.059019e-23   3210122
  5.480711e+00   6.715945e-20   1.841068e-03   4.968168e-23   3164282
  5.487089e+00   6.585981e-20   1.840871e-03   4.870519e-23   3115358
  5.493467e+00   6.445859e-20   1.841892e-03   4.775046e-23   3068642
  5.499842e+00   6.321639e-20   1.839367e-03   4.700510e-23   3017270
  5.506214e+00   6.196642e-20   1.840421e-03   4.595712e-23   2973396
  5.512592e+00   6.083958e-20   1.841795e-03   4.522021e-23   2930882
  5.518975e+00   5.985713e-20   1.842009e-03   4.488345e-23   2886296
  5.525354e+00   5.848377e-20   1.840110e-03   4.378220e-23   2838068
  5.531729e+00   5.750478e-20   1.840402e-03   4.328848e-23   2793680
  5.538103e+00   5.642992e-20   1.841057e-03   4.254343e-23   2750948
  5.544478e+00   5.540546e-20   1.840332e-03   4.183404e-23   2707712
  5.550852e+00   5.445470e-20   1.839444e-03   4.131507e-23   2665124
  5.557230e+00   5.351951e-20   1.841751e-03   4.065674e-23   2626712
  5.563610e+00   5.250835e-20   1.840829e-03   3.999106e-23   2583542
  5.569988e+00   5.168327e-20   1.841328e-03   3.940711e-23   2543108
  5.576363e+00   5.073384e-20   1.839426e-03   3.881671e-23   2500538
  5.582739e+00   4.974518e-20   1.841521e-03   3.824750e-23   2464052
  5.589119e+00   4.899898e-20   1.841364e-03   3.782694e-23   2424194
  5.595493e+00   4.805578e-20   1.839158e-03   3.721443e-23   2381732
  5.601866e+00   4.729731e-20   1.841683e-03   3.665487e-23   2346386
  5.608241e+00   4.651385e-20   1.839649e-03   3.639753e-23   2306598
  5.614618e+00   4.580859e-20   1.842029e-03   3.581527e-23   2273186
  5.621000e+00   4.500353e-20   1.840989e-03   3.548762e-23   2235188
  5.627378e+00   4.433336e-20   1.839949e-03   3.497898e-23   2196638
  5.633754e+00   4.362944e-20   1.841588e-03   3.462098e-23   2161706
  5.640129e+00   4.287212e-20   1.840261e-03   3.412582e-23   2124422
  5.646501e+00   4.211984e-20   1.838999e-03   3.366416e-23   2088578
  5.652879e+00   4.156286e-20   1.842650e-03   3.324493e-23   2058512
  5.659259e+00   4.090058e-20   1.839498e-03   3.302074e-23   2020202
  5.665635e+00   4.023136e-20   1.841528e-03   3.258037e-23   1987670
  5.672010e+00   3.967865e-20   1.840033e-03   3.232226e-23   1952114
  5.678381e+00   3.900223e-20   1.839290e-03   3.187740e-23   1918694
  5.684760e+00   3.835420e-20   1.843391e-03   3.152606e-23   1890932
  5.691143e+00   3.783246e-20   1.840482e-03   3.130979e-23   1855382
  5.697520e+00   3.733931e-20   1.841151e-03   3.104782e-23   1823276
  5.703897e+00   3.681621e-20   1.841467e-03   3.071524e-23   1791446
  5.710267e+00   3.628748e-20   1.837484e-03   3.046419e-23   1756566
  5.716642e+00   3.570882e-20   1.843486e-03   3.017477e-23   1732292
  5.723026e+00   3.530214e-20   1.841021e-03   2.993264e-23   1699718
  5.729405e+00   3.474024e-20   1.840666e-03   2.964586e-23   1668524
  5.735782e+00   3.423186e-20   1.841307e-03   2.935757e-23   1638656
  5.742152e+00   3.375798e-20   1.837941e-03   2.915030e-23   1606154
  5.748524e+00   3.332726e-20   1.841528e-03   2.899530e-23   1580984
  5.754907e+00   3.291412e-20   1.842158e-03   2.873293e-23   1553372
  5.761287e+00   3.246134e-20   1.839903e-03   2.855408e-23   1522502
  5.767663e+00   3.197407e-20   1.841211e-03   2.833265e-23   1494788
  5.774035e+00   3.160673e-20   1.839049e-03   2.821965e-23   1464992
  5.780407e+00   3.113952e-20   1.840885e-03   2.791893e-23   1439564
  5.786788e+00   3.083358e-20   1.842803e-03   2.779802e-23   1414766
  5.793173e+00   3.036031e-20   1.841316e-03   2.767907e-23   1386620
  5.799549e+00   3.001363e-20   1.839295e-03   2.752401e-23   1358024
  5.805920e+00   2.969519e-20   1.840494e-03   2.749500e-23   1332236
  5.812287e+00   2.940314e-20   1.837583e-03   2.739404e-23   1304568
  5.818666e+00   2.898966e-20   1.844995e-03   2.721143e-23   1285316
  5.825053e+00   2.861384e-20   1.840679e-03   2.699435e-23   1257272
  5.831429e+00   2.831657e-20   1.839591e-03   2.696710e-23   1231028
  5.837804e+00   2.795905e-20   1.841474e-03   2.692432e-23   1207136
  5.844175e+00   2.765757e-20   1.839197e-03   2.681698e-23   1181180
  5.850547e+00   2.726951e-20   1.841135e-03   2.667818e-23   1159352
  5.856931e+00   2.706393e-20   1.842986e-03   2.660883e-23   1137476
  5.863312e+00   2.674252e-20   1.839166e-03   2.665625e-23   1111280
  5.869686e+00   2.643851e-20   1.840689e-03   2.648870e-23   1088468
  5.876057e+00   2.623663e-20   1.840140e-03   2.642352e-23   1065008
  5.882427e+00   2.585835e-20   1.839713e-03   2.635242e-23   1042934
  5.888808e+00   2.559714e-20   1.843186e-03   2.632776e-23   1023488
  5.895195e+00   2.530117e-20   1.841961e-03   2.617361e-23   1000700
  5.901573e+00   2.509630e-20   1.839831e-03   2.630659e-23   977264
  5.907943e+00   2.488145e-20   1.839220e-03   2.630740e-23   955052
  5.914306e+00   2.463032e-20   1.837596e-03   2.632157e-23   933546
  5.920685e+00   2.438368e-20   1.845011e-03   2.622067e-23   917348
  5.927075e+00   2.414950e-20   1.841622e-03   2.633877e-23   895328
  5.933456e+00   2.395044e-20   1.840197e-03   2.630065e-23   873878
  5.939831e+00   2.367156e-20   1.841204e-03   2.632068e-23   853664
  5.946198e+00   2.346755e-20   1.838301e-03   2.639699e-23   832604
  5.952570e+00   2.327808e-20   1.841647e-03   2.636182e-23   815546
  5.958955e+00   2.308835e-20   1.841795e-03   2.642201e-23   797012
  5.965336e+00   2.286922e-20   1.838979e-03   2.651868e-23   776576
  5.971714e+00   2.267455e-20   1.842719e-03   2.661756e-23   758726
  5.978085e+00   2.245946e-20   1.838577e-03   2.667692e-23   738296
  5.984452e+00   2.230913e-20   1.839422e-03   2.671513e-23   721172
  5.990833e+00   2.213005e-20   1.842852e-03   2.689952e-23   705434
  5.997222e+00   2.198341e-20   1.841204e-03   2.695645e-23   687092
  6.003603e+00   2.170145e-20   1.841572e-03   2.693997e-23   669098
  6.009974e+00   2.158447e-20   1.839142e-03   2.717059e-23   650516
  6.016332e+00   2.151373e-20   1.836042e-03   2.738058e-23   632898
  6.022707e+00   2.131184e-20   1.844938e-03   2.747944e-23   620228
  6.029100e+00   2.116738e-20   1.842281e-03   2.753222e-23   603206
  6.035485e+00   2.100506e-20   1.841847e-03   2.771622e-23   586328
  6.041859e+00   2.088038e-20   1.840113e-03   2.807846e-23   569222
  6.048217e+00   2.066566e-20   1.835706e-03   2.808135e-23   552266
  6.054584e+00   2.055074e-20   1.843023e-03   2.819196e-23   539996
  6.060976e+00   2.038917e-20   1.843843e-03   2.838169e-23   525722
  6.067365e+00   2.031531e-20   1.839929e-03   2.863983e-23   509372
  6.073742e+00   2.020241e-20   1.840974e-03   2.883951e-23   494282
  6.080105e+00   2.016765e-20   1.836470e-03   2.939976e-23   478340
  6.086466e+00   1.997310e-20   1.839100e-03   2.954115e-23   465554
  6.092852e+00   1.985998e-20   1.844310e-03   2.970819e-23   453734
  6.099249e+00   1.971860e-20   1.841644e-03   2.995130e-23   439184
  6.105633e+00   1.949040e-20   1.841774e-03   3.008220e-23   424910
  6.112001e+00   1.956989e-20   1.839131e-03   3.075292e-23   410366
  6.118344e+00   1.946339e-20   1.830585e-03   3.122473e-23   395856
  6.124716e+00   1.933390e-20   1.849093e-03   3.127125e-23   387998
  6.131124e+00   1.923024e-20   1.844381e-03   3.139653e-23   374642
  6.137516e+00   1.912748e-20   1.841320e-03   3.211682e-23   361118
  6.143885e+00   1.910423e-20   1.838483e-03   3.249829e-23   347792
  6.150233e+00   1.893625e-20   1.833537e-03   3.289966e-23   335054
  6.156598e+00   1.893008e-20   1.843369e-03   3.321253e-23   326162
  6.163003e+00   1.882039e-20   1.845744e-03   3.349878e-23   315686
  6.169403e+00   1.877105e-20   1.839717e-03   3.418774e-23   302960
  6.175780e+00   1.870713e-20   1.841146e-03   3.469522e-23   291278
  6.182130e+00   1.873617e-20   1.834474e-03   3.560554e-23   278966
  6.188475e+00   1.857153e-20   1.838848e-03   3.593354e-23   269786
  6.194867e+00   1.850489e-20   1.848548e-03   3.629420e-23   261710
  6.201275e+00   1.842660e-20   1.841196e-03   3.704110e-23   250472
  6.207659e+00   1.844590e-20   1.840781e-03   3.764995e-23   239846
  6.214020e+00   1.839874e-20   1.837833e-03   3.848913e-23   229250
  6.220353e+00   1.831270e-20   1.827068e-03   3.922005e-23   218958
  6.226735e+00   1.826497e-20   1.853573e-03   3.957824e-23   213722
  6.233163e+00   1.836726e-20   1.842328e-03   4.086413e-23   203414
  6.239564e+00   1.822452e-20   1.844048e-03   4.143108e-23   193940
  6.245924e+00   1.823787e-20   1.836439e-03   4.249805e-23   183650
  6.252241e+00   1.825308e-20   1.829855e-03   4.384069e-23   174638
  6.258588e+00   1.807748e-20   1.843490e-03   4.385288e-23   168842
  6.265008e+00   1.811500e-20   1.847266e-03   4.526823e-23   161846
  6.271432e+00   1.807953e-20   1.841236e-03   4.601996e-23   153146
  6.277822e+00   1.810111e-20   1.840929e-03   4.751945e-23   144686
  6.284170e+00   1.815426e-20   1.837187e-03   4.894017e-23   136418
  6.290480e+00   1.818802e-20   1.823629e-03   5.105902e-23   128822
  6.296862e+00   1.785017e-20   1.856474e-03   5.065654e-23   124862
  6.303298e+00   1.789094e-20   1.842665e-03   5.228513e-23   117026
  6.309688e+00   1.784466e-20   1.840290e-03   5.366141e-23   109718
  6.316033e+00   1.785648e-20   1.835815e-03   5.575963e-23   102650
  6.322320e+00   1.795636e-20   1.808328e-03   5.810903e-23   95622
  6.328720e+00   1.780168e-20   1.871202e-03   5.807181e-23   93650
  6.335227e+00   1.792773e-20   1.849919e-03   6.107891e-23   86606
  6.341628e+00   1.787386e-20   1.828395e-03   6.395131e-23   79190
  6.347934e+00   1.791500e-20   1.839124e-03   6.607513e-23   73490
  6.354177e+00   1.794856e-20   1.810164e-03   6.930233e-23   67598
  6.360508e+00   1.790349e-20   1.844910e-03   6.988932e-23   65186
  6.367032e+00   1.800733e-20   1.858136e-03   7.252215e-23   61262
  6.373583e+00   1.801536e-20   1.851117e-03   7.624394e-23   55874
  6.379989e+00   1.798265e-20   1.823042e-03   8.066672e-23   49430
  6.386147e+00   1.799168e-20   1.803004e-03   8.514887e-23   43934
  6.392260e+00   1.814618e-20   1.790240e-03   9.006798e-23   41138
  6.398716e+00   1.790576e-20   1.870028e-03   8.866592e-23   40070
  6.405371e+00   1.795256e-20   1.854153e-03   9.538871e-23   35882
  6.411962e+00   1.804646e-20   1.842631e-03   1.021208e-22   31622
  6.418335e+00   1.812035e-20   1.817857e-03   1.110362e-22   26750
  6.424088e+00   1.843358e-20   1.593646e-03   1.246084e-22   21330
  6.430239e+00   1.833630e-20   1.860256e-03   1.204099e-22   23246
  6.436984e+00   1.796767e-20   1.855054e-03   1.242589e-22   20186
  6.443727e+00   1.830854e-20   1.848147e-03   1.397865e-22   17312
  6.450423e+00   1.826941e-20   1.830133e-03   1.530449e-22   14474
  6.456645e+00   1.832793e-20   1.688402e-03   1.763769e-22   10478
  6.462180e+00   1.841474e-20   1.692603e-03   1.911055e-22   9062
  6.468497e+00   1.814981e-20   1.842997e-03   1.940119e-22   8762
  6.475254e+00   1.833938e-20   1.841892e-03   2.238948e-22   6926
  6.482011e+00   1.802707e-20   1.840835e-03   2.456348e-22   5306
  6.488766e+00   1.856954e-20   1.839476e-03   2.926915e-22   3902
  6.494511e+00   1.815231e-20   1.128860e-03   4.217040e-22   1928
  6.500007e+00   1.794980e-20   1.834590e-03   3.832229e-22   2042
  6.506728e+00   1.904614e-20   1.826889e-03   5.269624e-22   1214
  6.513396e+00   1.787354e-20   1.806609e-03   7.477245e-22   602
  6.519909e+00   1.886745e-20   1.730042e-03   1.168435e-21   206
  6.525711e+00   1.684623e-20   9.814069e-04   2.867109e-21   24
