# power spectrum of zeta (dimensionless)
# redshift z=0.997956
# k              Pk             sigma(k)       sigma(Pk)      count
  4.487990e-03   5.362014e-17   0.000000e+00   1.561214e-17   6
  6.346976e-03   2.848106e-16   0.000000e+00   8.536706e-17   12
  7.773426e-03   7.257403e-16   8.514949e-11   2.725459e-16   8
  8.975979e-03   1.035155e-15   0.000000e+00   1.009306e-16   6
  1.003545e-02   8.840164e-16   1.605594e-10   1.225931e-16   24
  1.099328e-02   1.506376e-15   1.605594e-10   3.916791e-16   24
  1.269395e-02   3.065911e-15   0.000000e+00   8.629777e-16   12
  1.346397e-02   3.209529e-15   1.816523e-10   5.208254e-16   30
  1.419227e-02   2.457631e-15   0.000000e+00   2.986432e-16   24
  1.488498e-02   3.171830e-15   2.780971e-10   5.496902e-16   24
  1.554685e-02   6.097668e-15   1.702990e-10   1.029294e-15   8
  1.618168e-02   3.997606e-15   2.270653e-10   5.803262e-16   24
  1.679252e-02   4.129599e-15   0.000000e+00   4.915877e-16   48
  1.795196e-02   2.541458e-15   0.000000e+00   1.139578e-16   6
  1.850445e-02   4.982062e-15   2.270653e-10   6.615745e-16   48
  1.904093e-02   4.048685e-15   2.140792e-10   4.736345e-16   36
  1.956269e-02   5.508789e-15   2.270653e-10   1.101471e-15   24
  2.007090e-02   5.954991e-15   3.211188e-10   6.417260e-16   24
  2.056655e-02   6.359853e-15   0.000000e+00   9.832559e-16   48
  2.105054e-02   5.111724e-15   3.211188e-10   9.527500e-16   24
  2.198657e-02   7.972529e-15   3.211188e-10   1.203655e-15   24
  2.243995e-02   3.659357e-15   0.000000e+00   4.883846e-16   30
  2.288435e-02   6.792442e-15   0.000000e+00   8.404023e-16   72
  2.332028e-02   3.713570e-15   3.405980e-10   4.655928e-16   32
  2.416856e-02   4.854162e-15   0.000000e+00   4.823092e-16   72
  2.458173e-02   6.300645e-15   0.000000e+00   5.507701e-16   48
  2.538790e-02   9.396708e-15   0.000000e+00   2.787842e-15   12
  2.578154e-02   6.562237e-15   0.000000e+00   7.654118e-16   48
  2.616925e-02   7.603095e-15   0.000000e+00   1.236812e-15   48
  2.655130e-02   7.712771e-15   3.211188e-10   8.848425e-16   48
  2.692794e-02   5.851144e-15   3.633045e-10   7.466259e-16   30
  2.729937e-02   3.830545e-15   0.000000e+00   7.581538e-16   24
  2.766583e-02   6.455782e-15   6.769780e-10   8.198218e-16   72
  2.838454e-02   6.281603e-15   0.000000e+00   8.063313e-16   24
  2.873715e-02   6.173876e-15   0.000000e+00   5.023151e-16   96
  2.908550e-02   6.262041e-15   0.000000e+00   8.953922e-16   48
  2.942972e-02   9.507573e-15   5.561942e-10   1.495902e-15   24
  2.976995e-02   9.645013e-15   5.561942e-10   1.743680e-15   24
  3.010635e-02   6.247287e-15   0.000000e+00   8.188671e-16   72
  3.043903e-02   7.145071e-15   0.000000e+00   8.005346e-16   48
  3.109370e-02   8.765574e-15   3.405980e-10   2.685832e-15   8
  3.141593e-02   8.933668e-15   4.036717e-10   1.182848e-15   54
  3.173488e-02   7.695718e-15   0.000000e+00   7.584141e-16   84
  3.205066e-02   6.070387e-15   0.000000e+00   6.584871e-16   48
  3.236335e-02   7.029025e-15   4.541306e-10   1.264482e-15   24
  3.267306e-02   7.740069e-15   6.055075e-10   7.679313e-16   72
  3.297985e-02   6.079002e-15   0.000000e+00   5.915574e-16   96
  3.358504e-02   7.945335e-15   0.000000e+00   1.074321e-15   48
  3.388358e-02   6.927477e-15   0.000000e+00   6.788685e-16   48
  3.417951e-02   7.050813e-15   0.000000e+00   1.331154e-15   24
  3.447290e-02   6.669591e-15   0.000000e+00   6.622168e-16   72
  3.505232e-02   6.377234e-15   0.000000e+00   9.219231e-16   72
  3.533846e-02   6.961620e-15   0.000000e+00   6.059281e-16   96
  3.590392e-02   1.481552e-14   0.000000e+00   3.021671e-15   6
  3.618333e-02   7.356071e-15   0.000000e+00   7.067348e-16   96
  3.646060e-02   7.107898e-15   4.541306e-10   6.631021e-16   96
  3.673578e-02   9.359172e-15   0.000000e+00   1.864418e-15   24
  3.700891e-02   8.456251e-15   4.541306e-10   1.098804e-15   48
  3.728004e-02   8.272345e-15   0.000000e+00   8.509292e-16   96
  3.754921e-02   7.664150e-15   0.000000e+00   9.065479e-16   48
  3.808185e-02   9.428915e-15   4.281585e-10   1.131579e-15   36
  3.834540e-02   6.529621e-15   7.865773e-10   9.537961e-16   48
  3.860715e-02   7.562211e-15   8.899106e-10   7.045407e-16   120
  3.886713e-02   7.104324e-15   0.000000e+00   1.135376e-15   56
  3.912539e-02   6.913229e-15   4.541306e-10   1.180999e-15   24
  3.938195e-02   9.773866e-15   0.000000e+00   1.023715e-15   96
  3.963685e-02   8.033253e-15   0.000000e+00   9.518362e-16   48
  4.014180e-02   6.544803e-15   6.422377e-10   1.196547e-15   24
  4.039191e-02   7.435459e-15   0.000000e+00   6.549841e-16   102
  4.064047e-02   9.246280e-15   4.541306e-10   1.244825e-15   48
  4.088753e-02   8.907725e-15   0.000000e+00   1.262902e-15   72
  4.113310e-02   8.871960e-15   0.000000e+00   1.114640e-15   48
  4.137722e-02   8.548853e-15   0.000000e+00   1.169129e-15   48
  4.161990e-02   1.049092e-14   1.027580e-09   9.233208e-16   120
  4.210107e-02   1.148076e-14   6.422377e-10   1.997779e-15   24
  4.233961e-02   1.069720e-14   6.055075e-10   7.943199e-16   144
  4.257681e-02   7.535732e-15   7.266090e-10   8.461365e-16   120
  4.281269e-02   6.599492e-15   6.422377e-10   6.620923e-16   48
  4.328060e-02   6.229666e-15   6.422377e-10   7.834573e-16   48
  4.351267e-02   9.550767e-15   6.422377e-10   9.458171e-16   96
  4.412543e-02   8.295970e-15   1.076845e-04   8.376104e-16   72
  4.442883e-02   9.505002e-15   5.708779e-10   8.253117e-16   108
  4.465493e-02   9.197134e-15   0.000000e+00   1.016673e-15   72
  4.487990e-02   4.718104e-15   0.000000e+00   7.144166e-16   30
  4.510374e-02   8.308524e-15   0.000000e+00   7.059993e-16   168
  4.532647e-02   1.153614e-14   0.000000e+00   1.309407e-15   48
  4.576869e-02   9.933251e-15   0.000000e+00   1.126439e-15   72
  4.598821e-02   1.007248e-14   0.000000e+00   1.170307e-15   96
  4.620668e-02   9.828029e-15   1.211015e-09   1.127340e-15   72
  4.642412e-02   8.991237e-15   0.000000e+00   7.558816e-16   72
  4.678970e-02   1.084660e-14   9.942967e-05   8.707521e-16   104
  4.707043e-02   7.822279e-15   8.563169e-10   6.219184e-16   144
  4.770798e-02   7.645156e-15   1.436087e-09   6.050515e-16   96
  4.791862e-02   8.286514e-15   0.000000e+00   7.318562e-16   96
  4.825361e-02   1.001606e-14   1.022910e-04   7.641449e-16   120
  4.854503e-02   8.733043e-15   0.000000e+00   8.191168e-16   120
  4.875204e-02   7.702390e-15   0.000000e+00   8.540631e-16   72
  4.916346e-02   6.980426e-15   0.000000e+00   6.804208e-16   48
  4.936788e-02   7.933797e-15   1.117860e-09   9.077058e-16   78
  4.962939e-02   1.004982e-14   9.159181e-05   8.309635e-16   168
  5.017725e-02   8.459725e-15   1.048770e-09   6.757360e-16   144
  5.037756e-02   9.218325e-15   8.563169e-10   6.967631e-16   144
  5.095853e-02   1.049702e-14   5.274950e-05   8.226777e-16   156
  5.117095e-02   7.736349e-15   1.112388e-09   1.385471e-15   48
  5.136739e-02   6.652487e-15   7.266090e-10   5.357848e-16   120
  5.156307e-02   9.741975e-15   0.000000e+00   2.126994e-15   48
  5.190908e-02   8.166291e-15   8.074274e-05   4.946645e-16   216
  5.233850e-02   6.247590e-15   0.000000e+00   8.424242e-16   48
  5.253057e-02   9.616856e-15   6.422377e-10   1.053065e-15   96
  5.280366e-02   8.092706e-15   9.436050e-05   5.469247e-16   168
  5.310261e-02   9.553359e-15   6.422377e-10   1.382510e-15   48
  5.329192e-02   7.444824e-15   0.000000e+00   7.632272e-16   96
  5.348057e-02   7.920757e-15   0.000000e+00   1.002034e-15   48
  5.385587e-02   6.985907e-15   7.266090e-10   8.849094e-16   30
  5.404255e-02   9.434127e-15   0.000000e+00   1.121848e-15   96
  5.426566e-02   8.323670e-15   7.415896e-05   4.460462e-16   240
  5.455256e-02   7.236334e-15   8.000683e-05   1.241152e-15   32
  5.478289e-02   7.473611e-15   0.000000e+00   6.307653e-16   168
  5.496642e-02   8.583121e-15   0.000000e+00   7.290203e-16   120
  5.533165e-02   8.994340e-15   1.353956e-09   9.869283e-16   72
  5.551336e-02   8.640319e-15   6.055075e-10   6.211924e-16   144
  5.569449e-02   6.648626e-15   0.000000e+00   5.563152e-16   96
  5.587502e-02   7.265660e-15   0.000000e+00   7.016043e-16   96
  5.623435e-02   7.830771e-15   0.000000e+00   8.450417e-16   72
  5.641315e-02   7.618990e-15   9.082613e-10   7.429118e-16   96
  5.676908e-02   1.022738e-14   0.000000e+00   1.456663e-15   24
  5.694620e-02   7.574211e-15   0.000000e+00   5.126645e-16   192
  5.715479e-02   7.093502e-15   6.789523e-05   6.614345e-16   132
  5.747431e-02   1.003972e-14   0.000000e+00   1.488525e-15   96
  5.764927e-02   8.581209e-15   0.000000e+00   6.870347e-16   96
  5.782370e-02   8.431866e-15   7.266090e-10   7.673164e-16   120
  5.817099e-02   8.991199e-15   0.000000e+00   1.133328e-15   48
  5.845566e-02   8.903389e-15   8.228355e-05   5.944666e-16   222
  5.868808e-02   1.006821e-14   0.000000e+00   7.319327e-16   120
  5.885943e-02   6.088470e-15   1.112388e-09   1.375070e-15   24
  5.910891e-02   9.146467e-15   8.492858e-05   5.303946e-16   312
  5.965251e-02   8.551666e-15   7.962394e-05   1.005978e-15   72
  5.987725e-02   8.192213e-15   1.112388e-09   8.420074e-16   96
  6.010802e-02   8.138114e-15   8.108596e-05   5.742269e-16   192
  6.037972e-02   6.687039e-15   1.027580e-09   6.357693e-16   120
  6.054629e-02   7.413835e-15   0.000000e+00   6.115408e-16   144
  6.087805e-02   8.799192e-15   0.000000e+00   1.251686e-15   48
  6.111387e-02   6.841020e-15   8.153477e-05   4.023590e-16   336
  6.137233e-02   8.206734e-15   0.000000e+00   1.251982e-15   48
  6.169965e-02   8.857304e-15   0.000000e+00   5.901771e-16   192
  6.186267e-02   5.019793e-15   0.000000e+00   7.707567e-16   48
  6.232604e-02   6.779049e-15   5.659583e-05   8.762633e-16   56
  6.255643e-02   8.827138e-15   7.268827e-05   4.539768e-16   336
  6.283185e-02   7.943060e-15   8.073433e-10   1.325824e-15   54
  6.307177e-02   7.408525e-15   7.983781e-05   4.757040e-16   240
  6.356985e-02   8.001015e-15   7.644534e-05   5.043467e-16   228
  6.378632e-02   7.337798e-15   8.563169e-10   7.990818e-16   72
  6.399644e-02   7.646633e-15   7.415385e-05   6.824827e-16   144
  6.425823e-02   8.687670e-15   0.000000e+00   1.073698e-15   96
  6.441477e-02   7.095040e-15   1.027580e-09   4.560523e-16   240
  6.472671e-02   1.033351e-14   9.082613e-10   1.689874e-15   24
  6.492641e-02   8.585675e-15   7.003773e-05   4.500787e-16   336
  6.519181e-02   7.840961e-15   0.000000e+00   8.489518e-16   72
  6.543408e-02   9.502948e-15   7.617900e-05   6.871421e-16   168
  6.565363e-02   8.878513e-15   0.000000e+00   8.854050e-16   72
  6.595971e-02   7.847269e-15   0.000000e+00   5.759370e-16   96
  6.619675e-02   8.316095e-15   7.560752e-05   5.697637e-16   216
  6.641618e-02   6.196722e-15   0.000000e+00   5.268281e-16   96
  6.671876e-02   5.924707e-15   9.082613e-10   4.459487e-16   192
  6.686954e-02   6.520267e-15   8.563169e-10   5.304392e-16   144
  6.717008e-02   7.282972e-15   0.000000e+00   7.735109e-16   48
  6.737816e-02   6.681746e-15   7.289453e-05   4.075399e-16   246
  6.766089e-02   8.490165e-15   6.720992e-05   7.980030e-16   168
  6.791561e-02   8.380268e-15   1.779821e-09   7.361081e-16   120
  6.806373e-02   7.063928e-15   0.000000e+00   4.961375e-16   240
  6.835902e-02   6.232180e-15   0.000000e+00   1.003750e-15   24
  6.859430e-02   7.562604e-15   7.194229e-05   3.734444e-16   360
  6.888731e-02   7.390317e-15   7.163615e-05   7.112001e-16   120
  6.909172e-02   5.167993e-15   0.000000e+00   3.935101e-16   144
  6.923733e-02   7.538659e-15   0.000000e+00   7.069266e-16   96
  6.967233e-02   6.653363e-15   0.000000e+00   5.058521e-16   144
  6.981673e-02   6.063117e-15   0.000000e+00   5.385927e-16   132
  7.001966e-02   6.354747e-15   7.070381e-05   5.324928e-16   176
  7.031425e-02   6.783362e-15   7.139661e-05   3.782272e-16   312
  7.067693e-02   6.365369e-15   0.000000e+00   7.385948e-16   96
  7.081928e-02   5.793275e-15   0.000000e+00   4.135606e-16   144
  7.103769e-02   7.534975e-15   7.068048e-05   3.712632e-16   312
  7.138584e-02   6.182508e-15   0.000000e+00   7.582832e-16   48
  7.152678e-02   8.100815e-15   9.082613e-10   5.687237e-16   192
  7.180783e-02   1.101448e-14   0.000000e+00   2.222969e-15   6
  7.199456e-02   6.498008e-15   6.592151e-05   3.847666e-16   288
  7.229701e-02   7.325321e-15   6.965036e-05   5.634049e-16   192
  7.250569e-02   6.571119e-15   2.136030e-09   4.564983e-16   216
  7.264446e-02   6.913092e-15   0.000000e+00   8.093109e-16   72
  7.299019e-02   8.158324e-15   6.898890e-05   5.529266e-16   192
  7.321980e-02   6.860734e-15   5.122797e-05   4.303204e-16   288
  7.347155e-02   7.517553e-15   0.000000e+00   1.058982e-15   24
  7.366606e-02   5.963160e-15   6.748859e-05   2.743894e-16   456
  7.401782e-02   6.475584e-15   0.000000e+00   6.655493e-16   48
  7.423517e-02   6.498290e-15   6.647357e-05   3.947457e-16   240
  7.448497e-02   6.032971e-15   6.717903e-05   4.709244e-16   216
  7.469503e-02   5.293026e-15   0.000000e+00   6.292455e-16   72
  7.482974e-02   6.553160e-15   2.321067e-09   4.527591e-16   168
  7.521008e-02   6.735651e-15   4.993319e-05   4.119573e-16   288
  7.542338e-02   7.226903e-15   6.607016e-05   5.542674e-16   168
  7.576598e-02   6.270535e-15   0.000000e+00   4.577909e-16   192
  7.589879e-02   4.772797e-15   8.563169e-10   3.723543e-16   144
  7.616371e-02   7.295363e-15   8.563169e-10   8.544324e-16   36
  7.638837e-02   6.909091e-15   6.033611e-05   3.268932e-16   342
  7.660318e-02   5.953808e-15   6.195787e-05   5.656113e-16   144
  7.687931e-02   6.734069e-15   6.497828e-05   3.561772e-16   384
  7.721429e-02   6.507643e-15   1.779821e-09   5.499479e-16   120
  7.738009e-02   6.195783e-15   5.794173e-05   3.886733e-16   264
  7.760459e-02   6.753623e-15   2.872174e-09   6.290193e-16   192
  7.781602e-02   5.867049e-15   6.244329e-05   4.750881e-16   152
  7.799294e-02   7.287742e-15   1.712634e-09   5.494424e-16   144
  7.836508e-02   5.876327e-15   4.041391e-05   3.817545e-16   216
  7.853733e-02   6.937314e-15   5.400376e-05   4.738825e-16   312
  7.884055e-02   6.731933e-15   6.258929e-05   4.830429e-16   240
  7.901921e-02   4.774493e-15   9.082613e-10   5.949658e-16   96
  7.935833e-02   4.745907e-15   5.983988e-05   3.978487e-16   144
  7.956734e-02   5.559743e-15   5.881734e-05   2.734226e-16   456
  7.990638e-02   5.795290e-15   0.000000e+00   4.817792e-16   120
  8.003232e-02   6.330701e-15   0.000000e+00   5.877730e-16   144
  8.028360e-02   5.586380e-15   1.284475e-09   9.437537e-16   24
  8.044470e-02   5.918145e-15   5.653709e-05   3.130253e-16   336
  8.072332e-02   6.136040e-15   6.235271e-05   4.751046e-16   198
  8.098439e-02   5.182620e-15   6.063443e-05   2.572804e-16   432
  8.128095e-02   4.908511e-15   1.816523e-09   6.729433e-16   48
  8.143566e-02   5.746353e-15   5.352971e-05   2.781817e-16   384
  8.171344e-02   5.695813e-15   6.162404e-05   3.990416e-16   144
  8.196515e-02   4.636611e-15   6.118458e-05   2.986240e-16   264
  8.226621e-02   4.987039e-15   0.000000e+00   6.506726e-16   48
  8.246820e-02   5.079279e-15   5.817654e-05   2.980122e-16   276
  8.266310e-02   5.825508e-15   5.273546e-05   4.157748e-16   192
  8.292356e-02   5.014671e-15   5.926306e-05   2.410056e-16   552
  8.323980e-02   4.007513e-15   1.453218e-09   3.135590e-16   120
  8.342777e-02   4.179522e-15   5.998883e-05   2.856220e-16   216
  8.360198e-02   5.287043e-15   1.453218e-09   3.894122e-16   120
  8.391317e-02   5.913080e-15   5.907428e-05   3.407382e-16   408
  8.420215e-02   6.288369e-15   1.284475e-09   9.347703e-16   24
  8.438134e-02   4.825465e-15   5.967566e-05   2.635218e-16   384
  8.463161e-02   3.981136e-15   5.830526e-05   2.382766e-16   240
  8.484893e-02   5.599180e-15   5.873223e-05   4.100478e-16   168
  8.515361e-02   3.998234e-15   0.000000e+00   3.639207e-16   120
  8.535003e-02   4.869811e-15   6.122527e-05   2.663376e-16   350
  8.566942e-02   6.494335e-15   1.007886e-04   3.485580e-16   384
  8.586029e-02   4.675959e-15   0.000000e+00   3.820194e-16   144
  8.621146e-02   4.692516e-15   1.211015e-09   2.966618e-16   288
  8.639482e-02   5.034607e-15   5.769264e-05   2.542344e-16   336
  8.664426e-02   4.824458e-15   5.252436e-05   3.558782e-16   168
  8.679359e-02   5.373268e-15   3.442699e-09   2.794758e-16   336
  8.710244e-02   4.863799e-15   5.451716e-05   2.850912e-16   288
  8.728795e-02   5.304843e-15   5.136910e-05   3.649873e-16   264
  8.760206e-02   4.567058e-15   0.000000e+00   3.670715e-16   240
  8.771695e-02   5.651667e-15   0.000000e+00   5.965043e-16   96
  8.812928e-02   5.428224e-15   6.985852e-05   3.123553e-16   360
  8.832172e-02   4.939097e-15   5.149772e-05   3.551402e-16   168
  8.856486e-02   4.499521e-15   5.613787e-05   2.181327e-16   456
  8.885766e-02   3.872412e-15   1.614687e-09   3.987119e-16   108
  8.902234e-02   3.589860e-15   5.632711e-05   2.669652e-16   264
  8.922780e-02   4.250916e-15   5.025296e-05   2.453051e-16   264
  8.950914e-02   4.289456e-15   4.742099e-05   2.188281e-16   312
  8.985946e-02   4.143851e-15   3.523897e-05   2.667260e-16   270
  9.000628e-02   5.262631e-15   4.474031e-05   3.552365e-16   240
  9.027023e-02   4.159378e-15   5.534940e-05   2.133331e-16   384
  9.043048e-02   4.558612e-15   1.816523e-09   3.291693e-16   192
  9.074177e-02   4.868018e-15   4.441052e-05   3.575407e-16   240
  9.092233e-02   4.504887e-15   5.480976e-05   2.815460e-16   336
  9.126190e-02   4.919778e-15   5.517650e-05   2.259727e-16   480
  9.153738e-02   3.788523e-15   1.211015e-09   5.287954e-16   72
  9.169127e-02   4.658264e-15   5.380211e-05   2.976666e-16   240
  9.190057e-02   4.636874e-15   5.056661e-05   2.858839e-16   312
  9.214050e-02   4.585944e-15   5.465037e-05   3.765613e-16   240
  9.250305e-02   4.194870e-15   4.152014e-05   2.133310e-16   408
  9.264658e-02   3.503077e-15   3.802244e-05   1.947555e-16   336
  9.292709e-02   3.816342e-15   4.827913e-05   2.317918e-16   264
  9.306493e-02   3.201002e-15   0.000000e+00   2.635356e-16   144
  9.344847e-02   3.800144e-15   6.691774e-05   1.563923e-16   464
  9.365053e-02   4.285599e-15   5.321333e-05   3.814353e-16   168
  9.385003e-02   3.915038e-15   4.846574e-05   2.667168e-16   336
  9.421059e-02   4.459214e-15   5.092274e-05   2.267218e-16   414
  9.441384e-02   5.155470e-15   5.300755e-05   3.776029e-16   216
  9.467424e-02   5.472250e-15   1.284475e-09   4.830273e-16   96
  9.478056e-02   4.426457e-15   3.146309e-09   2.067543e-16   384
  9.515300e-02   4.139010e-15   5.290514e-05   1.746362e-16   492
  9.535260e-02   4.334880e-15   5.173669e-05   2.997302e-16   240
  9.557820e-02   4.063337e-15   5.253086e-05   2.534790e-16   312
  9.588974e-02   3.452287e-15   5.251357e-05   2.708423e-16   192
  9.608709e-02   3.960053e-15   5.089201e-05   1.784249e-16   504
  9.634892e-02   4.171694e-15   3.369138e-05   2.425686e-16   408
  9.655507e-02   3.590921e-15   1.032177e-04   2.385163e-16   168
  9.681304e-02   4.032875e-15   4.902931e-05   2.348340e-16   288
  9.702952e-02   3.722634e-15   5.116628e-05   2.102806e-16   288
  9.725127e-02   3.581211e-15   5.146081e-05   1.969419e-16   432
  9.757291e-02   3.883947e-15   4.866478e-05   2.689436e-16   216
  9.774479e-02   3.483712e-15   4.856211e-05   1.856391e-16   360
  9.805077e-02   4.218547e-15   4.739615e-05   2.672124e-16   312
  9.832692e-02   2.457647e-15   0.000000e+00   3.080174e-16   48
  9.848611e-02   3.435628e-15   5.081550e-05   1.516770e-16   432
  9.877120e-02   3.234587e-15   8.476078e-05   1.555460e-16   414
  9.893956e-02   3.416267e-15   1.936190e-09   1.998760e-16   312
  9.925365e-02   3.809903e-15   7.437288e-05   1.891786e-16   528
  9.946561e-02   3.596104e-15   3.903945e-05   2.136854e-16   264
  9.972025e-02   3.825138e-15   4.629008e-05   1.973183e-16   480
  1.000530e-01   3.609219e-15   0.000000e+00   2.106501e-16   288
  1.001967e-01   2.738030e-15   4.973726e-05   1.909300e-16   168
  1.004595e-01   3.692639e-15   7.873394e-05   1.643451e-16   504
  1.007551e-01   4.892494e-15   1.211015e-09   4.126677e-16   144
  1.009411e-01   3.079557e-15   5.056606e-05   1.565251e-16   464
  1.012205e-01   3.443492e-15   7.420855e-05   1.975285e-16   432
  1.013531e-01   3.379918e-15   1.284475e-09   2.119436e-16   192
  1.016957e-01   3.008241e-15   5.501332e-05   1.664646e-16   396
  1.018981e-01   3.339169e-15   4.941713e-05   1.882459e-16   288
  1.021026e-01   2.757131e-15   4.881567e-05   1.530568e-16   336
  1.024293e-01   3.026011e-15   3.091107e-05   1.689791e-16   432
  1.026367e-01   3.368579e-15   8.011717e-05   1.844590e-16   360
  1.028695e-01   3.258040e-15   4.739049e-05   1.698932e-16   384
  1.032001e-01   3.379579e-15   4.183121e-05   2.463347e-16   198
  1.033594e-01   2.986144e-15   4.754848e-05   1.282226e-16   552
  1.036565e-01   3.200713e-15   6.656461e-05   1.517550e-16   432
  1.039045e-01   3.487616e-15   2.542602e-09   2.868817e-16   168
  1.041126e-01   3.063704e-15   8.251578e-05   1.484790e-16   480
  1.043880e-01   4.299381e-15   0.000000e+00   4.392012e-16   120
  1.045119e-01   3.552666e-15   6.739531e-05   2.094322e-16   336
  1.048143e-01   3.099470e-15   4.754634e-05   1.238147e-16   672
  1.051134e-01   2.779962e-15   6.916265e-05   1.326670e-16   528
  1.052527e-01   2.854557e-15   2.076026e-09   2.293288e-16   168
  1.055745e-01   2.990172e-15   7.715047e-05   1.768841e-16   456
  1.057708e-01   3.002172e-15   4.711644e-05   2.783322e-16   168
  1.059747e-01   3.092938e-15   4.703185e-05   1.468637e-16   504
  1.063135e-01   2.573239e-15   6.052278e-05   1.405390e-16   336
  1.065184e-01   2.954283e-15   4.362976e-05   1.970705e-16   312
  1.067457e-01   2.934387e-15   4.262923e-05   1.354881e-16   504
  1.070448e-01   2.758750e-15   2.957734e-05   1.541792e-16   432
  1.071854e-01   2.691669e-15   4.570679e-05   1.465157e-16   312
  1.074777e-01   2.527306e-15   4.685168e-05   1.288088e-16   384
  1.077830e-01   2.809024e-15   3.980594e-05   2.394329e-16   126
  1.079714e-01   2.808796e-15   6.988975e-05   1.639862e-16   492
  1.082121e-01   2.840892e-15   4.476446e-05   1.386871e-16   528
  1.085129e-01   2.776848e-15   4.547108e-05   1.310495e-16   480
  1.086993e-01   2.735137e-15   6.281804e-05   1.392582e-16   432
  1.089692e-01   2.335483e-15   4.939807e-05   1.347212e-16   440
  1.092826e-01   3.041553e-15   2.456546e-05   1.716599e-16   312
  1.094002e-01   2.450353e-15   3.681340e-05   1.305283e-16   480
  1.096414e-01   2.272873e-15   7.207992e-05   1.316695e-16   408
  1.099939e-01   2.796497e-15   4.316772e-05   1.649205e-16   360
  1.101428e-01   2.744834e-15   4.165528e-05   1.292969e-16   408
  1.104187e-01   2.256828e-15   4.238952e-05   1.325480e-16   456
  1.107295e-01   3.013681e-15   4.051394e-05   1.779509e-16   264
  1.109019e-01   2.081103e-15   4.396779e-05   1.279648e-16   384
  1.111530e-01   2.382957e-15   7.402287e-05   1.005525e-16   672
  1.114432e-01   2.282049e-15   4.427524e-05   1.379575e-16   240
  1.116107e-01   2.291903e-15   4.492830e-05   1.561256e-16   264
  1.118470e-01   2.314426e-15   5.541164e-05   9.386046e-17   624
  1.121997e-01   1.911324e-15   0.000000e+00   1.722851e-16   150
  1.123253e-01   2.465754e-15   6.209312e-05   1.124055e-16   600
  1.125901e-01   2.663177e-15   4.285507e-05   1.088671e-16   672
  1.128900e-01   2.600465e-15   4.030821e-05   1.329631e-16   336
  1.130571e-01   2.386735e-15   4.384359e-05   1.335534e-16   408
  1.133240e-01   2.634831e-15   4.374031e-05   1.233109e-16   408
  1.136209e-01   2.600088e-15   2.211745e-05   1.274102e-16   360
  1.138039e-01   2.404124e-15   8.120816e-05   1.364966e-16   456
  1.140250e-01   2.627874e-15   4.416149e-05   1.593718e-16   384
  1.143063e-01   1.828309e-15   4.076666e-05   1.094584e-16   348
  1.144584e-01   2.331841e-15   5.025723e-05   1.073289e-16   576
  1.147440e-01   2.175426e-15   4.138022e-05   1.071779e-16   504
  1.150362e-01   2.422074e-15   5.836440e-05   1.266867e-16   432
  1.152912e-01   2.099148e-15   7.940448e-05   9.249866e-17   576
  1.154731e-01   1.993703e-15   0.000000e+00   1.291592e-16   264
  1.157616e-01   1.835888e-15   6.318613e-05   7.550576e-17   768
  1.160125e-01   1.693370e-15   8.506861e-05   1.158648e-16   240
  1.162120e-01   1.880433e-15   7.502246e-05   1.400500e-16   192
  1.165026e-01   2.125286e-15   5.522570e-05   1.017573e-16   504
  1.167181e-01   2.043174e-15   7.441870e-05   9.817403e-17   590
  1.169248e-01   2.151338e-15   8.338208e-05   1.046023e-16   384
  1.171839e-01   1.882724e-15   6.968286e-05   9.283640e-17   504
  1.174968e-01   1.852823e-15   6.705897e-05   7.902289e-17   648
  1.178003e-01   1.791192e-15   1.821233e-05   8.570733e-17   504
  1.179227e-01   1.671360e-15   4.154576e-05   9.818494e-17   312
  1.181387e-01   1.918616e-15   5.985722e-05   8.016776e-17   576
  1.184353e-01   2.360425e-15   4.165498e-05   1.765896e-16   240
  1.186082e-01   1.837201e-15   4.209035e-05   7.247479e-17   552
  1.188529e-01   1.928330e-15   3.952187e-05   8.195666e-17   600
  1.192015e-01   1.772622e-15   4.827284e-05   7.869848e-17   600
  1.194111e-01   1.930676e-15   7.730513e-05   1.076834e-16   312
  1.196198e-01   2.050777e-15   6.732512e-05   1.064985e-16   480
  1.198806e-01   1.627094e-15   4.200441e-05   6.295646e-17   576
  1.201101e-01   1.723091e-15   6.763622e-05   9.151224e-17   408
  1.203138e-01   1.440368e-15   7.890077e-05   1.046991e-16   216
  1.205770e-01   1.654062e-15   6.042911e-05   7.312560e-17   516
  1.208589e-01   1.724317e-15   5.765552e-05   6.244937e-17   744
  1.211498e-01   1.495120e-15   3.850879e-05   7.670022e-17   462
  1.213141e-01   1.526480e-15   3.913862e-05   7.660788e-17   432
  1.215691e-01   1.826941e-15   3.630965e-05   7.682193e-17   648
  1.218688e-01   1.528024e-15   5.312777e-05   6.725573e-17   528
  1.221096e-01   1.801571e-15   6.397910e-05   8.160124e-17   600
  1.223502e-01   1.945565e-15   8.066092e-05   1.262388e-16   240
  1.225832e-01   1.661613e-15   6.178548e-05   6.587508e-17   720
  1.228540e-01   1.576541e-15   4.888350e-05   7.295988e-17   720
  1.231542e-01   1.042448e-15   0.000000e+00   8.138337e-17   144
  1.233122e-01   1.633819e-15   6.302546e-05   7.178032e-17   720
  1.235369e-01   1.785491e-15   3.779131e-05   8.831011e-17   384
  1.238183e-01   1.543951e-15   4.189367e-05   6.019206e-17   672
  1.240853e-01   1.586492e-15   7.335120e-05   9.524478e-17   336
  1.242128e-01   1.452718e-15   0.000000e+00   9.550066e-17   288
  1.245250e-01   1.496373e-15   5.805257e-05   5.661145e-17   776
  1.248140e-01   1.511606e-15   4.967278e-05   5.640104e-17   720
  1.250567e-01   1.312452e-15   4.001507e-05   6.725766e-17   432
  1.252509e-01   1.708420e-15   5.704653e-05   8.410243e-17   504
  1.254668e-01   1.882414e-15   3.996919e-05   9.285562e-17   528
  1.257690e-01   1.546127e-15   5.445569e-05   8.084442e-17   438
  1.260177e-01   1.513320e-15   6.338144e-05   6.581802e-17   624
  1.262050e-01   1.726560e-15   7.763371e-05   1.073453e-16   312
  1.264626e-01   1.726210e-15   4.182709e-05   6.833405e-17   696
  1.267289e-01   1.387253e-15   3.784594e-05   7.969303e-17   552
  1.270059e-01   1.480290e-15   2.928013e-05   7.536465e-17   516
  1.271773e-01   1.584908e-15   5.848486e-05   7.547812e-17   528
  1.273859e-01   1.174176e-15   3.803430e-05   4.920583e-17   528
  1.276822e-01   1.235344e-15   5.015953e-05   4.345051e-17   864
  1.278834e-01   1.250110e-15   6.870823e-05   7.670610e-17   408
  1.280847e-01   1.291732e-15   6.807282e-05   9.104752e-17   192
  1.283701e-01   1.244358e-15   5.633353e-05   6.452560e-17   720
  1.286110e-01   1.378086e-15   5.194228e-05   5.142187e-17   696
  1.288973e-01   1.219207e-15   5.609815e-05   5.196809e-17   720
  1.291592e-01   1.504143e-15   7.603431e-05   7.918509e-17   432
  1.293119e-01   1.313053e-15   4.475677e-05   8.352481e-17   264
  1.295867e-01   1.355207e-15   6.180712e-05   5.851709e-17   672
  1.298325e-01   1.110090e-15   6.328100e-05   4.827345e-17   600
  1.301242e-01   1.022841e-15   3.705096e-05   6.865761e-17   270
  1.302712e-01   1.167259e-15   5.577202e-05   5.472751e-17   528
  1.305049e-01   1.229774e-15   3.819070e-05   4.299580e-17   840
  1.308254e-01   1.255485e-15   7.302747e-05   4.301073e-17   888
  1.311216e-01   1.105766e-15   5.441084e-05   3.994286e-17   744
  1.313718e-01   1.076504e-15   2.795923e-05   5.854829e-17   456
  1.314963e-01   1.377375e-15   3.820801e-05   7.103846e-17   360
  1.317093e-01   1.270429e-15   3.310510e-05   7.514731e-17   384
  1.320361e-01   1.245571e-15   5.310026e-05   4.711291e-17   816
  1.322813e-01   1.200258e-15   7.704106e-05   4.229042e-17   824
  1.325794e-01   1.243914e-15   3.581235e-05   5.961582e-17   360
  1.327390e-01   1.149187e-15   5.284558e-05   4.916202e-17   624
  1.329587e-01   1.335026e-15   3.571018e-05   7.726921e-17   360
  1.332513e-01   1.178622e-15   4.857633e-05   4.206493e-17   876
  1.335156e-01   1.138504e-15   5.769416e-05   5.016518e-17   696
  1.337821e-01   9.286001e-16   3.725510e-05   5.800998e-17   336
  1.339218e-01   9.819584e-16   3.721324e-05   5.123976e-17   504
  1.341526e-01   1.058284e-15   3.753571e-05   3.908957e-17   672
  1.344950e-01   1.026231e-15   7.472486e-05   4.395153e-17   720
  1.347324e-01   1.094485e-15   5.644666e-05   4.485977e-17   774
  1.349945e-01   1.074872e-15   3.230860e-05   5.706496e-17   384
  1.351318e-01   1.045629e-15   6.217562e-05   4.964341e-17   528
  1.353448e-01   1.062516e-15   5.925683e-05   4.440177e-17   744
  1.356875e-01   1.106237e-15   4.887432e-05   4.606851e-17   768
  1.359150e-01   1.016614e-15   5.486510e-05   4.863686e-17   552
  1.361989e-01   1.038117e-15   5.979675e-05   4.363465e-17   696
  1.364100e-01   1.134329e-15   7.266345e-05   6.423847e-17   408
  1.365777e-01   1.007014e-15   3.139119e-05   4.658245e-17   504
  1.368434e-01   9.536539e-16   5.639309e-05   3.649690e-17   888
  1.371049e-01   1.016612e-15   5.860872e-05   4.276389e-17   648
  1.373767e-01   9.538108e-16   5.810635e-05   4.337390e-17   648
  1.376324e-01   9.075706e-16   6.265289e-05   3.441174e-17   792
  1.379033e-01   8.637459e-16   9.166547e-05   4.157148e-17   600
  1.381028e-01   7.504883e-16   6.212242e-05   3.440348e-17   456
  1.383129e-01   1.084054e-15   3.027582e-05   5.155658e-17   648
  1.385828e-01   9.800167e-16   5.904226e-05   3.456433e-17   936
  1.388741e-01   1.083168e-15   3.625955e-05   6.099049e-17   384
  1.391277e-01   9.265396e-16   0.000000e+00   8.986863e-17   198
  1.393234e-01   9.355183e-16   9.199360e-05   3.152942e-17   1224
  1.395345e-01   1.208046e-15   6.699966e-05   7.513465e-17   420
  1.397842e-01   9.544070e-16   6.484166e-05   4.460898e-17   792
  1.400283e-01   9.662896e-16   5.361851e-05   4.010703e-17   680
  1.403069e-01   9.062712e-16   4.923504e-05   3.846181e-17   600
  1.405311e-01   9.096211e-16   7.140431e-05   3.371568e-17   840
  1.408304e-01   8.248188e-16   3.371380e-05   4.892426e-17   432
  1.409448e-01   9.735226e-16   3.159427e-05   4.370343e-17   720
  1.411934e-01   8.768223e-16   6.327780e-05   2.840008e-17   960
  1.415027e-01   8.275762e-16   5.640753e-05   4.155282e-17   528
  1.417288e-01   8.229247e-16   5.765925e-05   3.456042e-17   624
  1.419978e-01   8.978908e-16   4.531978e-05   3.516246e-17   816
  1.422648e-01   8.634376e-16   7.452934e-05   4.144555e-17   696
  1.425599e-01   7.687143e-16   4.110321e-09   5.087672e-17   240
  1.426709e-01   8.867639e-16   4.395173e-05   4.392273e-17   672
  1.429185e-01   7.253557e-16   7.854802e-05   2.720138e-17   864
  1.431964e-01   6.488286e-16   6.027286e-05   2.899044e-17   816
  1.434467e-01   7.336806e-16   3.449810e-05   3.422655e-17   648
  1.437164e-01   8.104450e-16   3.526335e-05   3.053154e-17   843
  1.439454e-01   7.201722e-16   6.344743e-05   2.727926e-17   780
  1.442182e-01   8.648961e-16   3.404471e-05   7.724761e-17   216
  1.443865e-01   7.945329e-16   8.209510e-05   3.091278e-17   1056
  1.446454e-01   7.001960e-16   6.716301e-05   7.052878e-17   228
  1.448850e-01   8.276946e-16   8.361962e-05   2.989834e-17   924
  1.451311e-01   8.353493e-16   3.101819e-05   3.251990e-17   696
  1.453916e-01   6.967580e-16   5.520350e-05   2.480150e-17   996
  1.456581e-01   6.631749e-16   3.259105e-05   3.219490e-17   576
  1.459354e-01   7.760119e-16   5.030212e-05   4.195505e-17   552
  1.461376e-01   7.709554e-16   6.005898e-05   4.302093e-17   516
  1.463427e-01   7.198439e-16   8.733821e-05   2.971084e-17   744
  1.465771e-01   6.229656e-16   4.284460e-05   2.969532e-17   576
  1.467810e-01   6.516076e-16   4.409794e-05   2.752652e-17   792
  1.470708e-01   6.678187e-16   5.041212e-05   2.680672e-17   792
  1.472831e-01   6.218421e-16   5.436894e-05   2.682936e-17   720
  1.475703e-01   5.892725e-16   6.196809e-05   2.319809e-17   656
  1.478394e-01   6.193828e-16   6.766594e-05   2.536253e-17   816
  1.481153e-01   6.205130e-16   3.648433e-05   3.347798e-17   492
  1.482721e-01   7.104396e-16   5.248529e-05   3.700578e-17   552
  1.485663e-01   5.834289e-16   9.126553e-05   2.597802e-17   780
  1.487575e-01   6.161801e-16   5.606333e-05   3.205007e-17   528
  1.489634e-01   5.796773e-16   6.544296e-05   2.802844e-17   600
  1.492669e-01   6.474264e-16   5.438828e-05   2.389481e-17   900
  1.494760e-01   5.856736e-16   3.011028e-05   2.805890e-17   696
  1.497638e-01   5.399360e-16   7.613501e-05   2.334069e-17   696
  1.500423e-01   5.261249e-16   3.088725e-05   2.456403e-17   552
  1.502764e-01   5.012176e-16   3.591902e-05   2.159530e-17   708
  1.505217e-01   5.465179e-16   5.930435e-05   2.077020e-17   876
  1.507769e-01   5.738792e-16   3.148943e-05   4.921643e-17   216
  1.509481e-01   5.693802e-16   8.612787e-05   2.060656e-17   1032
  1.512046e-01   4.527633e-16   9.589387e-05   2.079051e-17   600
  1.514708e-01   4.319328e-16   4.575699e-05   1.984619e-17   600
  1.516739e-01   5.828235e-16   8.080257e-05   3.008743e-17   528
  1.519139e-01   5.307997e-16   4.435707e-05   2.464894e-17   732
  1.521668e-01   5.387319e-16   3.275367e-05   3.003323e-17   336
  1.524578e-01   4.925948e-16   4.668048e-05   1.977699e-17   912
  1.526754e-01   3.974799e-16   4.685305e-05   1.624467e-17   624
  1.529130e-01   4.622526e-16   3.948208e-05   1.924713e-17   768
  1.531905e-01   4.870476e-16   7.123345e-05   1.904986e-17   792
  1.534628e-01   4.364680e-16   3.531461e-05   1.968008e-17   660
  1.536565e-01   3.827626e-16   5.204174e-05   1.797102e-17   504
  1.538569e-01   4.078923e-16   8.502625e-05   2.362619e-17   480
  1.541572e-01   3.541365e-16   7.863820e-05   1.419376e-17   912
  1.543923e-01   4.884099e-16   8.757583e-05   2.920777e-17   432
  1.546144e-01   4.452437e-16   5.200047e-05   2.243013e-17   564
  1.548116e-01   4.338724e-16   4.977161e-05   1.995132e-17   600
  1.550891e-01   4.607764e-16   6.937691e-05   1.712519e-17   876
  1.552976e-01   4.589258e-16   3.119395e-05   3.588565e-17   264
  1.555851e-01   3.504770e-16   6.052853e-05   1.755768e-17   560
  1.558161e-01   3.743173e-16   4.113044e-05   1.425736e-17   840
  1.560965e-01   3.468050e-16   6.341128e-05   1.211529e-17   1008
  1.563558e-01   3.698522e-16   2.836595e-05   1.718459e-17   456
  1.565927e-01   4.343957e-16   3.674408e-05   1.995830e-17   576
  1.568116e-01   3.702317e-16   5.646120e-05   1.496721e-17   612
  1.571003e-01   3.897187e-16   5.042901e-05   1.684500e-17   780
  1.573359e-01   3.779610e-16   5.778934e-05   1.714568e-17   648
  1.575770e-01   4.247860e-16   2.693058e-05   2.802455e-17   312
  1.577311e-01   3.128184e-16   6.842617e-05   1.432406e-17   528
  1.579980e-01   3.021745e-16   8.936117e-05   1.186776e-17   720
  1.582533e-01   3.548001e-16   8.964102e-05   1.903295e-17   576
  1.585628e-01   3.611189e-16   7.732694e-05   1.880513e-17   444
  1.587554e-01   3.594601e-16   7.583279e-05   1.269673e-17   996
  1.589914e-01   2.898308e-16   6.334320e-05   1.453502e-17   432
  1.592145e-01   3.055160e-16   6.934834e-05   1.642004e-17   504
  1.594071e-01   2.852634e-16   3.126589e-05   1.317212e-17   504
  1.596815e-01   3.578446e-16   6.153164e-05   1.452819e-17   876
  1.599297e-01   2.789770e-16   7.081706e-05   1.306332e-17   504
  1.601882e-01   2.829521e-16   4.516342e-05   1.148588e-17   696
  1.604019e-01   3.232361e-16   3.860998e-05   1.590152e-17   492
  1.606926e-01   2.776553e-16   5.527206e-05   1.576733e-17   432
  1.609079e-01   3.206112e-16   5.175622e-05   1.445492e-17   768
  1.611631e-01   2.823938e-16   6.446933e-05   1.258721e-17   648
  1.614068e-01   2.668280e-16   4.205932e-05   1.322217e-17   456
  1.616868e-01   2.882847e-16   5.783839e-05   1.302382e-17   552
  1.618813e-01   2.486472e-16   3.964248e-05   9.936961e-18   648
  1.621489e-01   2.365922e-16   6.461501e-05   8.165142e-18   840
  1.624104e-01   2.850375e-16   3.081354e-05   1.444878e-17   432
  1.626721e-01   2.770593e-16   3.774132e-05   1.413682e-17   600
  1.628542e-01   2.419696e-16   4.021090e-05   1.196431e-17   432
  1.631600e-01   2.440122e-16   4.003387e-05   1.030800e-17   560
  1.633670e-01   2.580966e-16   6.336941e-05   9.985133e-18   840
  1.636263e-01   2.852952e-16   3.753463e-05   1.602388e-17   504
  1.638323e-01   2.388484e-16   7.660593e-05   1.015221e-17   696
  1.641226e-01   2.891008e-16   4.183943e-05   1.768464e-17   384
  1.643487e-01   1.934292e-16   6.128984e-05   8.265139e-18   576
  1.646222e-01   2.483708e-16   3.782503e-05   1.526444e-17   360
  1.648426e-01   2.194687e-16   5.633064e-05   8.441031e-18   828
  1.650804e-01   2.160255e-16   5.017290e-05   1.160869e-17   372
  1.652983e-01   2.378050e-16   7.662364e-05   1.028964e-17   576
  1.655869e-01   2.193383e-16   3.208989e-05   9.175447e-18   636
  1.657926e-01   2.095795e-16   6.186102e-05   9.079927e-18   648
  1.660708e-01   1.999013e-16   5.028625e-05   8.133623e-18   576
  1.662705e-01   2.064073e-16   8.111703e-05   9.866293e-18   528
  1.665361e-01   1.845242e-16   3.468088e-05   1.020892e-17   360
  1.667559e-01   1.976506e-16   7.977902e-05   8.741790e-18   672
  1.670430e-01   2.098119e-16   4.086413e-05   8.327327e-18   804
  1.672819e-01   2.100133e-16   4.507802e-05   1.001914e-17   408
  1.675462e-01   2.163607e-16   2.786312e-05   1.227614e-17   384
  1.677241e-01   1.651345e-16   6.376152e-05   8.230609e-18   480
  1.679752e-01   1.970964e-16   4.119929e-05   1.100632e-17   432
  1.682159e-01   2.038225e-16   7.592150e-05   8.266905e-18   648
  1.685009e-01   1.739371e-16   4.710893e-05   6.882791e-18   624
  1.687093e-01   2.129998e-16   4.284955e-05   1.165073e-17   456
  1.689940e-01   1.687386e-16   5.853629e-05   7.610091e-18   588
  1.691847e-01   1.555287e-16   3.734591e-05   6.807096e-18   600
  1.694632e-01   1.806026e-16   5.825046e-05   7.279539e-18   708
  1.696832e-01   1.775355e-16   3.669667e-05   9.972563e-18   360
  1.699263e-01   1.743375e-16   4.218379e-05   8.009960e-18   552
  1.701593e-01   1.653803e-16   2.959293e-05   1.248804e-17   288
  1.703959e-01   1.666181e-16   5.564280e-05   7.505495e-18   528
  1.706182e-01   1.727249e-16   3.753920e-05   8.263223e-18   456
  1.708665e-01   1.805440e-16   6.656515e-05   7.511281e-18   608
  1.711163e-01   1.398156e-16   3.220496e-05   6.096366e-18   504
  1.713892e-01   1.306219e-16   6.914223e-05   6.421754e-18   540
  1.716032e-01   1.383230e-16   7.422222e-05   8.059986e-18   360
  1.718339e-01   1.520299e-16   3.361162e-05   7.636069e-18   540
  1.720380e-01   1.538273e-16   2.885957e-05   7.068153e-18   576
  1.723347e-01   1.596585e-16   6.691555e-05   7.045644e-18   588
  1.726168e-01   1.521769e-16   9.232326e-05   6.232475e-18   672
  1.728592e-01   1.479122e-16   7.056345e-05   6.593605e-18   552
  1.730545e-01   1.261427e-16   7.059913e-05   9.975520e-18   144
  1.733038e-01   1.449105e-16   5.998121e-05   5.541397e-18   600
  1.735402e-01   1.270071e-16   7.516955e-05   5.485753e-18   504
  1.738025e-01   1.228538e-16   7.721430e-05   7.530553e-18   336
  1.740784e-01   1.399193e-16   8.678922e-05   6.296566e-18   600
  1.743256e-01   1.263948e-16   5.601092e-05   5.909872e-18   636
  1.745923e-01   1.257565e-16   4.503329e-05   8.307948e-18   384
  1.747793e-01   1.272202e-16   6.281612e-05   6.868095e-18   504
  1.750488e-01   9.353901e-17   2.636304e-05   5.424396e-18   240
  1.752616e-01   1.273905e-16   6.193054e-05   4.446803e-18   744
  1.755168e-01   1.258087e-16   4.228914e-05   5.597659e-18   648
  1.757436e-01   1.414766e-16   2.807279e-05   1.134698e-17   120
  1.760095e-01   1.129816e-16   4.409871e-05   4.283596e-18   564
  1.762103e-01   1.275262e-16   6.925969e-05   6.855652e-18   432
  1.764784e-01   1.309295e-16   5.375921e-05   6.313670e-18   480
  1.766803e-01   9.217595e-17   3.956814e-05   4.841420e-18   456
  1.769186e-01   1.230291e-16   6.547942e-05   6.681067e-18   444
  1.771890e-01   1.160702e-16   1.001870e-04   5.194412e-18   528
  1.774266e-01   1.186231e-16   7.440679e-05   8.074252e-18   264
  1.776571e-01   1.087700e-16   7.625589e-05   5.514145e-18   444
  1.779672e-01   1.067282e-16   8.352712e-05   4.316068e-18   696
  1.782246e-01   1.042795e-16   4.467309e-05   5.676733e-18   384
  1.784129e-01   1.016635e-16   5.644820e-05   4.484326e-18   432
  1.787057e-01   1.093419e-16   3.900306e-05   5.541553e-18   488
  1.788958e-01   1.011566e-16   5.878247e-05   4.553531e-18   480
  1.791714e-01   9.012789e-17   6.555462e-05   4.098956e-18   480
  1.793849e-01   9.300708e-17   2.750471e-05   5.405523e-18   240
  1.796272e-01   1.051011e-16   6.424882e-05   4.796477e-18   600
  1.798559e-01   8.779512e-17   5.598627e-05   5.113557e-18   288
  1.800993e-01   1.090255e-16   5.385469e-05   5.615913e-18   480
  1.803458e-01   9.321159e-17   9.579788e-05   4.385280e-18   504
  1.805885e-01   1.004302e-16   4.110325e-05   7.933020e-18   216
  1.808981e-01   9.647524e-17   6.729256e-05   4.632753e-18   504
  1.811392e-01   7.929524e-17   5.412370e-05   3.750208e-18   456
  1.814031e-01   9.296155e-17   3.104087e-05   4.774565e-18   384
  1.815779e-01   9.706014e-17   6.300174e-05   5.197678e-18   480
  1.818262e-01   7.546085e-17   5.532259e-05   3.210616e-18   504
  1.820564e-01   8.608448e-17   3.509319e-05   4.079633e-18   312
  1.823043e-01   8.535031e-17   5.655148e-05   3.889997e-18   492
  1.825238e-01   9.429964e-17   5.300385e-05   5.973976e-18   312
  1.828064e-01   8.899590e-17   8.610055e-05   4.043015e-18   576
  1.830551e-01   8.676589e-17   7.947777e-05   5.020980e-18   336
  1.832617e-01   7.141821e-17   6.119421e-05   4.192905e-18   240
  1.835481e-01   8.979361e-17   8.112802e-05   4.284544e-18   468
  1.837954e-01   6.679596e-17   5.079787e-05   5.192788e-18   192
  1.840542e-01   7.343922e-17   5.094927e-05   4.303045e-18   324
  1.842439e-01   7.465237e-17   3.697814e-05   2.948052e-18   600
  1.845024e-01   6.143398e-17   5.999324e-05   2.724425e-18   456
  1.846943e-01   6.875825e-17   2.698496e-05   3.507820e-18   336
  1.850125e-01   7.520780e-17   8.080061e-05   3.318401e-18   612
  1.852440e-01   7.620197e-17   6.781139e-05   8.018624e-18   144
  1.854629e-01   7.305401e-17   7.915330e-05   3.254978e-18   552
  1.857606e-01   5.942687e-17   3.117154e-05   3.241442e-18   264
  1.859288e-01   6.815659e-17   7.217008e-05   4.081089e-18   336
  1.861941e-01   7.130098e-17   4.768752e-05   3.616881e-18   384
  1.864242e-01   5.552438e-17   2.684336e-05   3.815919e-18   216
  1.866789e-01   5.741407e-17   5.691346e-05   2.825483e-18   344
  1.869112e-01   6.343674e-17   8.491756e-05   3.131817e-18   408
  1.871942e-01   6.052410e-17   6.525361e-05   4.071858e-18   264
  1.874450e-01   5.188395e-17   9.096676e-05   2.269836e-18   612
  1.876956e-01   7.094577e-17   4.681845e-05   3.432552e-18   408
  1.879533e-01   5.577479e-17   4.688574e-05   3.050908e-18   444
  1.881426e-01   6.718524e-17   2.622284e-05   4.589017e-18   120
  1.883963e-01   6.455830e-17   7.244892e-05   4.215633e-18   336
  1.885846e-01   5.252661e-17   2.517571e-05   2.613673e-18   288
  1.888390e-01   6.230106e-17   7.834725e-05   2.628620e-18   552
  1.891889e-01   4.853939e-17   0.000000e+00   4.714701e-18   72
  1.893687e-01   6.263343e-17   7.781878e-05   2.723926e-18   504
  1.895788e-01   4.296055e-17   2.504133e-05   2.492591e-18   216
  1.898511e-01   5.363638e-17   4.470956e-05   3.121977e-18   312
  1.900954e-01   4.322871e-17   5.090887e-05   2.544143e-18   336
  1.903283e-01   5.069682e-17   7.056539e-05   3.838535e-18   204
  1.905603e-01   5.718094e-17   8.200772e-05   3.002699e-18   504
  1.908063e-01   5.501521e-17   7.809491e-05   2.755795e-18   396
  1.910429e-01   5.230552e-17   7.161711e-05   3.152675e-18   312
  1.913297e-01   6.268291e-17   4.376572e-05   4.358957e-18   216
  1.915318e-01   5.423655e-17   2.375249e-05   4.240793e-18   168
  1.917774e-01   5.337023e-17   5.997637e-05   2.376316e-18   588
  1.920576e-01   4.765522e-17   8.141090e-05   2.957337e-18   240
  1.922754e-01   4.207635e-17   7.189946e-05   2.297904e-18   264
  1.925307e-01   4.419001e-17   8.891848e-05   2.611381e-18   288
  1.927573e-01   4.846682e-17   4.440219e-05   2.924207e-18   288
  1.930444e-01   4.101044e-17   4.170072e-05   2.289088e-18   288
  1.932378e-01   5.170002e-17   4.830681e-05   3.744426e-18   192
  1.934810e-01   4.202928e-17   5.140329e-05   2.770708e-18   264
  1.937128e-01   4.687023e-17   8.455129e-05   2.427020e-18   372
  1.939621e-01   4.892575e-17   9.131904e-05   3.217976e-18   360
  1.942665e-01   5.151475e-17   3.864708e-05   5.048747e-18   144
  1.944239e-01   4.113613e-17   5.367910e-05   2.322970e-18   296
  1.946722e-01   3.837760e-17   5.783646e-05   2.594098e-18   288
  1.949565e-01   4.251462e-17   8.643513e-05   2.116796e-18   480
  1.952017e-01   3.685264e-17   7.181934e-05   3.031367e-18   192
  1.954402e-01   4.900972e-17   7.703604e-05   3.395626e-18   192
  1.956569e-01   4.220191e-17   4.909597e-05   2.344185e-18   288
  1.959584e-01   3.158796e-17   4.273737e-05   3.956975e-18   108
  1.961102e-01   3.812927e-17   4.108675e-05   2.670409e-18   240
  1.963784e-01   3.578937e-17   7.664829e-05   1.787915e-18   384
  1.966538e-01   3.575532e-17   9.350223e-05   3.034931e-18   108
  1.968974e-01   3.755873e-17   5.482209e-05   2.273622e-18   348
  1.971535e-01   3.319401e-17   5.721449e-05   2.425984e-18   312
  1.973823e-01   2.600398e-17   5.559587e-05   2.433450e-18   96
  1.975926e-01   3.625531e-17   7.401586e-05   1.833628e-18   384
  1.978282e-01   3.435739e-17   5.090793e-05   2.803571e-18   144
  1.980586e-01   3.812686e-17   7.822228e-05   1.973426e-18   408
  1.983451e-01   3.143175e-17   3.489266e-05   3.731025e-18   144
  1.986157e-01   3.056036e-17   6.708152e-05   2.147980e-18   192
  1.987762e-01   4.628925e-17   7.550148e-05   3.607810e-18   144
  1.990378e-01   2.847325e-17   6.138549e-05   2.518187e-18   144
  1.992846e-01   3.618219e-17   7.502301e-05   2.688912e-18   336
  1.995869e-01   2.833860e-17   5.550751e-05   2.015695e-18   240
  1.997786e-01   3.503288e-17   2.520547e-05   3.404550e-18   96
  2.000459e-01   3.460094e-17   7.391551e-05   2.036768e-18   372
  2.003163e-01   3.317574e-17   8.792091e-05   2.681017e-18   132
  2.005538e-01   2.815291e-17   5.440441e-05   1.874410e-18   264
  2.007663e-01   3.617780e-17   4.178011e-05   2.935403e-18   168
  2.009931e-01   3.509723e-17   6.679837e-05   2.275637e-18   216
  2.011935e-01   2.753442e-17   4.086808e-05   1.862002e-18   216
  2.014852e-01   2.132433e-17   7.497591e-05   2.019710e-18   96
  2.017500e-01   3.154509e-17   4.891494e-05   2.936114e-18   120
  2.019928e-01   2.778625e-17   6.218465e-05   2.135935e-18   216
  2.021928e-01   2.543976e-17   2.717490e-05   1.830292e-18   200
  2.024576e-01   2.988806e-17   7.034415e-05   1.984066e-18   288
  2.027972e-01   2.193650e-17   1.850891e-05   1.814111e-18   144
  2.029402e-01   3.247862e-17   5.759860e-05   3.897615e-18   168
  2.032323e-01   2.364748e-17   6.482186e-05   2.305370e-18   159
  2.034603e-01   2.461120e-17   6.801371e-05   1.452356e-18   174
  2.036809e-01   2.328265e-17   6.167246e-05   2.092491e-18   144
  2.039698e-01   2.670372e-17   3.561139e-05   1.770261e-18   222
  2.041630e-01   2.750301e-17   3.593504e-05   2.150291e-18   168
  2.044967e-01   4.446407e-17   7.881934e-05   9.778663e-18   30
  2.046346e-01   1.596722e-17   6.959169e-05   1.830044e-18   72
  2.048942e-01   2.350112e-17   6.210975e-05   1.368361e-18   258
  2.051797e-01   2.363358e-17   3.890094e-05   1.779488e-18   264
  2.053225e-01   2.403801e-17   4.195079e-09   3.260834e-18   72
  2.056199e-01   1.759114e-17   7.710330e-05   1.386793e-18   174
  2.058892e-01   2.499196e-17   8.210077e-05   2.483358e-18   168
  2.061058e-01   1.314243e-17   2.568951e-09   1.788721e-18   48
  2.063382e-01   1.995242e-17   4.636424e-05   1.601717e-18   150
  2.066077e-01   2.409991e-17   8.529035e-05   1.833674e-18   168
  2.068780e-01   1.986975e-17   5.195492e-05   1.867013e-18   144
  2.071265e-01   2.720325e-17   4.853772e-05   2.664363e-18   102
  2.073116e-01   1.415607e-17   7.184416e-05   1.284797e-18   96
  2.076053e-01   1.083588e-17   7.130050e-05   1.011387e-18   120
  2.078228e-01   1.230683e-17   7.647166e-05   9.032764e-19   168
  2.080580e-01   2.663307e-17   5.646827e-05   2.400053e-18   126
  2.082585e-01   1.681741e-17   4.258836e-05   1.508915e-18   168
  2.085346e-01   1.614437e-17   6.829049e-05   1.701867e-18   72
  2.087759e-01   1.277528e-17   8.551492e-05   9.266930e-19   168
  2.089873e-01   2.184963e-17   2.344384e-05   3.036454e-18   78
  2.092770e-01   1.527807e-17   3.849304e-05   2.229816e-18   60
  2.095103e-01   2.315896e-17   6.244194e-05   2.987940e-18   96
  2.097522e-01   1.493255e-17   7.576810e-05   1.174451e-18   168
  2.099796e-01   1.243973e-17   4.794311e-05   1.487979e-18   86
  2.102181e-01   1.184438e-17   4.284977e-05   1.198896e-18   120
  2.105600e-01   1.018182e-17   3.055758e-05   8.663858e-19   168
  2.107444e-01   8.234819e-18   0.000000e+00   1.069714e-18   48
  2.109928e-01   1.826268e-17   5.567259e-05   1.796676e-18   120
  2.111355e-01   1.502451e-17   4.061540e-05   1.389556e-18   126
  2.114838e-01   1.134282e-17   7.143116e-05   1.297102e-18   96
  2.117099e-01   1.504748e-17   2.059722e-05   1.488821e-18   96
  2.118882e-01   1.188334e-17   2.422030e-09   1.129243e-18   72
  2.122681e-01   1.477006e-17   2.568951e-09   2.547377e-18   24
  2.125052e-01   1.442733e-17   4.238860e-05   1.562821e-18   120
  2.126902e-01   1.321396e-17   6.183193e-05   1.422805e-18   126
  2.128959e-01   1.254703e-17   5.154529e-05   1.232412e-18   96
  2.131362e-01   7.986723e-18   8.908530e-05   8.408421e-19   72
  2.134038e-01   1.164421e-17   3.853239e-05   1.001113e-18   144
  2.136239e-01   9.130380e-18   2.222458e-05   9.603752e-19   72
  2.138438e-01   1.178156e-17   4.439042e-05   1.530651e-18   54
  2.140373e-01   1.437052e-17   3.911854e-05   1.388951e-18   108
  2.144395e-01   1.473086e-17   3.834628e-05   1.396425e-18   72
  2.145647e-01   7.898848e-18   2.212712e-05   8.362296e-19   72
  2.148618e-01   8.510443e-18   4.449553e-09   1.216984e-18   24
  2.151428e-01   5.555413e-18   4.681088e-05   8.695802e-19   48
  2.153135e-01   1.249057e-17   3.565781e-05   1.332545e-18   102
  2.155704e-01   8.411200e-18   8.064314e-05   6.539043e-19   168
  2.159060e-01   8.153187e-18   4.398088e-05   9.732819e-19   72
  2.160304e-01   9.270996e-18   0.000000e+00   1.138738e-18   48
  2.162913e-01   1.159088e-17   7.564979e-05   1.531221e-18   120
  2.166356e-01   9.260622e-18   4.648832e-05   9.789948e-19   96
  2.169608e-01   1.690646e-17   4.110321e-09   3.571479e-18   30
  2.173472e-01   1.005875e-17   2.184227e-05   1.344334e-18   72
  2.175171e-01   6.953913e-18   2.568951e-09   1.062463e-18   24
  2.177352e-01   6.864045e-18   3.237565e-05   9.830341e-19   56
  2.179796e-01   6.934073e-18   4.620169e-05   6.862586e-19   96
  2.182720e-01   8.257463e-18   5.101796e-05   7.890624e-19   144
  2.184974e-01   1.133470e-17   2.896600e-05   1.431600e-18   54
  2.188250e-01   8.041434e-18   4.339413e-05   8.910915e-19   108
  2.191546e-01   1.456232e-17   2.297699e-05   2.656225e-18   48
  2.194683e-01   8.427238e-18   8.651572e-05   1.036777e-18   72
  2.202213e-01   1.317162e-17   5.716121e-05   1.254538e-18   78
  2.204299e-01   5.992596e-18   4.307814e-05   5.760561e-19   72
  2.206734e-01   5.809941e-18   4.302466e-05   5.870637e-19   72
  2.209281e-01   7.574475e-18   1.038232e-04   6.777235e-19   96
  2.211293e-01   7.345458e-18   4.293597e-05   6.092634e-19   72
  2.213721e-01   1.057103e-17   0.000000e+00   2.159885e-18   24
  2.216146e-01   7.305362e-18   8.567808e-05   7.612241e-19   72
  2.221623e-01   6.967456e-18   5.440820e-05   1.031804e-18   30
  2.222801e-01   1.083896e-17   0.000000e+00   2.508809e-18   24
  2.229135e-01   5.489213e-18   4.517907e-05   9.090474e-19   48
  2.231122e-01   5.521280e-18   9.722532e-05   4.591036e-19   120
  2.233799e-01   6.264079e-18   4.250917e-05   6.351503e-19   72
  2.236502e-01   6.495703e-18   4.245777e-05   1.137042e-18   36
  2.238360e-01   5.450435e-18   8.391632e-05   6.361405e-19   78
  2.243546e-01   6.935279e-18   4.488887e-05   7.772809e-19   48
  2.250269e-01   7.841477e-18   3.633045e-09   1.377719e-18   24
  2.255059e-01   3.291599e-18   3.125970e-05   4.627803e-19   56
  2.257471e-01   4.058744e-18   4.810277e-05   4.310486e-19   102
  2.260539e-01   5.664675e-18   3.425268e-09   7.035199e-19   72
  2.262321e-01   5.023189e-18   2.568951e-09   9.338041e-19   24
  2.265435e-01   4.812653e-18   4.445516e-05   6.917855e-19   48
  2.271206e-01   6.464720e-18   0.000000e+00   1.126940e-18   24
  2.278290e-01   1.491496e-18   0.000000e+00   2.727022e-19   6
  2.280499e-01   2.926833e-18   0.000000e+00   5.386515e-19   24
  2.281971e-01   3.413000e-18   4.161169e-05   3.459089e-19   72
  2.284659e-01   5.056103e-18   7.763053e-05   5.986828e-19   84
  2.287554e-01   3.227390e-18   0.000000e+00   6.630206e-19   24
  2.288435e-01   3.347594e-18   3.633045e-09   4.637376e-19   24
  2.292831e-01   4.571402e-18   4.449553e-09   7.487076e-19   24
  2.298972e-01   4.520826e-18   0.000000e+00   1.392726e-18   6
  2.306844e-01   2.868667e-18   4.365716e-05   4.823265e-19   48
  2.308735e-01   3.369889e-18   8.224294e-05   3.592670e-19   72
  2.311206e-01   3.516578e-18   4.357477e-05   5.531476e-19   48
  2.315124e-01   5.484363e-18   0.000000e+00   1.564154e-18   24
  2.320338e-01   2.073895e-18   0.000000e+00   5.703882e-19   6
  2.332028e-01   4.084954e-18   0.000000e+00   1.314040e-18   8
  2.332891e-01   3.625787e-18   2.568951e-09   5.789538e-19   48
  2.334962e-01   3.111991e-18   4.225843e-05   3.153269e-19   60
  2.338066e-01   5.312869e-18   0.000000e+00   9.641544e-19   24
  2.342369e-01   8.680403e-19   0.000000e+00   1.442632e-19   6
  2.358224e-01   1.629415e-18   0.000000e+00   2.796604e-19   24
  2.359505e-01   3.755473e-18   4.268279e-05   4.905980e-19   48
  2.361638e-01   2.111651e-18   0.000000e+00   5.392946e-19   24
  2.365047e-01   3.159821e-18   0.000000e+00   3.036207e-19   6
  2.384414e-01   2.838835e-18   3.981898e-05   5.258645e-19   36
  2.385821e-01   3.175421e-18   0.000000e+00   7.140438e-19   24
  2.388353e-01   4.092117e-18   0.000000e+00   1.072758e-18   6
  2.410389e-01   2.766488e-18   3.618719e-05   3.875071e-19   32
  2.412268e-01   3.231454e-18   0.000000e+00   1.105342e-18   6
  2.435949e-01   2.111478e-18   0.000000e+00   4.017670e-19   12
  2.436776e-01   4.512213e-18   0.000000e+00   1.183690e-18   6
  2.461858e-01   3.050054e-18   0.000000e+00   7.362897e-19   6
