# power spectrum of phi
# redshift z=-0.055517
# k              Pk             sigma(k)       sigma(Pk)      count
  4.487990e-02   2.353580e-11   0.000000e+00   9.522378e-12   6
  6.346976e-02   8.465847e-12   0.000000e+00   1.748007e-12   12
  7.773426e-02   4.393452e-12   8.514949e-10   1.110283e-12   8
  8.975979e-02   1.119590e-11   0.000000e+00   1.568386e-12   6
  1.003545e-01   6.205108e-12   1.605594e-09   1.896533e-12   24
  1.099328e-01   7.197117e-12   1.605594e-09   1.448401e-12   24
  1.269395e-01   2.109484e-12   0.000000e+00   5.897660e-13   12
  1.346397e-01   2.651293e-12   1.816523e-09   3.026577e-13   30
  1.419227e-01   2.989955e-12   0.000000e+00   4.765358e-13   24
  1.488498e-01   3.089848e-12   2.780971e-09   7.037454e-13   24
  1.554685e-01   1.644469e-12   1.702990e-09   2.105045e-13   8
  1.618168e-01   1.798010e-12   2.270653e-09   3.547783e-13   24
  1.679252e-01   1.758868e-12   0.000000e+00   3.090649e-13   48
  1.795196e-01   8.943297e-13   0.000000e+00   3.409408e-13   6
  1.850445e-01   1.475945e-12   2.270653e-09   2.048622e-13   48
  1.904093e-01   1.187957e-12   2.140792e-09   2.055017e-13   36
  1.956269e-01   1.787420e-12   2.270653e-09   4.136316e-13   24
  2.007090e-01   1.302310e-12   3.211188e-09   2.152903e-13   24
  2.056655e-01   1.289263e-12   0.000000e+00   1.698035e-13   48
  2.105054e-01   1.080314e-12   3.211188e-09   2.197797e-13   24
  2.198657e-01   9.974667e-13   3.211188e-09   1.266669e-13   24
  2.243995e-01   5.351192e-13   0.000000e+00   1.088407e-13   30
  2.288435e-01   9.609403e-13   0.000000e+00   1.007370e-13   72
  2.332028e-01   7.211343e-13   3.405980e-09   1.784468e-13   32
  2.416856e-01   8.420417e-13   0.000000e+00   7.871305e-14   72
  2.458173e-01   4.918547e-13   0.000000e+00   8.534181e-14   48
  2.538790e-01   5.390469e-13   0.000000e+00   1.930218e-13   12
  2.578154e-01   7.276357e-13   0.000000e+00   8.723769e-14   48
  2.616925e-01   5.618356e-13   0.000000e+00   7.615298e-14   48
  2.655130e-01   6.592235e-13   3.211188e-09   8.429441e-14   48
  2.692794e-01   7.868727e-13   3.633045e-09   1.376842e-13   30
  2.729937e-01   6.587040e-13   0.000000e+00   9.025012e-14   24
  2.766583e-01   7.678686e-13   6.769780e-09   9.162285e-14   72
  2.838454e-01   3.207584e-13   0.000000e+00   7.077202e-14   24
  2.873715e-01   4.791258e-13   0.000000e+00   3.974582e-14   96
  2.908550e-01   3.847023e-13   0.000000e+00   7.336687e-14   48
  2.942972e-01   2.844207e-13   5.561942e-09   2.742203e-14   24
  2.976995e-01   6.285764e-13   5.561942e-09   1.108329e-13   24
  3.010635e-01   5.200275e-13   0.000000e+00   5.446575e-14   72
  3.043903e-01   4.435269e-13   0.000000e+00   8.143920e-14   48
  3.109370e-01   3.541794e-13   3.405980e-09   6.301628e-14   8
  3.141593e-01   4.932919e-13   4.036717e-09   6.000766e-14   54
  3.173488e-01   4.745714e-13   0.000000e+00   3.971588e-14   84
  3.205066e-01   4.662495e-13   0.000000e+00   6.358059e-14   48
  3.236335e-01   3.128615e-13   4.541306e-09   5.264367e-14   24
  3.267306e-01   4.722942e-13   6.055075e-09   6.606677e-14   72
  3.297985e-01   3.621744e-13   0.000000e+00   4.052769e-14   96
  3.358504e-01   3.654449e-13   0.000000e+00   3.875349e-14   48
  3.388358e-01   4.201939e-13   0.000000e+00   5.626885e-14   48
  3.417951e-01   4.443064e-13   0.000000e+00   1.008679e-13   24
  3.447290e-01   3.208996e-13   0.000000e+00   3.022438e-14   72
  3.505232e-01   2.912678e-13   0.000000e+00   3.490250e-14   72
  3.533846e-01   2.991991e-13   0.000000e+00   2.529424e-14   96
  3.590392e-01   4.259228e-13   0.000000e+00   1.230425e-13   6
  3.618333e-01   2.974414e-13   0.000000e+00   3.031083e-14   96
  3.646060e-01   3.116815e-13   4.541306e-09   3.146333e-14   96
  3.673578e-01   3.722469e-13   0.000000e+00   7.281163e-14   24
  3.700891e-01   4.085443e-13   4.541306e-09   4.644505e-14   48
  3.728004e-01   2.569610e-13   0.000000e+00   2.425564e-14   96
  3.754921e-01   2.780137e-13   0.000000e+00   5.213007e-14   48
  3.808185e-01   1.879302e-13   4.281585e-09   3.649492e-14   36
  3.834540e-01   2.748213e-13   7.865773e-09   3.215254e-14   48
  3.860715e-01   2.880486e-13   8.899106e-09   2.283977e-14   120
  3.886713e-01   2.749453e-13   0.000000e+00   3.414867e-14   56
  3.912539e-01   2.172084e-13   4.541306e-09   3.220360e-14   24
  3.938195e-01   2.383337e-13   0.000000e+00   2.129223e-14   96
  3.963685e-01   2.552896e-13   0.000000e+00   4.047223e-14   48
  4.014180e-01   2.570987e-13   6.422377e-09   4.816420e-14   24
  4.039191e-01   2.387979e-13   0.000000e+00   2.148042e-14   102
  4.064047e-01   2.707240e-13   4.541306e-09   3.597372e-14   48
  4.088753e-01   2.668001e-13   0.000000e+00   2.826423e-14   72
  4.113310e-01   1.431249e-13   0.000000e+00   1.912703e-14   48
  4.137722e-01   3.700223e-13   0.000000e+00   5.402989e-14   48
  4.161990e-01   2.739740e-13   1.027580e-08   2.581364e-14   120
  4.210107e-01   1.954269e-13   6.422377e-09   4.118817e-14   24
  4.233961e-01   1.986495e-13   6.055075e-09   1.601025e-14   144
  4.257681e-01   2.022490e-13   7.266090e-09   1.780053e-14   120
  4.281269e-01   1.737896e-13   6.422377e-09   2.003681e-14   48
  4.328060e-01   2.257752e-13   6.422377e-09   2.922532e-14   48
  4.351267e-01   1.791512e-13   6.422377e-09   1.588302e-14   96
  4.412543e-01   1.718924e-13   1.076845e-03   1.748451e-14   72
  4.442883e-01   2.131932e-13   5.708779e-09   1.978136e-14   108
  4.465493e-01   1.813747e-13   0.000000e+00   1.594848e-14   72
  4.487990e-01   2.113340e-13   0.000000e+00   3.843355e-14   30
  4.510374e-01   1.577318e-13   0.000000e+00   1.112742e-14   168
  4.532647e-01   1.616596e-13   0.000000e+00   2.689664e-14   48
  4.576869e-01   1.354165e-13   0.000000e+00   1.446352e-14   72
  4.598821e-01   1.934676e-13   0.000000e+00   2.387487e-14   96
  4.620668e-01   1.168457e-13   1.211015e-08   1.478564e-14   72
  4.642412e-01   1.654556e-13   0.000000e+00   1.723505e-14   72
  4.678970e-01   1.694116e-13   9.942967e-04   1.748344e-14   104
  4.707043e-01   1.493979e-13   8.563169e-09   1.314790e-14   144
  4.770798e-01   1.574852e-13   1.436087e-08   1.361292e-14   96
  4.791862e-01   1.809050e-13   0.000000e+00   1.554560e-14   96
  4.825361e-01   1.712799e-13   1.022910e-03   1.545703e-14   120
  4.854503e-01   1.613676e-13   0.000000e+00   1.611599e-14   120
  4.875204e-01   1.235617e-13   0.000000e+00   1.439250e-14   72
  4.916346e-01   1.733338e-13   0.000000e+00   2.678467e-14   48
  4.936788e-01   1.401946e-13   1.117860e-08   1.891093e-14   78
  4.962939e-01   1.604712e-13   9.159181e-04   1.255000e-14   168
  5.017725e-01   1.702455e-13   1.048770e-08   1.740338e-14   144
  5.037756e-01   1.889187e-13   8.563169e-09   1.934137e-14   144
  5.095853e-01   1.435197e-13   5.274950e-04   1.132757e-14   156
  5.117095e-01   1.473335e-13   1.112388e-08   1.993385e-14   48
  5.136739e-01   1.345000e-13   7.266090e-09   1.128322e-14   120
  5.156307e-01   1.193181e-13   0.000000e+00   1.586819e-14   48
  5.190908e-01   1.297207e-13   8.074274e-04   8.328719e-15   216
  5.233850e-01   1.532086e-13   0.000000e+00   2.115024e-14   48
  5.253057e-01   1.278539e-13   6.422377e-09   1.500361e-14   96
  5.280366e-01   1.363168e-13   9.436050e-04   9.619954e-15   168
  5.310261e-01   1.010398e-13   6.422377e-09   1.227902e-14   48
  5.329192e-01   1.242420e-13   0.000000e+00   1.327505e-14   96
  5.348057e-01   9.709647e-14   0.000000e+00   1.399671e-14   48
  5.385587e-01   1.166231e-13   7.266090e-09   2.139522e-14   30
  5.404255e-01   1.367184e-13   0.000000e+00   1.243886e-14   96
  5.426566e-01   1.100143e-13   7.415896e-04   6.808064e-15   240
  5.455256e-01   8.867970e-14   8.000683e-04   1.345411e-14   32
  5.478289e-01   1.293393e-13   0.000000e+00   8.563301e-15   168
  5.496642e-01   1.324561e-13   0.000000e+00   1.232007e-14   120
  5.533165e-01   1.336249e-13   1.353956e-08   2.068928e-14   72
  5.551336e-01   1.270011e-13   6.055075e-09   1.086739e-14   144
  5.569449e-01   8.230237e-14   0.000000e+00   7.777359e-15   96
  5.587502e-01   1.008450e-13   0.000000e+00   8.411679e-15   96
  5.623435e-01   1.151602e-13   0.000000e+00   1.216306e-14   72
  5.641315e-01   1.115178e-13   9.082613e-09   9.894085e-15   96
  5.676908e-01   1.114201e-13   0.000000e+00   1.868579e-14   24
  5.694620e-01   1.194034e-13   0.000000e+00   7.385546e-15   192
  5.715479e-01   9.893002e-14   6.789523e-04   7.174474e-15   132
  5.747431e-01   8.355877e-14   0.000000e+00   7.436072e-15   96
  5.764927e-01   9.463740e-14   0.000000e+00   7.216437e-15   96
  5.782370e-01   9.523360e-14   7.266090e-09   8.213948e-15   120
  5.817099e-01   1.057493e-13   0.000000e+00   1.276919e-14   48
  5.845566e-01   9.382884e-14   8.228355e-04   6.339538e-15   222
  5.868808e-01   1.156008e-13   0.000000e+00   1.106749e-14   120
  5.885943e-01   5.453627e-14   1.112388e-08   1.122348e-14   24
  5.910891e-01   9.636087e-14   8.492858e-04   5.879783e-15   312
  5.965251e-01   1.031677e-13   7.962394e-04   1.131897e-14   72
  5.987725e-01   1.094824e-13   1.112388e-08   9.302037e-15   96
  6.010802e-01   9.797991e-14   8.108596e-04   8.087520e-15   192
  6.037972e-01   9.254048e-14   1.027580e-08   8.428959e-15   120
  6.054629e-01   8.350192e-14   0.000000e+00   6.094272e-15   144
  6.087805e-01   6.380693e-14   0.000000e+00   7.516290e-15   48
  6.111387e-01   8.946519e-14   8.153477e-04   4.685145e-15   336
  6.137233e-01   1.140582e-13   0.000000e+00   1.936695e-14   48
  6.169965e-01   8.112580e-14   0.000000e+00   5.755483e-15   192
  6.186267e-01   9.700684e-14   0.000000e+00   1.322247e-14   48
  6.232604e-01   9.470538e-14   5.659583e-04   1.068242e-14   56
  6.255643e-01   8.141236e-14   7.268827e-04   3.907294e-15   336
  6.283185e-01   7.636475e-14   8.073433e-09   8.319234e-15   54
  6.307177e-01   8.995186e-14   7.983781e-04   5.519085e-15   240
  6.356985e-01   7.478359e-14   7.644534e-04   4.738457e-15   228
  6.378632e-01   8.190407e-14   8.563169e-09   7.594530e-15   72
  6.399644e-01   9.829057e-14   7.415385e-04   7.122305e-15   144
  6.425823e-01   5.525471e-14   0.000000e+00   5.393508e-15   96
  6.441477e-01   8.979982e-14   1.027580e-08   5.714907e-15   240
  6.472671e-01   7.518230e-14   9.082613e-09   7.481608e-15   24
  6.492641e-01   7.607731e-14   7.003773e-04   4.000807e-15   336
  6.519181e-01   5.958549e-14   0.000000e+00   6.433349e-15   72
  6.543408e-01   6.969849e-14   7.617900e-04   4.061734e-15   168
  6.565363e-01   9.224166e-14   0.000000e+00   9.173730e-15   72
  6.595971e-01   8.628228e-14   0.000000e+00   6.438136e-15   96
  6.619675e-01   7.259820e-14   7.560752e-04   5.825572e-15   216
  6.641618e-01   6.314360e-14   0.000000e+00   4.995224e-15   96
  6.671876e-01   8.152000e-14   9.082613e-09   5.472148e-15   192
  6.686954e-01   7.653511e-14   8.563169e-09   6.912178e-15   144
  6.717008e-01   6.195671e-14   0.000000e+00   6.853764e-15   48
  6.737816e-01   6.012934e-14   7.289453e-04   4.153803e-15   246
  6.766089e-01   7.927945e-14   6.720992e-04   5.444141e-15   168
  6.791561e-01   7.542666e-14   1.779821e-08   7.301444e-15   120
  6.806373e-01   7.128312e-14   0.000000e+00   4.025878e-15   240
  6.835902e-01   6.411310e-14   0.000000e+00   1.187856e-14   24
  6.859430e-01   6.524689e-14   7.194229e-04   3.171439e-15   360
  6.888731e-01   6.473891e-14   7.163615e-04   5.558444e-15   120
  6.909172e-01   7.536085e-14   0.000000e+00   6.470864e-15   144
  6.923733e-01   6.488775e-14   0.000000e+00   5.964294e-15   96
  6.967233e-01   6.747194e-14   0.000000e+00   6.572995e-15   144
  6.981673e-01   6.052813e-14   0.000000e+00   4.884564e-15   132
  7.001966e-01   6.179878e-14   7.070381e-04   4.443695e-15   176
  7.031425e-01   5.508190e-14   7.139661e-04   3.166699e-15   312
  7.067693e-01   6.915949e-14   0.000000e+00   7.916988e-15   96
  7.081928e-01   5.853626e-14   0.000000e+00   4.390484e-15   144
  7.103769e-01   5.849007e-14   7.068048e-04   3.248769e-15   312
  7.138584e-01   6.789813e-14   0.000000e+00   1.097755e-14   48
  7.152678e-01   5.647682e-14   9.082613e-09   4.073731e-15   192
  7.180783e-01   2.012107e-14   0.000000e+00   4.656601e-15   6
  7.199456e-01   5.733037e-14   6.592151e-04   2.788041e-15   288
  7.229701e-01   6.201829e-14   6.965036e-04   4.154561e-15   192
  7.250569e-01   5.922068e-14   2.136030e-08   4.481984e-15   216
  7.264446e-01   5.890364e-14   0.000000e+00   6.884793e-15   72
  7.299019e-01   5.675670e-14   6.898890e-04   3.916446e-15   192
  7.321980e-01   6.421051e-14   5.122797e-04   3.850481e-15   288
  7.347155e-01   5.443423e-14   0.000000e+00   1.204263e-14   24
  7.366606e-01   5.238700e-14   6.748859e-04   2.371867e-15   456
  7.401782e-01   5.954116e-14   0.000000e+00   8.704530e-15   48
  7.423517e-01   5.706772e-14   6.647357e-04   3.778461e-15   240
  7.448497e-01   5.618913e-14   6.717903e-04   3.981458e-15   216
  7.469503e-01   6.507711e-14   0.000000e+00   7.181264e-15   72
  7.482974e-01   5.554350e-14   2.321067e-08   4.307648e-15   168
  7.521008e-01   5.629341e-14   4.993319e-04   3.030642e-15   288
  7.542338e-01   4.357626e-14   6.607016e-04   3.168269e-15   168
  7.576598e-01   4.333989e-14   0.000000e+00   3.088191e-15   192
  7.589879e-01   5.063085e-14   8.563169e-09   4.471656e-15   144
  7.616371e-01   5.757895e-14   8.563169e-09   8.003646e-15   36
  7.638837e-01   4.662816e-14   6.033611e-04   2.491430e-15   342
  7.660318e-01   6.213156e-14   6.195787e-04   4.881026e-15   144
  7.687931e-01   5.935675e-14   6.497828e-04   3.554047e-15   384
  7.721429e-01   5.511441e-14   1.779821e-08   4.988379e-15   120
  7.738009e-01   4.869552e-14   5.794173e-04   3.071858e-15   264
  7.760459e-01   5.292829e-14   2.872174e-08   3.831977e-15   192
  7.781602e-01   4.663310e-14   6.244329e-04   3.893257e-15   152
  7.799294e-01   4.666362e-14   1.712634e-08   3.770087e-15   144
  7.836508e-01   5.320040e-14   4.041391e-04   3.211613e-15   216
  7.853733e-01   4.865468e-14   5.400376e-04   2.941429e-15   312
  7.884055e-01   4.287633e-14   6.258929e-04   2.375192e-15   240
  7.901921e-01   4.410035e-14   9.082613e-09   4.143889e-15   96
  7.935833e-01   3.592084e-14   5.983988e-04   3.179797e-15   144
  7.956734e-01   4.602540e-14   5.881734e-04   2.242089e-15   456
  7.990638e-01   5.846019e-14   0.000000e+00   4.124022e-15   120
  8.003232e-01   4.010373e-14   0.000000e+00   3.831686e-15   144
  8.028360e-01   4.615187e-14   1.284475e-08   1.154110e-14   24
  8.044470e-01   4.245577e-14   5.653709e-04   2.428949e-15   336
  8.072332e-01   4.118471e-14   6.235271e-04   2.877895e-15   198
  8.098439e-01   3.979642e-14   6.063443e-04   1.827011e-15   432
  8.128095e-01   5.621920e-14   1.816523e-08   7.828068e-15   48
  8.143566e-01   4.497453e-14   5.352971e-04   2.582987e-15   384
  8.171344e-01   4.687986e-14   6.162404e-04   3.443601e-15   144
  8.196515e-01   5.212304e-14   6.118458e-04   3.231402e-15   264
  8.226621e-01   4.878080e-14   0.000000e+00   6.023424e-15   48
  8.246820e-01   3.997767e-14   5.817654e-04   2.198879e-15   276
  8.266310e-01   4.333881e-14   5.273546e-04   3.567956e-15   192
  8.292356e-01   4.127656e-14   5.926306e-04   1.819905e-15   552
  8.323980e-01   4.035297e-14   1.453218e-08   3.434371e-15   120
  8.342777e-01   3.311405e-14   5.998883e-04   2.202239e-15   216
  8.360198e-01   3.399632e-14   1.453218e-08   2.632813e-15   120
  8.391317e-01   4.398783e-14   5.907428e-04   2.121722e-15   408
  8.420215e-01   5.469615e-14   1.284475e-08   1.124645e-14   24
  8.438134e-01   3.624719e-14   5.967566e-04   1.948014e-15   384
  8.463161e-01   4.021401e-14   5.830526e-04   2.608836e-15   240
  8.484893e-01   3.446565e-14   5.873223e-04   2.932657e-15   168
  8.515361e-01   4.537296e-14   0.000000e+00   4.205572e-15   120
  8.535003e-01   3.557893e-14   6.122527e-04   1.905872e-15   350
  8.566942e-01   3.561085e-14   1.007886e-03   1.645065e-15   384
  8.586029e-01   3.681080e-14   0.000000e+00   3.076007e-15   144
  8.621146e-01   3.500367e-14   1.211015e-08   2.069198e-15   288
  8.639482e-01   3.704359e-14   5.769264e-04   1.952916e-15   336
  8.664426e-01   3.057187e-14   5.252436e-04   2.247639e-15   168
  8.679359e-01   3.957518e-14   3.442699e-08   2.256931e-15   336
  8.710244e-01   3.305496e-14   5.451716e-04   2.090435e-15   288
  8.728795e-01   3.705829e-14   5.136910e-04   2.191767e-15   264
  8.760206e-01   3.477342e-14   0.000000e+00   2.332964e-15   240
  8.771695e-01   3.337414e-14   0.000000e+00   3.240599e-15   96
  8.812928e-01   3.828672e-14   6.985852e-04   1.856213e-15   360
  8.832172e-01   4.024807e-14   5.149772e-04   2.864253e-15   168
  8.856486e-01   3.458101e-14   5.613787e-04   1.855637e-15   456
  8.885766e-01   3.509952e-14   1.614687e-08   3.342910e-15   108
  8.902234e-01   3.175791e-14   5.632711e-04   1.867972e-15   264
  8.922780e-01   3.427653e-14   5.025296e-04   1.902389e-15   264
  8.950914e-01   2.805372e-14   4.742099e-04   1.372834e-15   312
  8.985946e-01   3.216823e-14   3.523897e-04   1.813619e-15   270
  9.000628e-01   3.672892e-14   4.474031e-04   2.430783e-15   240
  9.027023e-01   3.836446e-14   5.534940e-04   2.148922e-15   384
  9.043048e-01   4.036436e-14   1.816523e-08   2.844892e-15   192
  9.074177e-01   3.449052e-14   4.441052e-04   2.396243e-15   240
  9.092233e-01   3.430790e-14   5.480976e-04   1.640356e-15   336
  9.126190e-01   3.307716e-14   5.517650e-04   1.432115e-15   480
  9.153738e-01   3.424618e-14   1.211015e-08   4.776016e-15   72
  9.169127e-01   3.324788e-14   5.380211e-04   2.199168e-15   240
  9.190057e-01   3.258177e-14   5.056661e-04   1.832342e-15   312
  9.214050e-01   3.236845e-14   5.465037e-04   2.241589e-15   240
  9.250305e-01   3.243810e-14   4.152014e-04   1.618887e-15   408
  9.264658e-01   3.330207e-14   3.802244e-04   1.806426e-15   336
  9.292709e-01   2.989953e-14   4.827913e-04   2.118595e-15   264
  9.306493e-01   2.992858e-14   0.000000e+00   2.881525e-15   144
  9.344847e-01   2.814133e-14   6.691774e-04   1.436781e-15   464
  9.365053e-01   2.612644e-14   5.321333e-04   2.062265e-15   168
  9.385003e-01   2.960185e-14   4.846574e-04   1.574419e-15   336
  9.421059e-01   2.825164e-14   5.092274e-04   1.557014e-15   414
  9.441384e-01   3.204865e-14   5.300755e-04   2.227669e-15   216
  9.467424e-01   3.609370e-14   1.284475e-08   4.123332e-15   96
  9.478056e-01   2.872804e-14   3.146309e-08   1.532156e-15   384
  9.515300e-01   3.311980e-14   5.290514e-04   1.631384e-15   492
  9.535260e-01   3.189619e-14   5.173669e-04   1.800941e-15   240
  9.557820e-01   2.889975e-14   5.253086e-04   1.694734e-15   312
  9.588974e-01   2.818817e-14   5.251357e-04   1.982244e-15   192
  9.608709e-01   2.663573e-14   5.089201e-04   1.295993e-15   504
  9.634892e-01   2.830607e-14   3.369138e-04   1.376812e-15   408
  9.655507e-01   2.857289e-14   1.032177e-03   2.563289e-15   168
  9.681304e-01   2.919655e-14   4.902931e-04   1.652745e-15   288
  9.702952e-01   2.885145e-14   5.116628e-04   1.677172e-15   288
  9.725127e-01   2.696950e-14   5.146081e-04   1.488106e-15   432
  9.757291e-01   2.712351e-14   4.866478e-04   1.546742e-15   216
  9.774479e-01   2.256159e-14   4.856211e-04   1.203658e-15   360
  9.805077e-01   2.665660e-14   4.739615e-04   1.503436e-15   312
  9.832692e-01   2.172168e-14   0.000000e+00   2.053325e-15   48
  9.848611e-01   2.499431e-14   5.081550e-04   1.206619e-15   432
  9.877120e-01   2.638820e-14   8.476078e-04   1.458885e-15   414
  9.893956e-01   2.435353e-14   1.936190e-08   1.545409e-15   312
  9.925365e-01   2.603790e-14   7.437288e-04   1.078429e-15   528
  9.946561e-01   2.490985e-14   3.903945e-04   1.539129e-15   264
  9.972025e-01   2.899941e-14   4.629008e-04   1.285205e-15   480
  1.000530e+00   2.321241e-14   0.000000e+00   1.247620e-15   288
  1.001967e+00   2.401982e-14   4.973726e-04   1.756657e-15   168
  1.004595e+00   2.686665e-14   7.873394e-04   1.226130e-15   504
  1.007551e+00   3.274892e-14   1.211015e-08   2.333430e-15   144
  1.009411e+00   2.225302e-14   5.056606e-04   9.043244e-16   464
  1.012205e+00   2.405109e-14   7.420855e-04   1.152054e-15   432
  1.013531e+00   2.715553e-14   1.284475e-08   1.922640e-15   192
  1.016957e+00   2.252706e-14   5.501332e-04   1.003934e-15   396
  1.018981e+00   2.076646e-14   4.941713e-04   1.324136e-15   288
  1.021026e+00   2.277810e-14   4.881567e-04   1.351175e-15   336
  1.024293e+00   2.398340e-14   3.091107e-04   1.319231e-15   432
  1.026367e+00   2.295017e-14   8.011717e-04   1.219409e-15   360
  1.028695e+00   2.099821e-14   4.739049e-04   1.104336e-15   384
  1.032001e+00   2.724581e-14   4.183121e-04   2.039313e-15   198
  1.033594e+00   2.156341e-14   4.754848e-04   9.558980e-16   552
  1.036565e+00   2.436418e-14   6.656461e-04   1.212717e-15   432
  1.039045e+00   2.613718e-14   2.542602e-08   2.194905e-15   168
  1.041126e+00   2.406896e-14   8.251578e-04   1.423277e-15   480
  1.043880e+00   2.023127e-14   0.000000e+00   1.843532e-15   120
  1.045119e+00   2.191014e-14   6.739531e-04   1.332477e-15   336
  1.048143e+00   1.997497e-14   4.754634e-04   7.619792e-16   672
  1.051134e+00   2.247300e-14   6.916265e-04   1.068500e-15   528
  1.052527e+00   2.106377e-14   2.076026e-08   1.591692e-15   168
  1.055745e+00   2.134802e-14   7.715047e-04   1.198163e-15   456
  1.057708e+00   2.396137e-14   4.711644e-04   1.964138e-15   168
  1.059747e+00   1.988796e-14   4.703185e-04   8.839197e-16   504
  1.063135e+00   1.989161e-14   6.052278e-04   1.211163e-15   336
  1.065184e+00   1.958454e-14   4.362976e-04   1.143646e-15   312
  1.067457e+00   2.025320e-14   4.262923e-04   9.139145e-16   504
  1.070448e+00   1.900847e-14   2.957734e-04   1.002412e-15   432
  1.071854e+00   2.043048e-14   4.570679e-04   1.030550e-15   312
  1.074777e+00   2.005735e-14   4.685168e-04   1.120925e-15   384
  1.077830e+00   2.053427e-14   3.980594e-04   2.004849e-15   126
  1.079714e+00   2.058766e-14   6.988975e-04   1.050084e-15   492
  1.082121e+00   2.165231e-14   4.476446e-04   1.000630e-15   528
  1.085129e+00   2.071551e-14   4.547108e-04   9.666106e-16   480
  1.086993e+00   2.198555e-14   6.281804e-04   1.070003e-15   432
  1.089692e+00   2.116128e-14   4.939807e-04   1.154618e-15   440
  1.092826e+00   2.146944e-14   2.456546e-04   1.252954e-15   312
  1.094002e+00   1.560681e-14   3.681340e-04   7.643149e-16   480
  1.096414e+00   1.762633e-14   7.207992e-04   8.097655e-16   408
  1.099939e+00   2.110481e-14   4.316772e-04   1.315196e-15   360
  1.101428e+00   2.119997e-14   4.165528e-04   1.075263e-15   408
  1.104187e+00   1.723464e-14   4.238952e-04   9.061390e-16   456
  1.107295e+00   1.670803e-14   4.051394e-04   9.522694e-16   264
  1.109019e+00   1.855931e-14   4.396779e-04   8.956625e-16   384
  1.111530e+00   1.775342e-14   7.402287e-04   7.098610e-16   672
  1.114432e+00   1.930313e-14   4.427524e-04   1.256264e-15   240
  1.116107e+00   1.483232e-14   4.492830e-04   8.617264e-16   264
  1.118470e+00   1.564305e-14   5.541164e-04   6.822389e-16   624
  1.121997e+00   1.516363e-14   0.000000e+00   1.167667e-15   150
  1.123253e+00   1.945765e-14   6.209312e-04   8.096600e-16   600
  1.125901e+00   1.909701e-14   4.285507e-04   7.923499e-16   672
  1.128900e+00   1.801886e-14   4.030821e-04   9.235811e-16   336
  1.130571e+00   1.854918e-14   4.384359e-04   9.241373e-16   408
  1.133240e+00   1.920260e-14   4.374031e-04   1.069164e-15   408
  1.136209e+00   1.786767e-14   2.211745e-04   9.359808e-16   360
  1.138039e+00   1.681287e-14   8.120816e-04   1.057726e-15   456
  1.140250e+00   1.642202e-14   4.416149e-04   1.024077e-15   384
  1.143063e+00   1.393866e-14   4.076666e-04   8.281022e-16   348
  1.144584e+00   1.800714e-14   5.025723e-04   8.030620e-16   576
  1.147440e+00   1.708041e-14   4.138022e-04   7.714986e-16   504
  1.150362e+00   1.778749e-14   5.836440e-04   1.073599e-15   432
  1.152912e+00   1.834619e-14   7.940448e-04   7.841371e-16   576
  1.154731e+00   1.561382e-14   0.000000e+00   1.307232e-15   264
  1.157616e+00   1.707750e-14   6.318613e-04   7.202093e-16   768
  1.160125e+00   1.532736e-14   8.506861e-04   9.866779e-16   240
  1.162120e+00   1.578863e-14   7.502246e-04   1.094543e-15   192
  1.165026e+00   1.407724e-14   5.522570e-04   6.397554e-16   504
  1.167181e+00   1.775514e-14   7.441870e-04   9.638990e-16   590
  1.169248e+00   1.721184e-14   8.338208e-04   7.966046e-16   384
  1.171839e+00   1.568602e-14   6.968286e-04   7.256298e-16   504
  1.174968e+00   1.748444e-14   6.705897e-04   7.215743e-16   648
  1.178003e+00   1.462193e-14   1.821233e-04   7.706973e-16   504
  1.179227e+00   1.620269e-14   4.154576e-04   8.587317e-16   312
  1.181387e+00   1.525783e-14   5.985722e-04   7.502831e-16   576
  1.184353e+00   2.334392e-14   4.165498e-04   1.466813e-15   240
  1.186082e+00   1.483738e-14   4.209035e-04   7.027220e-16   552
  1.188529e+00   1.400284e-14   3.952187e-04   5.949837e-16   600
  1.192015e+00   1.428412e-14   4.827284e-04   6.194338e-16   600
  1.194111e+00   1.406109e-14   7.730513e-04   9.386470e-16   312
  1.196198e+00   1.845058e-14   6.732512e-04   9.634892e-16   480
  1.198806e+00   1.375464e-14   4.200441e-04   6.653964e-16   576
  1.201101e+00   1.493610e-14   6.763622e-04   7.822599e-16   408
  1.203138e+00   1.261435e-14   7.890077e-04   8.101019e-16   216
  1.205770e+00   1.323946e-14   6.042911e-04   6.211203e-16   516
  1.208589e+00   1.508611e-14   5.765552e-04   5.756858e-16   744
  1.211498e+00   1.623663e-14   3.850879e-04   7.679873e-16   462
  1.213141e+00   1.455565e-14   3.913862e-04   8.192408e-16   432
  1.215691e+00   1.358144e-14   3.630965e-04   5.593805e-16   648
  1.218688e+00   1.456386e-14   5.312777e-04   7.595362e-16   528
  1.221096e+00   1.422735e-14   6.397910e-04   6.603326e-16   600
  1.223502e+00   1.557891e-14   8.066092e-04   1.109614e-15   240
  1.225832e+00   1.438156e-14   6.178548e-04   5.768546e-16   720
  1.228540e+00   1.351232e-14   4.888350e-04   5.964754e-16   720
  1.231542e+00   1.089856e-14   0.000000e+00   9.136399e-16   144
  1.233122e+00   1.573801e-14   6.302546e-04   6.764043e-16   720
  1.235369e+00   1.205477e-14   3.779131e-04   6.487437e-16   384
  1.238183e+00   1.466886e-14   4.189367e-04   7.146676e-16   672
  1.240853e+00   1.429012e-14   7.335120e-04   9.256619e-16   336
  1.242128e+00   1.503932e-14   0.000000e+00   8.891845e-16   288
  1.245250e+00   1.308670e-14   5.805257e-04   5.614898e-16   776
  1.248140e+00   1.309507e-14   4.967278e-04   5.557122e-16   720
  1.250567e+00   1.246544e-14   4.001507e-04   6.955885e-16   432
  1.252509e+00   1.354220e-14   5.704653e-04   6.708537e-16   504
  1.254668e+00   1.241087e-14   3.996919e-04   6.224829e-16   528
  1.257690e+00   1.206627e-14   5.445569e-04   6.419567e-16   438
  1.260177e+00   1.479971e-14   6.338144e-04   6.824438e-16   624
  1.262050e+00   1.525243e-14   7.763371e-04   9.219166e-16   312
  1.264626e+00   1.413004e-14   4.182709e-04   7.115372e-16   696
  1.267289e+00   1.291624e-14   3.784594e-04   6.891656e-16   552
  1.270059e+00   1.300291e-14   2.928013e-04   7.476260e-16   516
  1.271773e+00   1.401722e-14   5.848486e-04   7.039207e-16   528
  1.273859e+00   1.099312e-14   3.803430e-04   5.416567e-16   528
  1.276822e+00   1.301195e-14   5.015953e-04   5.356443e-16   864
  1.278834e+00   1.509052e-14   6.870823e-04   8.255405e-16   408
  1.280847e+00   1.588767e-14   6.807282e-04   1.254226e-15   192
  1.283701e+00   1.115756e-14   5.633353e-04   4.782553e-16   720
  1.286110e+00   1.194794e-14   5.194228e-04   5.279829e-16   696
  1.288973e+00   1.269901e-14   5.609815e-04   5.473977e-16   720
  1.291592e+00   1.267730e-14   7.603431e-04   6.882531e-16   432
  1.293119e+00   1.158873e-14   4.475677e-04   6.857334e-16   264
  1.295867e+00   1.197611e-14   6.180712e-04   4.700427e-16   672
  1.298325e+00   1.233501e-14   6.328100e-04   6.626031e-16   600
  1.301242e+00   1.058162e-14   3.705096e-04   6.491412e-16   270
  1.302712e+00   1.111520e-14   5.577202e-04   5.713550e-16   528
  1.305049e+00   1.189232e-14   3.819070e-04   5.454006e-16   840
  1.308254e+00   1.377438e-14   7.302747e-04   5.201890e-16   888
  1.311216e+00   1.034834e-14   5.441084e-04   4.432626e-16   744
  1.313718e+00   1.290323e-14   2.795923e-04   7.604339e-16   456
  1.314963e+00   1.401278e-14   3.820801e-04   8.735415e-16   360
  1.317093e+00   1.054147e-14   3.310510e-04   6.242421e-16   384
  1.320361e+00   1.105165e-14   5.310026e-04   5.096348e-16   816
  1.322813e+00   1.079734e-14   7.704106e-04   4.532843e-16   824
  1.325794e+00   1.105600e-14   3.581235e-04   6.391586e-16   360
  1.327390e+00   1.134549e-14   5.284558e-04   5.568929e-16   624
  1.329587e+00   1.105553e-14   3.571018e-04   6.981653e-16   360
  1.332513e+00   1.105751e-14   4.857633e-04   4.707805e-16   876
  1.335156e+00   1.093960e-14   5.769416e-04   4.563702e-16   696
  1.337821e+00   1.064760e-14   3.725510e-04   5.448026e-16   336
  1.339218e+00   1.163934e-14   3.721324e-04   6.483334e-16   504
  1.341526e+00   9.999872e-15   3.753571e-04   4.708878e-16   672
  1.344950e+00   1.128596e-14   7.472486e-04   4.915185e-16   720
  1.347324e+00   1.124709e-14   5.644666e-04   4.896634e-16   774
  1.349945e+00   1.190565e-14   3.230860e-04   9.028019e-16   384
  1.351318e+00   1.283846e-14   6.217562e-04   6.628734e-16   528
  1.353448e+00   1.225099e-14   5.925683e-04   5.780050e-16   744
  1.356875e+00   1.157778e-14   4.887432e-04   4.700423e-16   768
  1.359150e+00   1.114012e-14   5.486510e-04   6.282035e-16   552
  1.361989e+00   9.832296e-15   5.979675e-04   4.336453e-16   696
  1.364100e+00   1.517644e-14   7.266345e-04   1.024504e-15   408
  1.365777e+00   1.130719e-14   3.139119e-04   5.951324e-16   504
  1.368434e+00   1.063492e-14   5.639309e-04   4.209701e-16   888
  1.371049e+00   9.240321e-15   5.860872e-04   4.406285e-16   648
  1.373767e+00   1.045785e-14   5.810635e-04   4.921412e-16   648
  1.376324e+00   9.814938e-15   6.265289e-04   4.227369e-16   792
  1.379033e+00   1.108910e-14   9.166547e-04   6.335528e-16   600
  1.381028e+00   8.333346e-15   6.212242e-04   4.388237e-16   456
  1.383129e+00   1.093082e-14   3.027582e-04   5.429770e-16   648
  1.385828e+00   1.080173e-14   5.904226e-04   3.997427e-16   936
  1.388741e+00   1.250272e-14   3.625955e-04   6.742647e-16   384
  1.391277e+00   8.560572e-15   0.000000e+00   6.350756e-16   198
  1.393234e+00   1.095061e-14   9.199360e-04   4.326746e-16   1224
  1.395345e+00   1.149685e-14   6.699966e-04   8.045655e-16   420
  1.397842e+00   1.045008e-14   6.484166e-04   4.802298e-16   792
  1.400283e+00   1.074667e-14   5.361851e-04   4.793419e-16   680
  1.403069e+00   1.055566e-14   4.923504e-04   5.883168e-16   600
  1.405311e+00   1.015569e-14   7.140431e-04   4.591180e-16   840
  1.408304e+00   1.011796e-14   3.371380e-04   5.811391e-16   432
  1.409448e+00   1.064817e-14   3.159427e-04   5.127051e-16   720
  1.411934e+00   1.024513e-14   6.327780e-04   4.274324e-16   960
  1.415027e+00   1.066222e-14   5.640753e-04   7.159510e-16   528
  1.417288e+00   9.707030e-15   5.765925e-04   4.887516e-16   624
  1.419978e+00   9.757226e-15   4.531978e-04   4.650870e-16   816
  1.422648e+00   1.024082e-14   7.452934e-04   4.315342e-16   696
  1.425599e+00   1.021160e-14   4.110321e-08   7.273494e-16   240
  1.426709e+00   1.075216e-14   4.395173e-04   5.063893e-16   672
  1.429185e+00   9.173340e-15   7.854802e-04   3.657710e-16   864
  1.431964e+00   8.787961e-15   6.027286e-04   3.851529e-16   816
  1.434467e+00   9.482467e-15   3.449810e-04   5.809976e-16   648
  1.437164e+00   1.130545e-14   3.526335e-04   5.596909e-16   843
  1.439454e+00   8.630276e-15   6.344743e-04   3.755476e-16   780
  1.442182e+00   9.314261e-15   3.404471e-04   9.659995e-16   216
  1.443865e+00   1.008110e-14   8.209510e-04   3.835228e-16   1056
  1.446454e+00   7.132533e-15   6.716301e-04   5.516755e-16   228
  1.448850e+00   1.033707e-14   8.361962e-04   4.273539e-16   924
  1.451311e+00   9.335994e-15   3.101819e-04   4.271872e-16   696
  1.453916e+00   9.106646e-15   5.520350e-04   3.732063e-16   996
  1.456581e+00   7.358814e-15   3.259105e-04   3.600258e-16   576
  1.459354e+00   9.203795e-15   5.030212e-04   5.603212e-16   552
  1.461376e+00   9.446019e-15   6.005898e-04   5.752840e-16   516
  1.463427e+00   9.768226e-15   8.733821e-04   4.251210e-16   744
  1.465771e+00   7.806760e-15   4.284460e-04   3.432425e-16   576
  1.467810e+00   8.236344e-15   4.409794e-04   3.557928e-16   792
  1.470708e+00   8.143839e-15   5.041212e-04   3.515811e-16   792
  1.472831e+00   8.872133e-15   5.436894e-04   4.464912e-16   720
  1.475703e+00   8.924384e-15   6.196809e-04   4.435034e-16   656
  1.478394e+00   8.362321e-15   6.766594e-04   3.560152e-16   816
  1.481153e+00   8.434681e-15   3.648433e-04   5.124011e-16   492
  1.482721e+00   8.557722e-15   5.248529e-04   4.405362e-16   552
  1.485663e+00   7.121736e-15   9.126553e-04   2.787671e-16   780
  1.487575e+00   9.067790e-15   5.606333e-04   4.889452e-16   528
  1.489634e+00   6.661264e-15   6.544296e-04   3.463694e-16   600
  1.492669e+00   8.972112e-15   5.438828e-04   3.609383e-16   900
  1.494760e+00   7.656108e-15   3.011028e-04   3.466347e-16   696
  1.497638e+00   6.995710e-15   7.613501e-04   3.252898e-16   696
  1.500423e+00   6.412689e-15   3.088725e-04   3.175434e-16   552
  1.502764e+00   7.263968e-15   3.591902e-04   3.256680e-16   708
  1.505217e+00   6.233636e-15   5.930435e-04   2.742633e-16   876
  1.507769e+00   9.861038e-15   3.148943e-04   6.792681e-16   216
  1.509481e+00   8.158892e-15   8.612787e-04   3.143877e-16   1032
  1.512046e+00   5.972334e-15   9.589387e-04   2.991391e-16   600
  1.514708e+00   5.893711e-15   4.575699e-04   3.320799e-16   600
  1.516739e+00   7.691867e-15   8.080257e-04   4.368972e-16   528
  1.519139e+00   7.170408e-15   4.435707e-04   3.441276e-16   732
  1.521668e+00   7.598749e-15   3.275367e-04   5.017661e-16   336
  1.524578e+00   6.408622e-15   4.668048e-04   2.657332e-16   912
  1.526754e+00   6.068954e-15   4.685305e-04   2.947607e-16   624
  1.529130e+00   7.206844e-15   3.948208e-04   2.998229e-16   768
  1.531905e+00   5.854264e-15   7.123345e-04   2.359547e-16   792
  1.534628e+00   6.454910e-15   3.531461e-04   2.764927e-16   660
  1.536565e+00   6.804289e-15   5.204174e-04   3.642007e-16   504
  1.538569e+00   6.825862e-15   8.502625e-04   3.677266e-16   480
  1.541572e+00   6.188617e-15   7.863820e-04   2.259312e-16   912
  1.543923e+00   6.811443e-15   8.757583e-04   4.099177e-16   432
  1.546144e+00   6.061105e-15   5.200047e-04   2.794447e-16   564
  1.548116e+00   6.403609e-15   4.977161e-04   2.688786e-16   600
  1.550891e+00   6.759732e-15   6.937691e-04   2.781636e-16   876
  1.552976e+00   6.457461e-15   3.119395e-04   4.779517e-16   264
  1.555851e+00   5.620895e-15   6.052853e-04   3.146610e-16   560
  1.558161e+00   5.896327e-15   4.113044e-04   2.753774e-16   840
  1.560965e+00   5.180995e-15   6.341128e-04   1.836010e-16   1008
  1.563558e+00   4.437286e-15   2.836595e-04   2.136099e-16   456
  1.565927e+00   6.072922e-15   3.674408e-04   3.361933e-16   576
  1.568116e+00   5.624198e-15   5.646120e-04   2.476883e-16   612
  1.571003e+00   5.998313e-15   5.042901e-04   2.411410e-16   780
  1.573359e+00   5.350622e-15   5.778934e-04   2.340903e-16   648
  1.575770e+00   5.187603e-15   2.693058e-04   3.487754e-16   312
  1.577311e+00   5.398576e-15   6.842617e-04   2.687528e-16   528
  1.579980e+00   4.264356e-15   8.936117e-04   1.847901e-16   720
  1.582533e+00   5.074252e-15   8.964102e-04   2.473663e-16   576
  1.585628e+00   5.338468e-15   7.732694e-04   3.385212e-16   444
  1.587554e+00   5.043815e-15   7.583279e-04   1.843316e-16   996
  1.589914e+00   5.330620e-15   6.334320e-04   3.071969e-16   432
  1.592145e+00   4.987878e-15   6.934834e-04   2.630583e-16   504
  1.594071e+00   4.636490e-15   3.126589e-04   2.180213e-16   504
  1.596815e+00   5.719371e-15   6.153164e-04   2.190513e-16   876
  1.599297e+00   4.532942e-15   7.081706e-04   2.295566e-16   504
  1.601882e+00   4.561770e-15   4.516342e-04   1.924875e-16   696
  1.604019e+00   5.058357e-15   3.860998e-04   2.391268e-16   492
  1.606926e+00   4.727220e-15   5.527206e-04   2.719187e-16   432
  1.609079e+00   4.927861e-15   5.175622e-04   1.923752e-16   768
  1.611631e+00   5.177812e-15   6.446933e-04   2.301052e-16   648
  1.614068e+00   4.387614e-15   4.205932e-04   2.053261e-16   456
  1.616868e+00   4.978766e-15   5.783839e-04   2.278589e-16   552
  1.618813e+00   4.054769e-15   3.964248e-04   1.912429e-16   648
  1.621489e+00   4.448065e-15   6.461501e-04   1.711927e-16   840
  1.624104e+00   4.544213e-15   3.081354e-04   2.249920e-16   432
  1.626721e+00   4.529351e-15   3.774132e-04   2.222999e-16   600
  1.628542e+00   5.239046e-15   4.021090e-04   2.594423e-16   432
  1.631600e+00   4.645536e-15   4.003387e-04   2.350052e-16   560
  1.633670e+00   4.275690e-15   6.336941e-04   1.696106e-16   840
  1.636263e+00   4.079688e-15   3.753463e-04   2.045363e-16   504
  1.638323e+00   4.272953e-15   7.660593e-04   1.832189e-16   696
  1.641226e+00   4.344648e-15   4.183943e-04   2.461549e-16   384
  1.643487e+00   4.028717e-15   6.128984e-04   1.782686e-16   576
  1.646222e+00   4.098596e-15   3.782503e-04   2.420344e-16   360
  1.648426e+00   3.717924e-15   5.633064e-04   1.294844e-16   828
  1.650804e+00   3.778381e-15   5.017290e-04   2.636307e-16   372
  1.652983e+00   4.129451e-15   7.662364e-04   1.822840e-16   576
  1.655869e+00   4.737260e-15   3.208989e-04   1.973605e-16   636
  1.657926e+00   3.985995e-15   6.186102e-04   1.739053e-16   648
  1.660708e+00   3.424316e-15   5.028625e-04   1.500639e-16   576
  1.662705e+00   4.103118e-15   8.111703e-04   1.934539e-16   528
  1.665361e+00   4.134284e-15   3.468088e-04   2.878251e-16   360
  1.667559e+00   3.624344e-15   7.977902e-04   1.472802e-16   672
  1.670430e+00   3.684525e-15   4.086413e-04   1.475275e-16   804
  1.672819e+00   4.316590e-15   4.507802e-04   2.428985e-16   408
  1.675462e+00   4.564030e-15   2.786312e-04   3.058721e-16   384
  1.677241e+00   3.076775e-15   6.376152e-04   1.679364e-16   480
  1.679752e+00   4.014547e-15   4.119929e-04   2.337124e-16   432
  1.682159e+00   3.724708e-15   7.592150e-04   1.555371e-16   648
  1.685009e+00   3.700692e-15   4.710893e-04   1.533599e-16   624
  1.687093e+00   3.962554e-15   4.284955e-04   2.132028e-16   456
  1.689940e+00   3.398712e-15   5.853629e-04   1.524545e-16   588
  1.691847e+00   3.098282e-15   3.734591e-04   1.355369e-16   600
  1.694632e+00   3.532564e-15   5.825046e-04   1.531072e-16   708
  1.696832e+00   3.768868e-15   3.669667e-04   2.369551e-16   360
  1.699263e+00   3.784205e-15   4.218379e-04   1.724356e-16   552
  1.701593e+00   3.234695e-15   2.959293e-04   1.648012e-16   288
  1.703959e+00   3.373313e-15   5.564280e-04   1.491981e-16   528
  1.706182e+00   4.052307e-15   3.753920e-04   2.198273e-16   456
  1.708665e+00   3.437184e-15   6.656515e-04   1.559742e-16   608
  1.711163e+00   3.006225e-15   3.220496e-04   1.261380e-16   504
  1.713892e+00   2.836678e-15   6.914223e-04   1.293000e-16   540
  1.716032e+00   3.899493e-15   7.422222e-04   2.303621e-16   360
  1.718339e+00   3.486090e-15   3.361162e-04   1.904204e-16   540
  1.720380e+00   3.188506e-15   2.885957e-04   1.426334e-16   576
  1.723347e+00   3.079051e-15   6.691555e-04   1.477446e-16   588
  1.726168e+00   2.883557e-15   9.232326e-04   1.278869e-16   672
  1.728592e+00   3.674403e-15   7.056345e-04   1.667624e-16   552
  1.730545e+00   3.175621e-15   7.059913e-04   2.583447e-16   144
  1.733038e+00   3.178518e-15   5.998121e-04   1.430558e-16   600
  1.735402e+00   2.832391e-15   7.516955e-04   1.323751e-16   504
  1.738025e+00   2.845702e-15   7.721430e-04   1.825306e-16   336
  1.740784e+00   2.986386e-15   8.678922e-04   1.506834e-16   600
  1.743256e+00   2.997683e-15   5.601092e-04   1.448000e-16   636
  1.745923e+00   2.774250e-15   4.503329e-04   1.395918e-16   384
  1.747793e+00   3.018958e-15   6.281612e-04   1.355392e-16   504
  1.750488e+00   2.891867e-15   2.636304e-04   1.704834e-16   240
  1.752616e+00   3.162407e-15   6.193054e-04   1.284035e-16   744
  1.755168e+00   2.713072e-15   4.228914e-04   1.230801e-16   648
  1.757436e+00   2.925439e-15   2.807279e-04   3.096296e-16   120
  1.760095e+00   2.946522e-15   4.409871e-04   1.374375e-16   564
  1.762103e+00   3.036483e-15   6.925969e-04   1.542898e-16   432
  1.764784e+00   2.506019e-15   5.375921e-04   1.210896e-16   480
  1.766803e+00   2.216479e-15   3.956814e-04   9.815059e-17   456
  1.769186e+00   2.968249e-15   6.547942e-04   1.432098e-16   444
  1.771890e+00   2.356263e-15   1.001870e-03   1.051261e-16   528
  1.774266e+00   3.116242e-15   7.440679e-04   2.035383e-16   264
  1.776571e+00   2.829708e-15   7.625589e-04   1.603979e-16   444
  1.779672e+00   2.894203e-15   8.352712e-04   1.140362e-16   696
  1.782246e+00   2.569797e-15   4.467309e-04   1.340675e-16   384
  1.784129e+00   2.667483e-15   5.644820e-04   1.307017e-16   432
  1.787057e+00   2.586960e-15   3.900306e-04   1.168346e-16   488
  1.788958e+00   2.779854e-15   5.878247e-04   1.366753e-16   480
  1.791714e+00   2.325716e-15   6.555462e-04   1.216519e-16   480
  1.793849e+00   2.597502e-15   2.750471e-04   1.635223e-16   240
  1.796272e+00   2.892578e-15   6.424882e-04   1.360420e-16   600
  1.798559e+00   2.212090e-15   5.598627e-04   1.293852e-16   288
  1.800993e+00   2.808607e-15   5.385469e-04   1.538063e-16   480
  1.803458e+00   2.552381e-15   9.579788e-04   1.270060e-16   504
  1.805885e+00   2.827693e-15   4.110325e-04   1.912212e-16   216
  1.808981e+00   2.325054e-15   6.729256e-04   1.079545e-16   504
  1.811392e+00   2.100702e-15   5.412370e-04   1.055320e-16   456
  1.814031e+00   2.760703e-15   3.104087e-04   1.438007e-16   384
  1.815779e+00   2.561980e-15   6.300174e-04   1.256720e-16   480
  1.818262e+00   2.471000e-15   5.532259e-04   1.226087e-16   504
  1.820564e+00   2.484827e-15   3.509319e-04   1.487557e-16   312
  1.823043e+00   2.538519e-15   5.655148e-04   1.533835e-16   492
  1.825238e+00   2.529349e-15   5.300385e-04   1.766242e-16   312
  1.828064e+00   2.269266e-15   8.610055e-04   1.037510e-16   576
  1.830551e+00   2.414298e-15   7.947777e-04   1.408904e-16   336
  1.832617e+00   1.951429e-15   6.119421e-04   1.242835e-16   240
  1.835481e+00   2.179429e-15   8.112802e-04   1.056120e-16   468
  1.837954e+00   2.191147e-15   5.079787e-04   1.416669e-16   192
  1.840542e+00   2.238806e-15   5.094927e-04   1.206773e-16   324
  1.842439e+00   2.078893e-15   3.697814e-04   9.687395e-17   600
  1.845024e+00   2.235904e-15   5.999324e-04   1.111867e-16   456
  1.846943e+00   2.411727e-15   2.698496e-04   1.558690e-16   336
  1.850125e+00   2.270600e-15   8.080061e-04   9.820534e-17   612
  1.852440e+00   2.152092e-15   6.781139e-04   2.204717e-16   144
  1.854629e+00   2.119783e-15   7.915330e-04   9.384792e-17   552
  1.857606e+00   1.912788e-15   3.117154e-04   1.217647e-16   264
  1.859288e+00   2.328233e-15   7.217008e-04   1.288577e-16   336
  1.861941e+00   2.050517e-15   4.768752e-04   1.127976e-16   384
  1.864242e+00   2.210700e-15   2.684336e-04   1.585662e-16   216
  1.866789e+00   1.912481e-15   5.691346e-04   1.120017e-16   344
  1.869112e+00   2.298951e-15   8.491756e-04   1.244430e-16   408
  1.871942e+00   2.079304e-15   6.525361e-04   1.327655e-16   264
  1.874450e+00   2.066049e-15   9.096676e-04   9.742950e-17   612
  1.876956e+00   2.670227e-15   4.681845e-04   1.594161e-16   408
  1.879533e+00   1.971139e-15   4.688574e-04   1.040598e-16   444
  1.881426e+00   2.131062e-15   2.622284e-04   1.984576e-16   120
  1.883963e+00   2.395363e-15   7.244892e-04   1.269848e-16   336
  1.885846e+00   1.975303e-15   2.517571e-04   1.273229e-16   288
  1.888390e+00   2.111067e-15   7.834725e-04   9.286773e-17   552
  1.891889e+00   1.774170e-15   0.000000e+00   2.016781e-16   72
  1.893687e+00   1.645548e-15   7.781878e-04   7.218203e-17   504
  1.895788e+00   1.508935e-15   2.504133e-04   1.061790e-16   216
  1.898511e+00   1.727164e-15   4.470956e-04   1.119461e-16   312
  1.900954e+00   1.604530e-15   5.090887e-04   9.649375e-17   336
  1.903283e+00   1.964781e-15   7.056539e-04   1.421023e-16   204
  1.905603e+00   2.157662e-15   8.200772e-04   1.039686e-16   504
  1.908063e+00   2.131211e-15   7.809491e-04   1.279354e-16   396
  1.910429e+00   2.198534e-15   7.161711e-04   1.868442e-16   312
  1.913297e+00   2.379697e-15   4.376572e-04   1.777391e-16   216
  1.915318e+00   1.813993e-15   2.375249e-04   1.387733e-16   168
  1.917774e+00   1.838047e-15   5.997637e-04   8.192352e-17   588
  1.920576e+00   1.504549e-15   8.141090e-04   1.070049e-16   240
  1.922754e+00   1.767439e-15   7.189946e-04   1.421443e-16   264
  1.925307e+00   1.586668e-15   8.891848e-04   1.055730e-16   288
  1.927573e+00   1.719486e-15   4.440219e-04   1.111068e-16   288
  1.930444e+00   1.801261e-15   4.170072e-04   1.080656e-16   288
  1.932378e+00   1.409486e-15   4.830681e-04   1.001752e-16   192
  1.934810e+00   1.563828e-15   5.140329e-04   1.050575e-16   264
  1.937128e+00   2.119692e-15   8.455129e-04   1.149159e-16   372
  1.939621e+00   2.237921e-15   9.131904e-04   1.622847e-16   360
  1.942665e+00   2.089201e-15   3.864708e-04   1.914780e-16   144
  1.944239e+00   1.361643e-15   5.367910e-04   9.348333e-17   296
  1.946722e+00   1.421188e-15   5.783646e-04   8.970820e-17   288
  1.949565e+00   1.608996e-15   8.643513e-04   8.304240e-17   480
  1.952017e+00   1.466258e-15   7.181934e-04   1.113261e-16   192
  1.954402e+00   1.618351e-15   7.703604e-04   1.180113e-16   192
  1.956569e+00   1.732901e-15   4.909597e-04   1.369392e-16   288
  1.959584e+00   1.284782e-15   4.273737e-04   1.903728e-16   108
  1.961102e+00   1.549999e-15   4.108675e-04   1.115879e-16   240
  1.963784e+00   1.446254e-15   7.664829e-04   7.167944e-17   384
  1.966538e+00   1.690249e-15   9.350223e-04   1.755988e-16   108
  1.968974e+00   2.188763e-15   5.482209e-04   1.280589e-16   348
  1.971535e+00   1.674853e-15   5.721449e-04   1.001552e-16   312
  1.973823e+00   1.490826e-15   5.559587e-04   1.784794e-16   96
  1.975926e+00   1.362239e-15   7.401586e-04   7.663149e-17   384
  1.978282e+00   1.535748e-15   5.090793e-04   1.664865e-16   144
  1.980586e+00   1.526578e-15   7.822228e-04   8.266676e-17   408
  1.983451e+00   1.402783e-15   3.489266e-04   9.284086e-17   144
  1.986157e+00   1.686287e-15   6.708152e-04   2.023751e-16   192
  1.987762e+00   1.385770e-15   7.550148e-04   9.641418e-17   144
  1.990378e+00   1.376849e-15   6.138549e-04   1.502573e-16   144
  1.992846e+00   1.460223e-15   7.502301e-04   9.303188e-17   336
  1.995869e+00   1.259728e-15   5.550751e-04   7.554002e-17   240
  1.997786e+00   1.498045e-15   2.520547e-04   1.536645e-16   96
  2.000459e+00   1.708334e-15   7.391551e-04   1.055337e-16   372
  2.003163e+00   1.264478e-15   8.792091e-04   1.145710e-16   132
  2.005538e+00   1.248218e-15   5.440441e-04   7.159723e-17   264
  2.007663e+00   1.890865e-15   4.178011e-04   1.720708e-16   168
  2.009931e+00   1.567126e-15   6.679837e-04   1.124893e-16   216
  2.011935e+00   1.483776e-15   4.086808e-04   1.092687e-16   216
  2.014852e+00   1.190407e-15   7.497591e-04   1.325718e-16   96
  2.017500e+00   1.586413e-15   4.891494e-04   2.149329e-16   120
  2.019928e+00   1.388608e-15   6.218465e-04   9.750009e-17   216
  2.021928e+00   1.308067e-15   2.717490e-04   8.944495e-17   200
  2.024576e+00   1.387817e-15   7.034415e-04   9.230478e-17   288
  2.027972e+00   9.778106e-16   1.850891e-04   7.086521e-17   144
  2.029402e+00   1.226289e-15   5.759860e-04   1.012008e-16   168
  2.032323e+00   1.594644e-15   6.482186e-04   1.344341e-16   159
  2.034603e+00   1.164273e-15   6.801371e-04   9.682108e-17   174
  2.036809e+00   1.143968e-15   6.167246e-04   9.589881e-17   144
  2.039698e+00   1.320547e-15   3.561139e-04   8.893841e-17   222
  2.041630e+00   1.037211e-15   3.593504e-04   7.013898e-17   168
  2.044967e+00   1.311880e-15   7.881934e-04   2.055941e-16   30
  2.046346e+00   1.061531e-15   6.959169e-04   1.069282e-16   72
  2.048942e+00   9.957823e-16   6.210975e-04   6.924232e-17   258
  2.051797e+00   1.194508e-15   3.890094e-04   7.082038e-17   264
  2.053225e+00   1.121002e-15   4.195079e-08   1.317243e-16   72
  2.056199e+00   1.112640e-15   7.710330e-04   1.267561e-16   174
  2.058892e+00   1.221289e-15   8.210077e-04   9.085282e-17   168
  2.061058e+00   6.887407e-16   2.568951e-08   6.164637e-17   48
  2.063382e+00   1.193197e-15   4.636424e-04   1.125476e-16   150
  2.066077e+00   1.222846e-15   8.529035e-04   8.355460e-17   168
  2.068780e+00   1.108768e-15   5.195492e-04   8.825762e-17   144
  2.071265e+00   1.201688e-15   4.853772e-04   1.331841e-16   102
  2.073116e+00   9.699596e-16   7.184416e-04   1.169656e-16   96
  2.076053e+00   6.950011e-16   7.130050e-04   6.467943e-17   120
  2.078228e+00   7.580120e-16   7.647166e-04   5.163082e-17   168
  2.080580e+00   1.473002e-15   5.646827e-04   1.374326e-16   126
  2.082585e+00   1.149554e-15   4.258836e-04   9.427350e-17   168
  2.085346e+00   9.178146e-16   6.829049e-04   8.608812e-17   72
  2.087759e+00   8.399879e-16   8.551492e-04   6.352744e-17   168
  2.089873e+00   1.231042e-15   2.344384e-04   1.686322e-16   78
  2.092770e+00   6.719571e-16   3.849304e-04   8.941005e-17   60
  2.095103e+00   1.151085e-15   6.244194e-04   1.029456e-16   96
  2.097522e+00   9.660039e-16   7.576810e-04   7.658487e-17   168
  2.099796e+00   8.768865e-16   4.794311e-04   8.722125e-17   86
  2.102181e+00   1.009902e-15   4.284977e-04   7.853178e-17   120
  2.105600e+00   7.650617e-16   3.055758e-04   6.710834e-17   168
  2.107444e+00   7.902497e-16   0.000000e+00   1.314005e-16   48
  2.109928e+00   9.878516e-16   5.567259e-04   8.651323e-17   120
  2.111355e+00   8.809749e-16   4.061540e-04   8.153671e-17   126
  2.114838e+00   9.861021e-16   7.143116e-04   9.841837e-17   96
  2.117099e+00   8.639037e-16   2.059722e-04   8.726113e-17   96
  2.118882e+00   9.760530e-16   2.422030e-08   1.025905e-16   72
  2.122681e+00   1.112572e-15   2.568951e-08   2.094542e-16   24
  2.125052e+00   9.267137e-16   4.238860e-04   9.491916e-17   120
  2.126902e+00   7.843847e-16   6.183193e-04   7.165505e-17   126
  2.128959e+00   6.433118e-16   5.154529e-04   7.077700e-17   96
  2.131362e+00   5.545404e-16   8.908530e-04   5.244631e-17   72
  2.134038e+00   8.282470e-16   3.853239e-04   8.409156e-17   144
  2.136239e+00   7.545351e-16   2.222458e-04   8.502421e-17   72
  2.138438e+00   9.748154e-16   4.439042e-04   1.049695e-16   54
  2.140373e+00   8.856399e-16   3.911854e-04   9.058420e-17   108
  2.144395e+00   8.269110e-16   3.834628e-04   6.544109e-17   72
  2.145647e+00   9.062355e-16   2.212712e-04   9.308301e-17   72
  2.148618e+00   1.616381e-15   4.449553e-08   2.361702e-16   24
  2.151428e+00   3.655182e-16   4.681088e-04   4.439201e-17   48
  2.153135e+00   8.924846e-16   3.565781e-04   1.133632e-16   102
  2.155704e+00   7.320430e-16   8.064314e-04   4.741599e-17   168
  2.159060e+00   6.810612e-16   4.398088e-04   7.441021e-17   72
  2.160304e+00   7.802780e-16   0.000000e+00   9.292261e-17   48
  2.162913e+00   8.745005e-16   7.564979e-04   9.299763e-17   120
  2.166356e+00   6.499795e-16   4.648832e-04   6.893510e-17   96
  2.169608e+00   7.240385e-16   4.110321e-08   1.463307e-16   30
  2.173472e+00   9.840580e-16   2.184227e-04   1.319450e-16   72
  2.175171e+00   5.462366e-16   2.568951e-08   1.224149e-16   24
  2.177352e+00   5.842753e-16   3.237565e-04   8.140584e-17   56
  2.179796e+00   5.325239e-16   4.620169e-04   5.160393e-17   96
  2.182720e+00   6.802551e-16   5.101796e-04   5.694182e-17   144
  2.184974e+00   6.770267e-16   2.896600e-04   7.082704e-17   54
  2.188250e+00   7.690330e-16   4.339413e-04   6.898286e-17   108
  2.191546e+00   5.579030e-16   2.297699e-04   7.418278e-17   48
  2.194683e+00   1.009570e-15   8.651572e-04   1.096787e-16   72
  2.202213e+00   6.036992e-16   5.716121e-04   6.531536e-17   78
  2.204299e+00   7.132639e-16   4.307814e-04   7.225606e-17   72
  2.206734e+00   4.093563e-16   4.302466e-04   5.001590e-17   72
  2.209281e+00   8.198767e-16   1.038232e-03   8.379889e-17   96
  2.211293e+00   6.815940e-16   4.293597e-04   6.238947e-17   72
  2.213721e+00   5.404367e-16   0.000000e+00   8.654028e-17   24
  2.216146e+00   5.951164e-16   8.567808e-04   7.105261e-17   72
  2.221623e+00   6.495912e-16   5.440820e-04   1.041150e-16   30
  2.222801e+00   8.764451e-16   0.000000e+00   1.878506e-16   24
  2.229135e+00   6.812010e-16   4.517907e-04   1.089907e-16   48
  2.231122e+00   6.665201e-16   9.722532e-04   5.585772e-17   120
  2.233799e+00   5.821961e-16   4.250917e-04   7.137078e-17   72
  2.236502e+00   8.332904e-16   4.245777e-04   1.125823e-16   36
  2.238360e+00   6.691428e-16   8.391632e-04   6.116309e-17   78
  2.243546e+00   8.851345e-16   4.488887e-04   1.510165e-16   48
  2.250269e+00   6.934262e-16   3.633045e-08   1.264586e-16   24
  2.255059e+00   5.313718e-16   3.125970e-04   7.254664e-17   56
  2.257471e+00   6.507850e-16   4.810277e-04   5.753721e-17   102
  2.260539e+00   8.773431e-16   3.425268e-08   8.902755e-17   72
  2.262321e+00   8.335695e-16   2.568951e-08   2.059216e-16   24
  2.265435e+00   6.024295e-16   4.445516e-04   9.151041e-17   48
  2.271206e+00   9.082030e-16   0.000000e+00   2.130625e-16   24
  2.278290e+00   8.786047e-16   0.000000e+00   1.071547e-16   6
  2.280499e+00   4.786494e-16   0.000000e+00   7.032516e-17   24
  2.281971e+00   4.434735e-16   4.161169e-04   5.209875e-17   72
  2.284659e+00   4.901711e-16   7.763053e-04   6.419055e-17   84
  2.287554e+00   4.033140e-16   0.000000e+00   6.550149e-17   24
  2.288435e+00   6.261189e-16   3.633045e-08   1.114024e-16   24
  2.292831e+00   8.151351e-16   4.449553e-08   1.089218e-16   24
  2.298972e+00   6.318976e-16   0.000000e+00   1.102876e-16   6
  2.306844e+00   7.379321e-16   4.365716e-04   1.011317e-16   48
  2.308735e+00   7.196764e-16   8.224294e-04   7.192428e-17   72
  2.311206e+00   4.397441e-16   4.357477e-04   5.285047e-17   48
  2.315124e+00   4.151599e-16   0.000000e+00   6.858790e-17   24
  2.320338e+00   1.496059e-15   0.000000e+00   1.497278e-16   6
  2.332028e+00   1.675021e-16   0.000000e+00   4.404575e-17   8
  2.332891e+00   4.677355e-16   2.568951e-08   5.226998e-17   48
  2.334962e+00   5.616796e-16   4.225843e-04   6.145500e-17   60
  2.338066e+00   4.593839e-16   0.000000e+00   7.921271e-17   24
  2.342369e+00   4.081860e-16   0.000000e+00   1.575099e-16   6
  2.358224e+00   6.747943e-16   0.000000e+00   1.530087e-16   24
  2.359505e+00   6.627186e-16   4.268279e-04   7.737046e-17   48
  2.361638e+00   4.933935e-16   0.000000e+00   8.132115e-17   24
  2.365047e+00   3.141728e-16   0.000000e+00   9.636459e-17   6
  2.384414e+00   4.678481e-16   3.981898e-04   4.893478e-17   36
  2.385821e+00   7.054555e-16   0.000000e+00   8.910806e-17   24
  2.388353e+00   1.216156e-15   0.000000e+00   3.688170e-16   6
  2.410389e+00   6.662440e-16   3.618719e-04   1.234873e-16   32
  2.412268e+00   5.423508e-16   0.000000e+00   7.852969e-17   6
  2.435949e+00   8.011294e-16   0.000000e+00   1.101299e-16   12
  2.436776e+00   3.813903e-16   0.000000e+00   9.960186e-17   6
  2.461858e+00   8.794079e-16   0.000000e+00   4.529980e-16   6
