# power spectrum of zeta (dimensionless)
# redshift z=9.995300
# k              Pk             sigma(k)       sigma(Pk)      count
  4.487990e-03   3.578703e-17   0.000000e+00   8.629416e-18   6
  6.346976e-03   1.850864e-16   0.000000e+00   5.419199e-17   12
  7.773426e-03   4.935948e-16   8.514949e-11   1.848446e-16   8
  8.975979e-03   6.379472e-16   0.000000e+00   4.811891e-17   6
  1.003545e-02   5.889306e-16   1.605594e-10   7.629599e-17   24
  1.099328e-02   9.681729e-16   1.605594e-10   2.493823e-16   24
  1.269395e-02   2.003840e-15   0.000000e+00   5.808004e-16   12
  1.346397e-02   2.103798e-15   1.816523e-10   3.374648e-16   30
  1.419227e-02   1.589607e-15   0.000000e+00   1.847816e-16   24
  1.488498e-02   2.178440e-15   2.780971e-10   3.701582e-16   24
  1.554685e-02   4.183069e-15   1.702990e-10   7.321715e-16   8
  1.618168e-02   2.664386e-15   2.270653e-10   3.849619e-16   24
  1.679252e-02   2.708702e-15   0.000000e+00   3.283475e-16   48
  1.795196e-02   1.964329e-15   0.000000e+00   7.397081e-17   6
  1.850445e-02   3.295637e-15   2.270653e-10   4.419601e-16   48
  1.904093e-02   2.720252e-15   2.140792e-10   2.755730e-16   36
  1.956269e-02   3.765297e-15   2.270653e-10   7.846326e-16   24
  2.007090e-02   4.146331e-15   3.211188e-10   4.483789e-16   24
  2.056655e-02   4.359106e-15   0.000000e+00   6.641704e-16   48
  2.105054e-02   3.454917e-15   3.211188e-10   5.955133e-16   24
  2.198657e-02   5.483931e-15   3.211188e-10   8.798181e-16   24
  2.243995e-02   2.647496e-15   0.000000e+00   3.602025e-16   30
  2.288435e-02   4.748028e-15   0.000000e+00   5.754497e-16   72
  2.332028e-02   2.468681e-15   3.405980e-10   2.982585e-16   32
  2.416856e-02   3.441128e-15   0.000000e+00   3.419296e-16   72
  2.458173e-02   4.184618e-15   0.000000e+00   3.693563e-16   48
  2.538790e-02   6.643531e-15   0.000000e+00   1.953029e-15   12
  2.578154e-02   4.722841e-15   0.000000e+00   5.614944e-16   48
  2.616925e-02   5.303783e-15   0.000000e+00   8.742545e-16   48
  2.655130e-02   5.367898e-15   3.211188e-10   6.004269e-16   48
  2.692794e-02   3.764355e-15   3.633045e-10   4.423845e-16   30
  2.729937e-02   2.550144e-15   0.000000e+00   5.233617e-16   24
  2.766583e-02   4.497011e-15   6.769780e-10   5.828252e-16   72
  2.838454e-02   4.247746e-15   0.000000e+00   5.826640e-16   24
  2.873715e-02   4.311350e-15   0.000000e+00   3.499817e-16   96
  2.908550e-02   4.481344e-15   0.000000e+00   6.284920e-16   48
  2.942972e-02   6.603227e-15   5.561942e-10   1.017267e-15   24
  2.976995e-02   6.533196e-15   5.561942e-10   1.196517e-15   24
  3.010635e-02   4.456532e-15   0.000000e+00   5.765962e-16   72
  3.043903e-02   4.974177e-15   0.000000e+00   5.325397e-16   48
  3.109370e-02   5.684923e-15   3.405980e-10   1.863754e-15   8
  3.141593e-02   6.033602e-15   4.036717e-10   7.990490e-16   54
  3.173488e-02   5.514342e-15   0.000000e+00   5.428212e-16   84
  3.205066e-02   4.224717e-15   0.000000e+00   4.848077e-16   48
  3.236335e-02   5.296346e-15   4.541306e-10   9.841385e-16   24
  3.267306e-02   5.350925e-15   6.055075e-10   5.454507e-16   72
  3.297985e-02   4.278949e-15   0.000000e+00   4.300382e-16   96
  3.358504e-02   5.778690e-15   0.000000e+00   7.819825e-16   48
  3.388358e-02   5.009244e-15   0.000000e+00   4.800412e-16   48
  3.417951e-02   5.069120e-15   0.000000e+00   9.873563e-16   24
  3.447290e-02   4.678133e-15   0.000000e+00   4.659950e-16   72
  3.505232e-02   4.454319e-15   0.000000e+00   6.401172e-16   72
  3.533846e-02   5.043549e-15   0.000000e+00   4.467390e-16   96
  3.590392e-02   9.302192e-15   0.000000e+00   1.816081e-15   6
  3.618333e-02   5.202491e-15   0.000000e+00   4.945224e-16   96
  3.646060e-02   5.014177e-15   4.541306e-10   4.749219e-16   96
  3.673578e-02   6.629928e-15   0.000000e+00   1.314566e-15   24
  3.700891e-02   6.120673e-15   4.541306e-10   7.897865e-16   48
  3.728004e-02   6.013793e-15   0.000000e+00   6.153160e-16   96
  3.754921e-02   5.475918e-15   0.000000e+00   6.493078e-16   48
  3.808185e-02   6.635389e-15   4.281585e-10   7.974057e-16   36
  3.834540e-02   4.759680e-15   7.865773e-10   6.903475e-16   48
  3.860715e-02   5.470406e-15   8.899106e-10   5.164335e-16   120
  3.886713e-02   5.133444e-15   0.000000e+00   8.143486e-16   56
  3.912539e-02   4.689907e-15   4.541306e-10   8.427071e-16   24
  3.938195e-02   7.150931e-15   0.000000e+00   7.425104e-16   96
  3.963685e-02   5.822798e-15   0.000000e+00   6.899706e-16   48
  4.014180e-02   5.086213e-15   6.422377e-10   9.726570e-16   24
  4.039191e-02   5.329941e-15   0.000000e+00   4.565441e-16   102
  4.064047e-02   6.355148e-15   4.541306e-10   8.663330e-16   48
  4.088753e-02   6.524740e-15   0.000000e+00   9.081092e-16   72
  4.113310e-02   6.802609e-15   0.000000e+00   8.838412e-16   48
  4.137722e-02   5.937797e-15   0.000000e+00   8.088389e-16   48
  4.161990e-02   7.563084e-15   1.027580e-09   6.740845e-16   120
  4.210107e-02   8.745233e-15   6.422377e-10   1.519356e-15   24
  4.233961e-02   8.043192e-15   6.055075e-10   5.939323e-16   144
  4.257681e-02   5.679193e-15   7.266090e-10   6.302502e-16   120
  4.281269e-02   4.778495e-15   6.422377e-10   4.813996e-16   48
  4.328060e-02   4.561046e-15   6.422377e-10   5.437470e-16   48
  4.351267e-02   7.052421e-15   6.422377e-10   6.841076e-16   96
  4.412543e-02   5.901094e-15   1.076845e-04   6.066753e-16   72
  4.442883e-02   6.932466e-15   5.708779e-10   5.923189e-16   108
  4.465493e-02   6.905114e-15   0.000000e+00   7.925703e-16   72
  4.487990e-02   3.731096e-15   0.000000e+00   5.587025e-16   30
  4.510374e-02   6.078170e-15   0.000000e+00   5.049135e-16   168
  4.532647e-02   8.376605e-15   0.000000e+00   9.722811e-16   48
  4.576869e-02   7.444775e-15   0.000000e+00   8.805572e-16   72
  4.598821e-02   7.279512e-15   0.000000e+00   8.345686e-16   96
  4.620668e-02   7.065441e-15   1.211015e-09   8.103440e-16   72
  4.642412e-02   6.659097e-15   0.000000e+00   5.592197e-16   72
  4.678970e-02   8.077381e-15   9.942967e-05   6.601819e-16   104
  4.707043e-02   5.737703e-15   8.563169e-10   4.534098e-16   144
  4.770798e-02   5.567262e-15   1.436087e-09   4.555331e-16   96
  4.791862e-02   6.467072e-15   0.000000e+00   5.486297e-16   96
  4.825361e-02   7.792223e-15   1.022910e-04   6.120234e-16   120
  4.854503e-02   6.793604e-15   0.000000e+00   6.411228e-16   120
  4.875204e-02   6.086516e-15   0.000000e+00   6.738665e-16   72
  4.916346e-02   5.208962e-15   0.000000e+00   5.053208e-16   48
  4.936788e-02   5.965429e-15   1.117860e-09   6.930770e-16   78
  4.962939e-02   7.480734e-15   9.159181e-05   6.003419e-16   168
  5.017725e-02   6.488474e-15   1.048770e-09   5.183808e-16   144
  5.037756e-02   6.757942e-15   8.563169e-10   4.924935e-16   144
  5.095853e-02   7.950086e-15   5.274950e-05   6.352402e-16   156
  5.117095e-02   5.804618e-15   1.112388e-09   1.048484e-15   48
  5.136739e-02   5.092176e-15   7.266090e-10   4.165038e-16   120
  5.156307e-02   7.767032e-15   0.000000e+00   1.676168e-15   48
  5.190908e-02   6.183969e-15   8.074274e-05   3.702543e-16   216
  5.233850e-02   5.102815e-15   0.000000e+00   6.817215e-16   48
  5.253057e-02   7.275480e-15   6.422377e-10   7.910741e-16   96
  5.280366e-02   6.375518e-15   9.436050e-05   4.411191e-16   168
  5.310261e-02   7.509640e-15   6.422377e-10   1.076868e-15   48
  5.329192e-02   5.647561e-15   0.000000e+00   5.798708e-16   96
  5.348057e-02   6.586748e-15   0.000000e+00   7.935070e-16   48
  5.385587e-02   5.214363e-15   7.266090e-10   6.557556e-16   30
  5.404255e-02   7.269507e-15   0.000000e+00   8.515747e-16   96
  5.426566e-02   6.422474e-15   7.415896e-05   3.472439e-16   240
  5.455256e-02   5.155349e-15   8.000683e-05   9.527324e-16   32
  5.478289e-02   5.829614e-15   0.000000e+00   4.790811e-16   168
  5.496642e-02   6.589198e-15   0.000000e+00   5.870691e-16   120
  5.533165e-02   6.908838e-15   1.353956e-09   7.740459e-16   72
  5.551336e-02   6.853289e-15   6.055075e-10   5.005534e-16   144
  5.569449e-02   5.267308e-15   0.000000e+00   4.437991e-16   96
  5.587502e-02   5.882754e-15   0.000000e+00   5.648719e-16   96
  5.623435e-02   5.854574e-15   0.000000e+00   5.765220e-16   72
  5.641315e-02   6.113861e-15   9.082613e-10   6.132617e-16   96
  5.676908e-02   7.572452e-15   0.000000e+00   1.042557e-15   24
  5.694620e-02   6.105032e-15   0.000000e+00   4.094270e-16   192
  5.715479e-02   5.851711e-15   6.789523e-05   5.394955e-16   132
  5.747431e-02   7.774992e-15   0.000000e+00   1.104961e-15   96
  5.764927e-02   7.068499e-15   0.000000e+00   5.479937e-16   96
  5.782370e-02   6.824386e-15   7.266090e-10   6.297327e-16   120
  5.817099e-02   7.542966e-15   0.000000e+00   9.290588e-16   48
  5.845566e-02   6.983984e-15   8.228355e-05   4.574462e-16   222
  5.868808e-02   7.774312e-15   0.000000e+00   5.428286e-16   120
  5.885943e-02   5.105416e-15   1.112388e-09   1.256981e-15   24
  5.910891e-02   7.157857e-15   8.492858e-05   4.054540e-16   312
  5.965251e-02   6.791123e-15   7.962394e-05   7.973023e-16   72
  5.987725e-02   6.657697e-15   1.112388e-09   7.379668e-16   96
  6.010802e-02   6.524108e-15   8.108596e-05   4.880900e-16   192
  6.037972e-02   5.616853e-15   1.027580e-09   5.639444e-16   120
  6.054629e-02   5.900089e-15   0.000000e+00   4.820025e-16   144
  6.087805e-02   6.930438e-15   0.000000e+00   9.770584e-16   48
  6.111387e-02   5.569508e-15   8.153477e-05   3.287199e-16   336
  6.137233e-02   6.778631e-15   0.000000e+00   9.882649e-16   48
  6.169965e-02   7.224299e-15   0.000000e+00   4.752818e-16   192
  6.186267e-02   4.554318e-15   0.000000e+00   6.850181e-16   48
  6.232604e-02   5.633885e-15   5.659583e-05   7.076118e-16   56
  6.255643e-02   7.109871e-15   7.268827e-05   3.648491e-16   336
  6.283185e-02   6.559615e-15   8.073433e-10   1.115326e-15   54
  6.307177e-02   6.025288e-15   7.983781e-05   3.834662e-16   240
  6.356985e-02   6.324822e-15   7.644534e-05   3.966722e-16   228
  6.378632e-02   6.240128e-15   8.563169e-10   6.721883e-16   72
  6.399644e-02   6.158438e-15   7.415385e-05   5.498427e-16   144
  6.425823e-02   6.893632e-15   0.000000e+00   8.625670e-16   96
  6.441477e-02   5.674119e-15   1.027580e-09   3.466420e-16   240
  6.472671e-02   8.825846e-15   9.082613e-10   1.481518e-15   24
  6.492641e-02   7.046888e-15   7.003773e-05   3.662218e-16   336
  6.519181e-02   7.039236e-15   0.000000e+00   7.487440e-16   72
  6.543408e-02   7.552261e-15   7.617900e-05   5.099365e-16   168
  6.565363e-02   6.878262e-15   0.000000e+00   6.517394e-16   72
  6.595971e-02   6.217720e-15   0.000000e+00   4.218022e-16   96
  6.619675e-02   7.275276e-15   7.560752e-05   4.983413e-16   216
  6.641618e-02   5.174649e-15   0.000000e+00   4.514945e-16   96
  6.671876e-02   4.857700e-15   9.082613e-10   3.723803e-16   192
  6.686954e-02   5.533056e-15   8.563169e-10   4.395888e-16   144
  6.717008e-02   6.280341e-15   0.000000e+00   6.859740e-16   48
  6.737816e-02   5.541397e-15   7.289453e-05   3.478940e-16   246
  6.766089e-02   6.760536e-15   6.720992e-05   6.002504e-16   168
  6.791561e-02   6.703746e-15   1.779821e-09   5.530118e-16   120
  6.806373e-02   5.679864e-15   0.000000e+00   3.618796e-16   240
  6.835902e-02   4.768332e-15   0.000000e+00   7.074571e-16   24
  6.859430e-02   6.383699e-15   7.194229e-05   3.081378e-16   360
  6.888731e-02   5.814369e-15   7.163615e-05   5.678088e-16   120
  6.909172e-02   4.509243e-15   0.000000e+00   3.401376e-16   144
  6.923733e-02   6.103019e-15   0.000000e+00   5.737581e-16   96
  6.967233e-02   5.519174e-15   0.000000e+00   4.259789e-16   144
  6.981673e-02   5.089985e-15   0.000000e+00   4.656249e-16   132
  7.001966e-02   5.500002e-15   7.070381e-05   4.283011e-16   176
  7.031425e-02   5.886255e-15   7.139661e-05   3.204545e-16   312
  7.067693e-02   5.564549e-15   0.000000e+00   6.383049e-16   96
  7.081928e-02   5.152376e-15   0.000000e+00   3.761591e-16   144
  7.103769e-02   6.366371e-15   7.068048e-05   3.139690e-16   312
  7.138584e-02   5.694071e-15   0.000000e+00   7.005087e-16   48
  7.152678e-02   6.942790e-15   9.082613e-10   4.863145e-16   192
  7.180783e-02   7.553111e-15   0.000000e+00   1.511760e-15   6
  7.199456e-02   5.712101e-15   6.592151e-05   3.446508e-16   288
  7.229701e-02   6.252451e-15   6.965036e-05   4.820066e-16   192
  7.250569e-02   5.422886e-15   2.136030e-09   3.542979e-16   216
  7.264446e-02   5.603361e-15   0.000000e+00   6.070658e-16   72
  7.299019e-02   6.767348e-15   6.898890e-05   4.369945e-16   192
  7.321980e-02   5.792841e-15   5.122797e-05   3.299856e-16   288
  7.347155e-02   6.640762e-15   0.000000e+00   9.212091e-16   24
  7.366606e-02   5.351923e-15   6.748859e-05   2.390843e-16   456
  7.401782e-02   5.065910e-15   0.000000e+00   5.914933e-16   48
  7.423517e-02   5.496319e-15   6.647357e-05   3.400046e-16   240
  7.448497e-02   5.102115e-15   6.717903e-05   3.778276e-16   216
  7.469503e-02   4.386842e-15   0.000000e+00   5.441162e-16   72
  7.482974e-02   5.903078e-15   2.321067e-09   4.007356e-16   168
  7.521008e-02   5.894584e-15   4.993319e-05   3.460272e-16   288
  7.542338e-02   6.266498e-15   6.607016e-05   4.711474e-16   168
  7.576598e-02   5.654254e-15   0.000000e+00   3.954989e-16   192
  7.589879e-02   4.274215e-15   8.563169e-10   3.386028e-16   144
  7.616371e-02   6.045968e-15   8.563169e-10   7.447444e-16   36
  7.638837e-02   6.172070e-15   6.033611e-05   3.040056e-16   342
  7.660318e-02   5.112344e-15   6.195787e-05   4.806842e-16   144
  7.687931e-02   5.843971e-15   6.497828e-05   3.060563e-16   384
  7.721429e-02   5.715584e-15   1.779821e-09   4.921462e-16   120
  7.738009e-02   5.354395e-15   5.794173e-05   3.372380e-16   264
  7.760459e-02   5.899971e-15   2.872174e-09   5.429479e-16   192
  7.781602e-02   5.379471e-15   6.244329e-05   4.330306e-16   152
  7.799294e-02   6.396019e-15   1.712634e-09   4.561304e-16   144
  7.836508e-02   5.451826e-15   4.041391e-05   3.632233e-16   216
  7.853733e-02   5.879867e-15   5.400376e-05   3.874925e-16   312
  7.884055e-02   5.636686e-15   6.258929e-05   3.887505e-16   240
  7.901921e-02   4.457751e-15   9.082613e-10   5.531431e-16   96
  7.935833e-02   4.700209e-15   5.983988e-05   3.958732e-16   144
  7.956734e-02   4.837273e-15   5.881734e-05   2.185573e-16   456
  7.990638e-02   5.424910e-15   0.000000e+00   4.431139e-16   120
  8.003232e-02   5.892625e-15   0.000000e+00   5.359108e-16   144
  8.028360e-02   4.612885e-15   1.284475e-09   8.137402e-16   24
  8.044470e-02   5.531608e-15   5.653709e-05   2.844205e-16   336
  8.072332e-02   5.516093e-15   6.235271e-05   4.020242e-16   198
  8.098439e-02   4.664882e-15   6.063443e-05   2.202314e-16   432
  8.128095e-02   4.006412e-15   1.816523e-09   4.785132e-16   48
  8.143566e-02   4.912152e-15   5.352971e-05   2.230019e-16   384
  8.171344e-02   5.409332e-15   6.162404e-05   3.860626e-16   144
  8.196515e-02   3.936109e-15   6.118458e-05   2.408908e-16   264
  8.226621e-02   4.368516e-15   0.000000e+00   5.701677e-16   48
  8.246820e-02   4.572105e-15   5.817654e-05   2.707205e-16   276
  8.266310e-02   5.156778e-15   5.273546e-05   3.463426e-16   192
  8.292356e-02   4.522921e-15   5.926306e-05   2.131212e-16   552
  8.323980e-02   3.563377e-15   1.453218e-09   2.618374e-16   120
  8.342777e-02   4.020360e-15   5.998883e-05   2.712485e-16   216
  8.360198e-02   4.999052e-15   1.453218e-09   3.889668e-16   120
  8.391317e-02   5.357771e-15   5.907428e-05   2.956573e-16   408
  8.420215e-02   7.092360e-15   1.284475e-09   1.010028e-15   24
  8.438134e-02   4.489234e-15   5.967566e-05   2.438150e-16   384
  8.463161e-02   3.756481e-15   5.830526e-05   2.183796e-16   240
  8.484893e-02   4.898303e-15   5.873223e-05   3.576381e-16   168
  8.515361e-02   3.892231e-15   0.000000e+00   3.661253e-16   120
  8.535003e-02   4.575978e-15   6.122527e-05   2.513776e-16   350
  8.566942e-02   5.904261e-15   1.007886e-04   3.009472e-16   384
  8.586029e-02   4.160711e-15   0.000000e+00   3.217853e-16   144
  8.621146e-02   4.302026e-15   1.211015e-09   2.538689e-16   288
  8.639482e-02   4.508314e-15   5.769264e-05   2.236347e-16   336
  8.664426e-02   4.870804e-15   5.252436e-05   3.618720e-16   168
  8.679359e-02   4.871619e-15   3.442699e-09   2.450273e-16   336
  8.710244e-02   4.498466e-15   5.451716e-05   2.466715e-16   288
  8.728795e-02   4.842604e-15   5.136910e-05   3.350409e-16   264
  8.760206e-02   4.295061e-15   0.000000e+00   2.995998e-16   240
  8.771695e-02   5.260627e-15   0.000000e+00   5.095054e-16   96
  8.812928e-02   5.137021e-15   6.985852e-05   2.930445e-16   360
  8.832172e-02   5.000486e-15   5.149772e-05   3.675234e-16   168
  8.856486e-02   4.407650e-15   5.613787e-05   2.136097e-16   456
  8.885766e-02   3.626769e-15   1.614687e-09   3.677688e-16   108
  8.902234e-02   3.632222e-15   5.632711e-05   2.598221e-16   264
  8.922780e-02   4.050194e-15   5.025296e-05   2.253447e-16   264
  8.950914e-02   4.063291e-15   4.742099e-05   1.992075e-16   312
  8.985946e-02   3.969489e-15   3.523897e-05   2.535127e-16   270
  9.000628e-02   4.847138e-15   4.474031e-05   3.097299e-16   240
  9.027023e-02   3.906394e-15   5.534940e-05   1.896462e-16   384
  9.043048e-02   4.323269e-15   1.816523e-09   3.076262e-16   192
  9.074177e-02   4.541943e-15   4.441052e-05   3.229550e-16   240
  9.092233e-02   4.160922e-15   5.480976e-05   2.258384e-16   336
  9.126190e-02   4.599120e-15   5.517650e-05   2.054253e-16   480
  9.153738e-02   3.588776e-15   1.211015e-09   4.310302e-16   72
  9.169127e-02   4.464428e-15   5.380211e-05   2.655929e-16   240
  9.190057e-02   4.539918e-15   5.056661e-05   2.734334e-16   312
  9.214050e-02   4.481657e-15   5.465037e-05   3.612428e-16   240
  9.250305e-02   4.142940e-15   4.152014e-05   1.998954e-16   408
  9.264658e-02   3.451707e-15   3.802244e-05   1.827035e-16   336
  9.292709e-02   3.767157e-15   4.827913e-05   2.238539e-16   264
  9.306493e-02   3.387077e-15   0.000000e+00   2.664342e-16   144
  9.344847e-02   3.821124e-15   6.691774e-05   1.561335e-16   464
  9.365053e-02   4.187478e-15   5.321333e-05   3.417073e-16   168
  9.385003e-02   3.841572e-15   4.846574e-05   2.374361e-16   336
  9.421059e-02   4.329837e-15   5.092274e-05   2.063417e-16   414
  9.441384e-02   4.617923e-15   5.300755e-05   3.021208e-16   216
  9.467424e-02   4.710738e-15   1.284475e-09   4.049982e-16   96
  9.478056e-02   4.358877e-15   3.146309e-09   1.925018e-16   384
  9.515300e-02   4.049506e-15   5.290514e-05   1.753682e-16   492
  9.535260e-02   4.002662e-15   5.173669e-05   2.720764e-16   240
  9.557820e-02   3.937856e-15   5.253086e-05   2.353220e-16   312
  9.588974e-02   3.774030e-15   5.251357e-05   2.991208e-16   192
  9.608709e-02   4.001221e-15   5.089201e-05   1.673306e-16   504
  9.634892e-02   4.135118e-15   3.369138e-05   2.317229e-16   408
  9.655507e-02   3.769813e-15   1.032177e-04   2.554486e-16   168
  9.681304e-02   3.752936e-15   4.902931e-05   2.090115e-16   288
  9.702952e-02   3.665190e-15   5.116628e-05   1.984994e-16   288
  9.725127e-02   3.790703e-15   5.146081e-05   1.998792e-16   432
  9.757291e-02   3.943777e-15   4.866478e-05   2.575494e-16   216
  9.774479e-02   3.572065e-15   4.856211e-05   1.946423e-16   360
  9.805077e-02   4.284540e-15   4.739615e-05   2.636142e-16   312
  9.832692e-02   2.392229e-15   0.000000e+00   2.696818e-16   48
  9.848611e-02   3.512827e-15   5.081550e-05   1.551225e-16   432
  9.877120e-02   3.471777e-15   8.476078e-05   1.624077e-16   414
  9.893956e-02   3.493220e-15   1.936190e-09   1.975418e-16   312
  9.925365e-02   3.742692e-15   7.437288e-05   1.677862e-16   528
  9.946561e-02   3.628869e-15   3.903945e-05   2.158604e-16   264
  9.972025e-02   3.909692e-15   4.629008e-05   1.868746e-16   480
  1.000530e-01   3.732711e-15   0.000000e+00   2.169253e-16   288
  1.001967e-01   2.804230e-15   4.973726e-05   1.919844e-16   168
  1.004595e-01   3.736433e-15   7.873394e-05   1.649755e-16   504
  1.007551e-01   4.492366e-15   1.211015e-09   3.469669e-16   144
  1.009411e-01   3.217819e-15   5.056606e-05   1.590638e-16   464
  1.012205e-01   3.536144e-15   7.420855e-05   1.951353e-16   432
  1.013531e-01   3.493457e-15   1.284475e-09   2.209753e-16   192
  1.016957e-01   3.075260e-15   5.501332e-05   1.651285e-16   396
  1.018981e-01   3.562467e-15   4.941713e-05   1.901958e-16   288
  1.021026e-01   2.998128e-15   4.881567e-05   1.599618e-16   336
  1.024293e-01   3.234892e-15   3.091107e-05   1.608023e-16   432
  1.026367e-01   3.503550e-15   8.011717e-05   1.987535e-16   360
  1.028695e-01   3.384557e-15   4.739049e-05   1.635183e-16   384
  1.032001e-01   3.459233e-15   4.183121e-05   2.487203e-16   198
  1.033594e-01   3.160057e-15   4.754848e-05   1.292883e-16   552
  1.036565e-01   3.236772e-15   6.656461e-05   1.487283e-16   432
  1.039045e-01   3.566640e-15   2.542602e-09   2.750363e-16   168
  1.041126e-01   3.058549e-15   8.251578e-05   1.411916e-16   480
  1.043880e-01   4.601311e-15   0.000000e+00   4.698245e-16   120
  1.045119e-01   3.592778e-15   6.739531e-05   2.048430e-16   336
  1.048143e-01   3.342074e-15   4.754634e-05   1.261723e-16   672
  1.051134e-01   2.860376e-15   6.916265e-05   1.369079e-16   528
  1.052527e-01   3.312849e-15   2.076026e-09   2.693482e-16   168
  1.055745e-01   3.151555e-15   7.715047e-05   1.596533e-16   456
  1.057708e-01   2.902231e-15   4.711644e-05   2.564730e-16   168
  1.059747e-01   3.178703e-15   4.703185e-05   1.455999e-16   504
  1.063135e-01   2.971256e-15   6.052278e-05   1.513628e-16   336
  1.065184e-01   3.144326e-15   4.362976e-05   1.894813e-16   312
  1.067457e-01   3.153832e-15   4.262923e-05   1.320472e-16   504
  1.070448e-01   3.031758e-15   2.957734e-05   1.600383e-16   432
  1.071854e-01   2.950334e-15   4.570679e-05   1.618748e-16   312
  1.074777e-01   2.802240e-15   4.685168e-05   1.406421e-16   384
  1.077830e-01   3.001758e-15   3.980594e-05   2.724924e-16   126
  1.079714e-01   2.870005e-15   6.988975e-05   1.524042e-16   492
  1.082121e-01   3.031589e-15   4.476446e-05   1.334364e-16   528
  1.085129e-01   3.046475e-15   4.547108e-05   1.372171e-16   480
  1.086993e-01   2.857653e-15   6.281804e-05   1.322882e-16   432
  1.089692e-01   2.589032e-15   4.939807e-05   1.471306e-16   440
  1.092826e-01   3.215480e-15   2.456546e-05   1.775163e-16   312
  1.094002e-01   2.800191e-15   3.681340e-05   1.349976e-16   480
  1.096414e-01   2.521036e-15   7.207992e-05   1.377830e-16   408
  1.099939e-01   2.908188e-15   4.316772e-05   1.484236e-16   360
  1.101428e-01   3.059256e-15   4.165528e-05   1.424919e-16   408
  1.104187e-01   2.527725e-15   4.238952e-05   1.294535e-16   456
  1.107295e-01   3.269940e-15   4.051394e-05   1.764463e-16   264
  1.109019e-01   2.288446e-15   4.396779e-05   1.351908e-16   384
  1.111530e-01   2.719691e-15   7.402287e-05   1.080054e-16   672
  1.114432e-01   2.542964e-15   4.427524e-05   1.457316e-16   240
  1.116107e-01   2.590622e-15   4.492830e-05   1.565648e-16   264
  1.118470e-01   2.800554e-15   5.541164e-05   1.067553e-16   624
  1.121997e-01   2.276600e-15   0.000000e+00   1.783491e-16   150
  1.123253e-01   2.682788e-15   6.209312e-05   1.136627e-16   600
  1.125901e-01   2.825869e-15   4.285507e-05   1.059779e-16   672
  1.128900e-01   2.999698e-15   4.030821e-05   1.471520e-16   336
  1.130571e-01   2.478213e-15   4.384359e-05   1.250545e-16   408
  1.133240e-01   2.887569e-15   4.374031e-05   1.288373e-16   408
  1.136209e-01   2.677735e-15   2.211745e-05   1.293665e-16   360
  1.138039e-01   2.614945e-15   8.120816e-05   1.293807e-16   456
  1.140250e-01   2.979294e-15   4.416149e-05   1.643569e-16   384
  1.143063e-01   2.188290e-15   4.076666e-05   1.256207e-16   348
  1.144584e-01   2.550668e-15   5.025723e-05   1.061654e-16   576
  1.147440e-01   2.532943e-15   4.138022e-05   1.179831e-16   504
  1.150362e-01   2.761157e-15   5.836440e-05   1.325955e-16   432
  1.152912e-01   2.392415e-15   7.940448e-05   1.019730e-16   576
  1.154731e-01   2.316715e-15   0.000000e+00   1.405249e-16   264
  1.157616e-01   2.159218e-15   6.318613e-05   8.410509e-17   768
  1.160125e-01   2.239553e-15   8.506861e-05   1.629977e-16   240
  1.162120e-01   2.295183e-15   7.502246e-05   1.533440e-16   192
  1.165026e-01   2.468399e-15   5.522570e-05   1.114873e-16   504
  1.167181e-01   2.207061e-15   7.441870e-05   9.861450e-17   590
  1.169248e-01   2.436152e-15   8.338208e-05   1.137864e-16   384
  1.171839e-01   2.157695e-15   6.968286e-05   9.522782e-17   504
  1.174968e-01   2.078976e-15   6.705897e-05   8.100883e-17   648
  1.178003e-01   2.101117e-15   1.821233e-05   8.923400e-17   504
  1.179227e-01   1.938536e-15   4.154576e-05   1.126632e-16   312
  1.181387e-01   2.177112e-15   5.985722e-05   8.428855e-17   576
  1.184353e-01   2.560984e-15   4.165498e-05   1.684967e-16   240
  1.186082e-01   2.214662e-15   4.209035e-05   8.270999e-17   552
  1.188529e-01   2.260078e-15   3.952187e-05   8.836636e-17   600
  1.192015e-01   2.137173e-15   4.827284e-05   9.058502e-17   600
  1.194111e-01   2.330779e-15   7.730513e-05   1.276523e-16   312
  1.196198e-01   2.324736e-15   6.732512e-05   1.106734e-16   480
  1.198806e-01   2.120106e-15   4.200441e-05   8.255390e-17   576
  1.201101e-01   1.980200e-15   6.763622e-05   9.151580e-17   408
  1.203138e-01   2.023369e-15   7.890077e-05   1.567125e-16   216
  1.205770e-01   1.910124e-15   6.042911e-05   7.901438e-17   516
  1.208589e-01   2.093818e-15   5.765552e-05   7.816374e-17   744
  1.211498e-01   1.720663e-15   3.850879e-05   8.459189e-17   462
  1.213141e-01   1.933140e-15   3.913862e-05   9.242891e-17   432
  1.215691e-01   2.085999e-15   3.630965e-05   7.690379e-17   648
  1.218688e-01   1.856534e-15   5.312777e-05   7.849819e-17   528
  1.221096e-01   2.136474e-15   6.397910e-05   9.390623e-17   600
  1.223502e-01   2.001939e-15   8.066092e-05   1.262458e-16   240
  1.225832e-01   1.970312e-15   6.178548e-05   7.236263e-17   720
  1.228540e-01   1.848438e-15   4.888350e-05   7.743791e-17   720
  1.231542e-01   1.522214e-15   0.000000e+00   1.199835e-16   144
  1.233122e-01   1.841504e-15   6.302546e-05   6.630461e-17   720
  1.235369e-01   2.168216e-15   3.779131e-05   1.103052e-16   384
  1.238183e-01   1.935276e-15   4.189367e-05   7.386689e-17   672
  1.240853e-01   1.812308e-15   7.335120e-05   9.667880e-17   336
  1.242128e-01   1.852220e-15   0.000000e+00   1.128354e-16   288
  1.245250e-01   1.933462e-15   5.805257e-05   6.842906e-17   776
  1.248140e-01   1.959854e-15   4.967278e-05   6.946566e-17   720
  1.250567e-01   1.679334e-15   4.001507e-05   7.879900e-17   432
  1.252509e-01   2.054276e-15   5.704653e-05   8.971835e-17   504
  1.254668e-01   2.334745e-15   3.996919e-05   1.066059e-16   528
  1.257690e-01   1.942621e-15   5.445569e-05   9.456713e-17   438
  1.260177e-01   1.828818e-15   6.338144e-05   7.888860e-17   624
  1.262050e-01   2.096930e-15   7.763371e-05   1.228416e-16   312
  1.264626e-01   1.975475e-15   4.182709e-05   7.221358e-17   696
  1.267289e-01   1.646949e-15   3.784594e-05   7.874689e-17   552
  1.270059e-01   1.746886e-15   2.928013e-05   7.678409e-17   516
  1.271773e-01   1.749244e-15   5.848486e-05   7.116176e-17   528
  1.273859e-01   1.679201e-15   3.803430e-05   6.915806e-17   528
  1.276822e-01   1.534011e-15   5.015953e-05   4.802053e-17   864
  1.278834e-01   1.521146e-15   6.870823e-05   8.706376e-17   408
  1.280847e-01   1.438824e-15   6.807282e-05   9.931359e-17   192
  1.283701e-01   1.626394e-15   5.633353e-05   7.486254e-17   720
  1.286110e-01   1.760289e-15   5.194228e-05   6.429078e-17   696
  1.288973e-01   1.597132e-15   5.609815e-05   6.364031e-17   720
  1.291592e-01   1.831683e-15   7.603431e-05   9.197528e-17   432
  1.293119e-01   1.725780e-15   4.475677e-05   9.993133e-17   264
  1.295867e-01   1.685484e-15   6.180712e-05   6.783883e-17   672
  1.298325e-01   1.419765e-15   6.328100e-05   5.914708e-17   600
  1.301242e-01   1.498251e-15   3.705096e-05   9.811744e-17   270
  1.302712e-01   1.554813e-15   5.577202e-05   6.695099e-17   528
  1.305049e-01   1.496446e-15   3.819070e-05   4.813774e-17   840
  1.308254e-01   1.506488e-15   7.302747e-05   4.820457e-17   888
  1.311216e-01   1.500024e-15   5.441084e-05   5.265862e-17   744
  1.313718e-01   1.270331e-15   2.795923e-05   6.142909e-17   456
  1.314963e-01   1.517046e-15   3.820801e-05   7.259760e-17   360
  1.317093e-01   1.652534e-15   3.310510e-05   8.413645e-17   384
  1.320361e-01   1.600850e-15   5.310026e-05   5.681448e-17   816
  1.322813e-01   1.567663e-15   7.704106e-05   5.172145e-17   824
  1.325794e-01   1.691304e-15   3.581235e-05   7.951766e-17   360
  1.327390e-01   1.433477e-15   5.284558e-05   5.843002e-17   624
  1.329587e-01   1.643476e-15   3.571018e-05   8.783913e-17   360
  1.332513e-01   1.556742e-15   4.857633e-05   5.080966e-17   876
  1.335156e-01   1.449549e-15   5.769416e-05   5.907400e-17   696
  1.337821e-01   1.251116e-15   3.725510e-05   7.080017e-17   336
  1.339218e-01   1.196890e-15   3.721324e-05   5.507635e-17   504
  1.341526e-01   1.474725e-15   3.753571e-05   5.309142e-17   672
  1.344950e-01   1.399331e-15   7.472486e-05   5.653168e-17   720
  1.347324e-01   1.376082e-15   5.644666e-05   5.048465e-17   774
  1.349945e-01   1.340830e-15   3.230860e-05   7.184238e-17   384
  1.351318e-01   1.330462e-15   6.217562e-05   5.633678e-17   528
  1.353448e-01   1.290326e-15   5.925683e-05   4.607773e-17   744
  1.356875e-01   1.366786e-15   4.887432e-05   5.256520e-17   768
  1.359150e-01   1.358398e-15   5.486510e-05   5.450765e-17   552
  1.361989e-01   1.346189e-15   5.979675e-05   4.832435e-17   696
  1.364100e-01   1.439024e-15   7.266345e-05   8.029278e-17   408
  1.365777e-01   1.291433e-15   3.139119e-05   5.758375e-17   504
  1.368434e-01   1.239584e-15   5.639309e-05   4.540031e-17   888
  1.371049e-01   1.347608e-15   5.860872e-05   5.229663e-17   648
  1.373767e-01   1.304003e-15   5.810635e-05   5.950062e-17   648
  1.376324e-01   1.206883e-15   6.265289e-05   4.098792e-17   792
  1.379033e-01   1.191620e-15   9.166547e-05   4.657055e-17   600
  1.381028e-01   1.117148e-15   6.212242e-05   4.748176e-17   456
  1.383129e-01   1.414490e-15   3.027582e-05   5.506449e-17   648
  1.385828e-01   1.326150e-15   5.904226e-05   4.047952e-17   936
  1.388741e-01   1.245028e-15   3.625955e-05   6.295624e-17   384
  1.391277e-01   1.187758e-15   0.000000e+00   9.071358e-17   198
  1.393234e-01   1.241895e-15   9.199360e-05   3.819419e-17   1224
  1.395345e-01   1.360603e-15   6.699966e-05   7.014215e-17   420
  1.397842e-01   1.204880e-15   6.484166e-05   4.332061e-17   792
  1.400283e-01   1.253305e-15   5.361851e-05   4.676081e-17   680
  1.403069e-01   1.223508e-15   4.923504e-05   4.610880e-17   600
  1.405311e-01   1.205302e-15   7.140431e-05   3.976775e-17   840
  1.408304e-01   1.104090e-15   3.371380e-05   5.618104e-17   432
  1.409448e-01   1.249320e-15   3.159427e-05   4.519367e-17   720
  1.411934e-01   1.194963e-15   6.327780e-05   3.569543e-17   960
  1.415027e-01   1.177729e-15   5.640753e-05   5.077260e-17   528
  1.417288e-01   1.145279e-15   5.765925e-05   4.093764e-17   624
  1.419978e-01   1.144781e-15   4.531978e-05   3.900024e-17   816
  1.422648e-01   1.131664e-15   7.452934e-05   4.588998e-17   696
  1.425599e-01   1.114677e-15   4.110321e-09   7.520146e-17   240
  1.426709e-01   1.198169e-15   4.395173e-05   4.820315e-17   672
  1.429185e-01   1.008147e-15   7.854802e-05   3.466082e-17   864
  1.431964e-01   9.639993e-16   6.027286e-05   3.883694e-17   816
  1.434467e-01   1.022532e-15   3.449810e-05   4.084183e-17   648
  1.437164e-01   1.047040e-15   3.526335e-05   3.498954e-17   843
  1.439454e-01   1.052390e-15   6.344743e-05   4.022900e-17   780
  1.442182e-01   1.137369e-15   3.404471e-05   7.355666e-17   216
  1.443865e-01   1.064965e-15   8.209510e-05   3.398409e-17   1056
  1.446454e-01   9.911899e-16   6.716301e-05   6.941142e-17   228
  1.448850e-01   1.120196e-15   8.361962e-05   3.443770e-17   924
  1.451311e-01   1.130779e-15   3.101819e-05   3.902654e-17   696
  1.453916e-01   9.981962e-16   5.520350e-05   3.168900e-17   996
  1.456581e-01   9.739462e-16   3.259105e-05   3.897333e-17   576
  1.459354e-01   1.100705e-15   5.030212e-05   4.844883e-17   552
  1.461376e-01   1.018893e-15   6.005898e-05   5.180739e-17   516
  1.463427e-01   9.790847e-16   8.733821e-05   3.549270e-17   744
  1.465771e-01   9.829040e-16   4.284460e-05   4.274243e-17   576
  1.467810e-01   9.555759e-16   4.409794e-05   3.398475e-17   792
  1.470708e-01   9.496571e-16   5.041212e-05   3.381532e-17   792
  1.472831e-01   8.920903e-16   5.436894e-05   3.325631e-17   720
  1.475703e-01   8.608504e-16   6.196809e-05   3.077281e-17   656
  1.478394e-01   9.190497e-16   6.766594e-05   3.373031e-17   816
  1.481153e-01   9.092821e-16   3.648433e-05   4.232019e-17   492
  1.482721e-01   1.013965e-15   5.248529e-05   4.420152e-17   552
  1.485663e-01   9.058374e-16   9.126553e-05   3.622830e-17   780
  1.487575e-01   9.436300e-16   5.606333e-05   4.117578e-17   528
  1.489634e-01   9.204164e-16   6.544296e-05   4.101133e-17   600
  1.492669e-01   9.525638e-16   5.438828e-05   3.106418e-17   900
  1.494760e-01   8.762430e-16   3.011028e-05   3.444885e-17   696
  1.497638e-01   8.461496e-16   7.613501e-05   3.025724e-17   696
  1.500423e-01   8.565460e-16   3.088725e-05   3.720572e-17   552
  1.502764e-01   7.706246e-16   3.591902e-05   2.931869e-17   708
  1.505217e-01   8.874779e-16   5.930435e-05   3.005812e-17   876
  1.507769e-01   8.304995e-16   3.148943e-05   5.919674e-17   216
  1.509481e-01   8.509982e-16   8.612787e-05   2.662798e-17   1032
  1.512046e-01   7.979550e-16   9.589387e-05   3.548616e-17   600
  1.514708e-01   7.775337e-16   4.575699e-05   3.079307e-17   600
  1.516739e-01   8.892875e-16   8.080257e-05   4.009868e-17   528
  1.519139e-01   8.363419e-16   4.435707e-05   3.267988e-17   732
  1.521668e-01   8.303502e-16   3.275367e-05   4.209707e-17   336
  1.524578e-01   7.980164e-16   4.668048e-05   2.846216e-17   912
  1.526754e-01   6.794864e-16   4.685305e-05   2.561414e-17   624
  1.529130e-01   7.683404e-16   3.948208e-05   2.907632e-17   768
  1.531905e-01   7.964794e-16   7.123345e-05   2.860086e-17   792
  1.534628e-01   7.137723e-16   3.531461e-05   2.944253e-17   660
  1.536565e-01   6.743787e-16   5.204174e-05   2.972423e-17   504
  1.538569e-01   6.983568e-16   8.502625e-05   3.547852e-17   480
  1.541572e-01   6.270549e-16   7.863820e-05   2.317687e-17   912
  1.543923e-01   8.034887e-16   8.757583e-05   4.099459e-17   432
  1.546144e-01   7.301798e-16   5.200047e-05   3.359443e-17   564
  1.548116e-01   7.428032e-16   4.977161e-05   3.201259e-17   600
  1.550891e-01   7.313113e-16   6.937691e-05   2.417104e-17   876
  1.552976e-01   8.084369e-16   3.119395e-05   5.741279e-17   264
  1.555851e-01   6.316728e-16   6.052853e-05   3.057800e-17   560
  1.558161e-01   6.541845e-16   4.113044e-05   2.262334e-17   840
  1.560965e-01   6.354250e-16   6.341128e-05   2.091353e-17   1008
  1.563558e-01   7.195554e-16   2.836595e-05   3.212491e-17   456
  1.565927e-01   7.219368e-16   3.674408e-05   2.899822e-17   576
  1.568116e-01   6.568437e-16   5.646120e-05   2.562303e-17   612
  1.571003e-01   6.792769e-16   5.042901e-05   2.756025e-17   780
  1.573359e-01   6.560317e-16   5.778934e-05   2.774471e-17   648
  1.575770e-01   7.599852e-16   2.693058e-05   4.417689e-17   312
  1.577311e-01   6.042335e-16   6.842617e-05   2.750280e-17   528
  1.579980e-01   5.595277e-16   8.936117e-05   2.167145e-17   720
  1.582533e-01   6.374133e-16   8.964102e-05   2.843606e-17   576
  1.585628e-01   6.669278e-16   7.732694e-05   3.140775e-17   444
  1.587554e-01   6.435857e-16   7.583279e-05   2.061402e-17   996
  1.589914e-01   5.408139e-16   6.334320e-05   2.579783e-17   432
  1.592145e-01   5.465970e-16   6.934834e-05   2.713984e-17   504
  1.594071e-01   5.862281e-16   3.126589e-05   2.547724e-17   504
  1.596815e-01   6.302162e-16   6.153164e-05   2.294495e-17   876
  1.599297e-01   5.498897e-16   7.081706e-05   2.533962e-17   504
  1.601882e-01   5.604477e-16   4.516342e-05   2.017019e-17   696
  1.604019e-01   6.311916e-16   3.860998e-05   2.875514e-17   492
  1.606926e-01   5.242140e-16   5.527206e-05   2.593473e-17   432
  1.609079e-01   5.938541e-16   5.175622e-05   2.331359e-17   768
  1.611631e-01   5.528776e-16   6.446933e-05   2.250797e-17   648
  1.614068e-01   5.434628e-16   4.205932e-05   2.493624e-17   456
  1.616868e-01   5.739659e-16   5.783839e-05   2.464442e-17   552
  1.618813e-01   5.059735e-16   3.964248e-05   1.968754e-17   648
  1.621489e-01   4.749190e-16   6.461501e-05   1.614342e-17   840
  1.624104e-01   5.627688e-16   3.081354e-05   2.756914e-17   432
  1.626721e-01   5.434769e-16   3.774132e-05   2.446483e-17   600
  1.628542e-01   4.617011e-16   4.021090e-05   2.223154e-17   432
  1.631600e-01   4.696420e-16   4.003387e-05   1.980646e-17   560
  1.633670e-01   5.435400e-16   6.336941e-05   2.040923e-17   840
  1.636263e-01   5.726589e-16   3.753463e-05   2.775324e-17   504
  1.638323e-01   4.838726e-16   7.660593e-05   1.882238e-17   696
  1.641226e-01   5.541332e-16   4.183943e-05   2.953421e-17   384
  1.643487e-01   4.287559e-16   6.128984e-05   1.837986e-17   576
  1.646222e-01   5.006275e-16   3.782503e-05   2.995671e-17   360
  1.648426e-01   4.482817e-16   5.633064e-05   1.638998e-17   828
  1.650804e-01   4.438262e-16   5.017290e-05   2.216504e-17   372
  1.652983e-01   4.937567e-16   7.662364e-05   2.042428e-17   576
  1.655869e-01   4.646212e-16   3.208989e-05   1.734842e-17   636
  1.657926e-01   4.304107e-16   6.186102e-05   1.743814e-17   648
  1.660708e-01   4.398713e-16   5.028625e-05   1.757725e-17   576
  1.662705e-01   4.348679e-16   8.111703e-05   1.908891e-17   528
  1.665361e-01   3.947908e-16   3.468088e-05   2.058949e-17   360
  1.667559e-01   4.325692e-16   7.977902e-05   1.765221e-17   672
  1.670430e-01   4.385372e-16   4.086413e-05   1.598560e-17   804
  1.672819e-01   4.412636e-16   4.507802e-05   2.134447e-17   408
  1.675462e-01   4.424283e-16   2.786312e-05   2.312375e-17   384
  1.677241e-01   3.886787e-16   6.376152e-05   1.840123e-17   480
  1.679752e-01   4.446384e-16   4.119929e-05   2.180851e-17   432
  1.682159e-01   4.227718e-16   7.592150e-05   1.601958e-17   648
  1.685009e-01   3.913522e-16   4.710893e-05   1.531352e-17   624
  1.687093e-01   4.828762e-16   4.284955e-05   2.509693e-17   456
  1.689940e-01   3.701157e-16   5.853629e-05   1.586400e-17   588
  1.691847e-01   3.565877e-16   3.734591e-05   1.505669e-17   600
  1.694632e-01   4.023694e-16   5.825046e-05   1.538780e-17   708
  1.696832e-01   3.808795e-16   3.669667e-05   2.086639e-17   360
  1.699263e-01   3.812750e-16   4.218379e-05   1.713729e-17   552
  1.701593e-01   3.676481e-16   2.959293e-05   2.492768e-17   288
  1.703959e-01   3.753181e-16   5.564280e-05   1.607023e-17   528
  1.706182e-01   3.621271e-16   3.753920e-05   1.670515e-17   456
  1.708665e-01   4.028608e-16   6.656515e-05   1.604601e-17   608
  1.711163e-01   3.396456e-16   3.220496e-05   1.543279e-17   504
  1.713892e-01   3.222273e-16   6.914223e-05   1.590123e-17   540
  1.716032e-01   3.136632e-16   7.422222e-05   1.711048e-17   360
  1.718339e-01   3.542905e-16   3.361162e-05   1.731596e-17   540
  1.720380e-01   3.451425e-16   2.885957e-05   1.509342e-17   576
  1.723347e-01   3.539523e-16   6.691555e-05   1.467856e-17   588
  1.726168e-01   3.524594e-16   9.232326e-05   1.418354e-17   672
  1.728592e-01   3.338710e-16   7.056345e-05   1.455530e-17   552
  1.730545e-01   3.058859e-16   7.059913e-05   2.576238e-17   144
  1.733038e-01   3.374639e-16   5.998121e-05   1.273401e-17   600
  1.735402e-01   3.040196e-16   7.516955e-05   1.303376e-17   504
  1.738025e-01   3.134904e-16   7.721430e-05   1.754377e-17   336
  1.740784e-01   3.303938e-16   8.678922e-05   1.353174e-17   600
  1.743256e-01   3.223992e-16   5.601092e-05   1.392332e-17   636
  1.745923e-01   2.955011e-16   4.503329e-05   1.725901e-17   384
  1.747793e-01   3.019304e-16   6.281612e-05   1.484271e-17   504
  1.750488e-01   2.528956e-16   2.636304e-05   1.567492e-17   240
  1.752616e-01   3.096563e-16   6.193054e-05   1.046096e-17   744
  1.755168e-01   3.121965e-16   4.228914e-05   1.281317e-17   648
  1.757436e-01   3.177976e-16   2.807279e-05   2.273611e-17   120
  1.760095e-01   2.842822e-16   4.409871e-05   1.041601e-17   564
  1.762103e-01   3.020636e-16   6.925969e-05   1.524144e-17   432
  1.764784e-01   3.198234e-16   5.375921e-05   1.522676e-17   480
  1.766803e-01   2.466580e-16   3.956814e-05   1.278516e-17   456
  1.769186e-01   3.016042e-16   6.547942e-05   1.604895e-17   444
  1.771890e-01   3.007054e-16   1.001870e-04   1.233350e-17   528
  1.774266e-01   2.881743e-16   7.440679e-05   1.817155e-17   264
  1.776571e-01   2.841875e-16   7.625589e-05   1.385229e-17   444
  1.779672e-01   2.751483e-16   8.352712e-05   1.106916e-17   696
  1.782246e-01   2.538575e-16   4.467309e-05   1.297125e-17   384
  1.784129e-01   2.690334e-16   5.644820e-05   1.204636e-17   432
  1.787057e-01   2.924957e-16   3.900306e-05   1.440562e-17   488
  1.788958e-01   2.609445e-16   5.878247e-05   1.168312e-17   480
  1.791714e-01   2.340796e-16   6.555462e-05   1.001598e-17   480
  1.793849e-01   2.502806e-16   2.750471e-05   1.485643e-17   240
  1.796272e-01   2.670822e-16   6.424882e-05   1.150509e-17   600
  1.798559e-01   2.422042e-16   5.598627e-05   1.273198e-17   288
  1.800993e-01   2.818315e-16   5.385469e-05   1.402703e-17   480
  1.803458e-01   2.524509e-16   9.579788e-05   1.078120e-17   504
  1.805885e-01   2.718722e-16   4.110325e-05   1.823670e-17   216
  1.808981e-01   2.562174e-16   6.729256e-05   1.220520e-17   504
  1.811392e-01   2.225949e-16   5.412370e-05   1.025372e-17   456
  1.814031e-01   2.432983e-16   3.104087e-05   1.268959e-17   384
  1.815779e-01   2.514209e-16   6.300174e-05   1.288702e-17   480
  1.818262e-01   2.164162e-16   5.532259e-05   9.124520e-18   504
  1.820564e-01   2.431313e-16   3.509319e-05   1.205888e-17   312
  1.823043e-01   2.402300e-16   5.655148e-05   1.038547e-17   492
  1.825238e-01   2.523679e-16   5.300385e-05   1.450518e-17   312
  1.828064e-01   2.393875e-16   8.610055e-05   9.761183e-18   576
  1.830551e-01   2.276533e-16   7.947777e-05   1.249515e-17   336
  1.832617e-01   2.095901e-16   6.119421e-05   1.182396e-17   240
  1.835481e-01   2.399714e-16   8.112802e-05   1.080231e-17   468
  1.837954e-01   1.902244e-16   5.079787e-05   1.516849e-17   192
  1.840542e-01   2.124366e-16   5.094927e-05   1.226603e-17   324
  1.842439e-01   2.115949e-16   3.697814e-05   8.386588e-18   600
  1.845024e-01   1.704462e-16   5.999324e-05   7.603366e-18   456
  1.846943e-01   1.933195e-16   2.698496e-05   9.152168e-18   336
  1.850125e-01   2.003446e-16   8.080061e-05   7.886434e-18   612
  1.852440e-01   2.086452e-16   6.781139e-05   1.692416e-17   144
  1.854629e-01   2.034016e-16   7.915330e-05   8.738831e-18   552
  1.857606e-01   1.815192e-16   3.117154e-05   1.053948e-17   264
  1.859288e-01   1.883320e-16   7.217008e-05   1.074010e-17   336
  1.861941e-01   2.138816e-16   4.768752e-05   1.056182e-17   384
  1.864242e-01   1.543436e-16   2.684336e-05   9.577176e-18   216
  1.866789e-01   1.764844e-16   5.691346e-05   8.459127e-18   344
  1.869112e-01   1.855576e-16   8.491756e-05   9.014169e-18   408
  1.871942e-01   1.611893e-16   6.525361e-05   1.022076e-17   264
  1.874450e-01   1.526640e-16   9.096676e-05   6.485749e-18   612
  1.876956e-01   1.817373e-16   4.681845e-05   8.477065e-18   408
  1.879533e-01   1.622707e-16   4.688574e-05   8.647644e-18   444
  1.881426e-01   1.807190e-16   2.622284e-05   1.330830e-17   120
  1.883963e-01   1.956615e-16   7.244892e-05   1.283577e-17   336
  1.885846e-01   1.578113e-16   2.517571e-05   7.934037e-18   288
  1.888390e-01   1.741865e-16   7.834725e-05   6.688455e-18   552
  1.891889e-01   1.319400e-16   0.000000e+00   1.181007e-17   72
  1.893687e-01   1.810440e-16   7.781878e-05   7.484663e-18   504
  1.895788e-01   1.445232e-16   2.504133e-05   7.700466e-18   216
  1.898511e-01   1.698616e-16   4.470956e-05   9.507011e-18   312
  1.900954e-01   1.283053e-16   5.090887e-05   7.220061e-18   336
  1.903283e-01   1.645566e-16   7.056539e-05   1.113858e-17   204
  1.905603e-01   1.673449e-16   8.200772e-05   8.107075e-18   504
  1.908063e-01   1.664223e-16   7.809491e-05   8.704744e-18   396
  1.910429e-01   1.589123e-16   7.161711e-05   9.339990e-18   312
  1.913297e-01   1.678449e-16   4.376572e-05   1.147239e-17   216
  1.915318e-01   1.547169e-16   2.375249e-05   1.315792e-17   168
  1.917774e-01   1.630591e-16   5.997637e-05   7.027437e-18   588
  1.920576e-01   1.577107e-16   8.141090e-05   9.142278e-18   240
  1.922754e-01   1.358563e-16   7.189946e-05   7.708570e-18   264
  1.925307e-01   1.450693e-16   8.891848e-05   9.588769e-18   288
  1.927573e-01   1.670540e-16   4.440219e-05   9.475016e-18   288
  1.930444e-01   1.311051e-16   4.170072e-05   7.574594e-18   288
  1.932378e-01   1.681973e-16   4.830681e-05   1.115944e-17   192
  1.934810e-01   1.464374e-16   5.140329e-05   8.980838e-18   264
  1.937128e-01   1.438932e-16   8.455129e-05   7.345522e-18   372
  1.939621e-01   1.405689e-16   9.131904e-05   8.535414e-18   360
  1.942665e-01   1.544192e-16   3.864708e-05   1.469417e-17   144
  1.944239e-01   1.297101e-16   5.367910e-05   6.937514e-18   296
  1.946722e-01   1.221538e-16   5.783646e-05   7.932794e-18   288
  1.949565e-01   1.397579e-16   8.643513e-05   6.659521e-18   480
  1.952017e-01   1.191249e-16   7.181934e-05   9.526984e-18   192
  1.954402e-01   1.473025e-16   7.703604e-05   9.907347e-18   192
  1.956569e-01   1.326082e-16   4.909597e-05   6.696274e-18   288
  1.959584e-01   1.134292e-16   4.273737e-05   1.374399e-17   108
  1.961102e-01   1.153136e-16   4.108675e-05   7.124369e-18   240
  1.963784e-01   1.235085e-16   7.664829e-05   5.724848e-18   384
  1.966538e-01   1.174921e-16   9.350223e-05   1.012196e-17   108
  1.968974e-01   1.166385e-16   5.482209e-05   7.596219e-18   348
  1.971535e-01   1.082619e-16   5.721449e-05   6.631581e-18   312
  1.973823e-01   9.458256e-17   5.559587e-05   8.782592e-18   96
  1.975926e-01   1.256149e-16   7.401586e-05   6.608792e-18   384
  1.978282e-01   1.204164e-16   5.090793e-05   8.295370e-18   144
  1.980586e-01   1.290932e-16   7.822228e-05   6.203575e-18   408
  1.983451e-01   1.227717e-16   3.489266e-05   1.263818e-17   144
  1.986157e-01   1.091253e-16   6.708152e-05   7.682441e-18   192
  1.987762e-01   1.525814e-16   7.550148e-05   1.302884e-17   144
  1.990378e-01   1.124158e-16   6.138549e-05   9.760088e-18   144
  1.992846e-01   1.217291e-16   7.502301e-05   7.727418e-18   336
  1.995869e-01   1.095153e-16   5.550751e-05   7.752338e-18   240
  1.997786e-01   1.186416e-16   2.520547e-05   1.268825e-17   96
  2.000459e-01   1.164706e-16   7.391551e-05   5.990592e-18   372
  2.003163e-01   1.171534e-16   8.792091e-05   9.359754e-18   132
  2.005538e-01   1.034167e-16   5.440441e-05   6.758492e-18   264
  2.007663e-01   1.302880e-16   4.178011e-05   1.017690e-17   168
  2.009931e-01   1.231440e-16   6.679837e-05   7.871759e-18   216
  2.011935e-01   9.516309e-17   4.086808e-05   6.667510e-18   216
  2.014852e-01   8.636388e-17   7.497591e-05   9.735428e-18   96
  2.017500e-01   1.030047e-16   4.891494e-05   8.765707e-18   120
  2.019928e-01   9.928419e-17   6.218465e-05   7.502881e-18   216
  2.021928e-01   9.376294e-17   2.717490e-05   6.634400e-18   200
  2.024576e-01   1.094939e-16   7.034415e-05   6.846962e-18   288
  2.027972e-01   8.507422e-17   1.850891e-05   6.705877e-18   144
  2.029402e-01   1.063877e-16   5.759860e-05   1.248915e-17   168
  2.032323e-01   8.558127e-17   6.482186e-05   7.714705e-18   159
  2.034603e-01   9.654403e-17   6.801371e-05   5.540053e-18   174
  2.036809e-01   8.514963e-17   6.167246e-05   7.268870e-18   144
  2.039698e-01   1.007035e-16   3.561139e-05   6.779262e-18   222
  2.041630e-01   1.051710e-16   3.593504e-05   8.292978e-18   168
  2.044967e-01   1.409977e-16   7.881934e-05   2.979189e-17   30
  2.046346e-01   6.877836e-17   6.959169e-05   8.172449e-18   72
  2.048942e-01   9.587692e-17   6.210975e-05   5.763896e-18   258
  2.051797e-01   9.036311e-17   3.890094e-05   6.190581e-18   264
  2.053225e-01   9.962183e-17   4.195079e-09   1.148116e-17   72
  2.056199e-01   7.067499e-17   7.710330e-05   5.199759e-18   174
  2.058892e-01   9.852040e-17   8.210077e-05   8.553788e-18   168
  2.061058e-01   5.467056e-17   2.568951e-09   7.399978e-18   48
  2.063382e-01   8.304810e-17   4.636424e-05   7.181960e-18   150
  2.066077e-01   1.029512e-16   8.529035e-05   7.840516e-18   168
  2.068780e-01   7.703929e-17   5.195492e-05   7.092196e-18   144
  2.071265e-01   8.519792e-17   4.853772e-05   8.668955e-18   102
  2.073116e-01   6.358077e-17   7.184416e-05   5.402687e-18   96
  2.076053e-01   4.512569e-17   7.130050e-05   3.796506e-18   120
  2.078228e-01   5.139387e-17   7.647166e-05   3.893536e-18   168
  2.080580e-01   9.821797e-17   5.646827e-05   8.303036e-18   126
  2.082585e-01   6.663824e-17   4.258836e-05   5.862778e-18   168
  2.085346e-01   5.736550e-17   6.829049e-05   6.137580e-18   72
  2.087759e-01   5.808934e-17   8.551492e-05   4.216923e-18   168
  2.089873e-01   7.956565e-17   2.344384e-05   9.378731e-18   78
  2.092770e-01   6.846869e-17   3.849304e-05   9.348614e-18   60
  2.095103e-01   9.557469e-17   6.244194e-05   1.370491e-17   96
  2.097522e-01   6.468999e-17   7.576810e-05   5.009121e-18   168
  2.099796e-01   4.662013e-17   4.794311e-05   5.143756e-18   86
  2.102181e-01   6.022181e-17   4.284977e-05   6.930209e-18   120
  2.105600e-01   5.174028e-17   3.055758e-05   3.998506e-18   168
  2.107444e-01   4.178024e-17   0.000000e+00   4.275847e-18   48
  2.109928e-01   8.435888e-17   5.567259e-05   7.714151e-18   120
  2.111355e-01   6.378071e-17   4.061540e-05   6.014336e-18   126
  2.114838e-01   5.566428e-17   7.143116e-05   5.599490e-18   96
  2.117099e-01   6.259857e-17   2.059722e-05   5.939185e-18   96
  2.118882e-01   5.163421e-17   2.422030e-09   5.511524e-18   72
  2.122681e-01   6.052192e-17   2.568951e-09   1.200649e-17   24
  2.125052e-01   6.278021e-17   4.238860e-05   5.970728e-18   120
  2.126902e-01   5.215845e-17   6.183193e-05   5.087443e-18   126
  2.128959e-01   5.864994e-17   5.154529e-05   5.486810e-18   96
  2.131362e-01   4.037368e-17   8.908530e-05   4.494073e-18   72
  2.134038e-01   5.508026e-17   3.853239e-05   4.458270e-18   144
  2.136239e-01   4.594347e-17   2.222458e-05   5.136177e-18   72
  2.138438e-01   6.412080e-17   4.439042e-05   9.026124e-18   54
  2.140373e-01   6.210236e-17   3.911854e-05   6.076128e-18   108
  2.144395e-01   6.874619e-17   3.834628e-05   6.628246e-18   72
  2.145647e-01   3.936966e-17   2.212712e-05   3.733027e-18   72
  2.148618e-01   3.453498e-17   4.449553e-09   5.291051e-18   24
  2.151428e-01   3.132691e-17   4.681088e-05   4.712985e-18   48
  2.153135e-01   5.454138e-17   3.565781e-05   5.967846e-18   102
  2.155704e-01   4.185402e-17   8.064314e-05   3.034746e-18   168
  2.159060e-01   3.928434e-17   4.398088e-05   4.876292e-18   72
  2.160304e-01   4.509477e-17   0.000000e+00   6.565003e-18   48
  2.162913e-01   4.926680e-17   7.564979e-05   5.537117e-18   120
  2.166356e-01   4.898393e-17   4.648832e-05   4.349381e-18   96
  2.169608e-01   7.326644e-17   4.110321e-09   1.785535e-17   30
  2.173472e-01   4.359021e-17   2.184227e-05   5.355410e-18   72
  2.175171e-01   2.973134e-17   2.568951e-09   4.242924e-18   24
  2.177352e-01   3.237940e-17   3.237565e-05   4.884565e-18   56
  2.179796e-01   3.050204e-17   4.620169e-05   2.628681e-18   96
  2.182720e-01   3.841013e-17   5.101796e-05   3.439403e-18   144
  2.184974e-01   5.130168e-17   2.896600e-05   6.912936e-18   54
  2.188250e-01   4.380042e-17   4.339413e-05   4.743370e-18   108
  2.191546e-01   6.855972e-17   2.297699e-05   1.128912e-17   48
  2.194683e-01   4.035024e-17   8.651572e-05   4.898740e-18   72
  2.202213e-01   6.777365e-17   5.716121e-05   7.100260e-18   78
  2.204299e-01   3.180741e-17   4.307814e-05   3.035285e-18   72
  2.206734e-01   2.739238e-17   4.302466e-05   3.036771e-18   72
  2.209281e-01   3.803612e-17   1.038232e-04   3.233246e-18   96
  2.211293e-01   3.261447e-17   4.293597e-05   2.211242e-18   72
  2.213721e-01   4.227406e-17   0.000000e+00   7.051774e-18   24
  2.216146e-01   3.848807e-17   8.567808e-05   3.925751e-18   72
  2.221623e-01   3.598519e-17   5.440820e-05   6.477312e-18   30
  2.222801e-01   5.940748e-17   0.000000e+00   1.391687e-17   24
  2.229135e-01   3.384513e-17   4.517907e-05   4.962142e-18   48
  2.231122e-01   2.946294e-17   9.722532e-05   2.692104e-18   120
  2.233799e-01   2.808710e-17   4.250917e-05   3.687622e-18   72
  2.236502e-01   3.413387e-17   4.245777e-05   5.635651e-18   36
  2.238360e-01   3.067361e-17   8.391632e-05   3.095682e-18   78
  2.243546e-01   3.762405e-17   4.488887e-05   3.729561e-18   48
  2.250269e-01   4.172061e-17   3.633045e-09   5.110550e-18   24
  2.255059e-01   1.864622e-17   3.125970e-05   3.121957e-18   56
  2.257471e-01   2.385929e-17   4.810277e-05   2.621539e-18   102
  2.260539e-01   2.645284e-17   3.425268e-09   3.178496e-18   72
  2.262321e-01   3.066279e-17   2.568951e-09   3.991014e-18   24
  2.265435e-01   2.642507e-17   4.445516e-05   3.081877e-18   48
  2.271206e-01   2.817686e-17   0.000000e+00   5.231258e-18   24
  2.278290e-01   1.285517e-17   0.000000e+00   6.392486e-18   6
  2.280499e-01   1.907842e-17   0.000000e+00   3.982809e-18   24
  2.281971e-01   2.151530e-17   4.161169e-05   2.015591e-18   72
  2.284659e-01   2.186603e-17   7.763053e-05   2.635148e-18   84
  2.287554e-01   2.244922e-17   0.000000e+00   4.206976e-18   24
  2.288435e-01   1.964347e-17   3.633045e-09   2.488070e-18   24
  2.292831e-01   2.264926e-17   4.449553e-09   4.019236e-18   24
  2.298972e-01   2.457154e-17   0.000000e+00   6.462278e-18   6
  2.306844e-01   1.657305e-17   4.365716e-05   3.056160e-18   48
  2.308735e-01   2.003977e-17   8.224294e-05   2.297688e-18   72
  2.311206e-01   1.828557e-17   4.357477e-05   2.234843e-18   48
  2.315124e-01   3.243424e-17   0.000000e+00   5.901186e-18   24
  2.320338e-01   3.878704e-17   0.000000e+00   7.051859e-18   6
  2.332028e-01   2.048348e-17   0.000000e+00   4.348886e-18   8
  2.332891e-01   2.090074e-17   2.568951e-09   3.455373e-18   48
  2.334962e-01   1.731090e-17   4.225843e-05   1.801918e-18   60
  2.338066e-01   2.120155e-17   0.000000e+00   3.239537e-18   24
  2.342369e-01   7.860798e-18   0.000000e+00   2.379064e-18   6
  2.358224e-01   1.034051e-17   0.000000e+00   2.420070e-18   24
  2.359505e-01   2.397989e-17   4.268279e-05   2.747747e-18   48
  2.361638e-01   1.621699e-17   0.000000e+00   3.394510e-18   24
  2.365047e-01   1.188320e-17   0.000000e+00   1.413640e-18   6
  2.384414e-01   1.832298e-17   3.981898e-05   3.561813e-18   36
  2.385821e-01   2.093050e-17   0.000000e+00   3.077104e-18   24
  2.388353e-01   1.920582e-17   0.000000e+00   7.165025e-18   6
  2.410389e-01   1.352949e-17   3.618719e-05   1.198098e-18   32
  2.412268e-01   1.061357e-17   0.000000e+00   2.637866e-18   6
  2.435949e-01   1.256400e-17   0.000000e+00   2.395658e-18   12
  2.436776e-01   3.755487e-17   0.000000e+00   1.072863e-17   6
  2.461858e-01   1.955821e-17   0.000000e+00   5.360629e-18   6
