# power spectrum of phi
# redshift z=-0.513243
# k              Pk             sigma(k)       sigma(Pk)      count
  1.256637e-01   2.506893e-11   0.000000e+00   9.173663e-12   6
  1.777153e-01   6.325243e-12   0.000000e+00   1.186177e-12   12
  2.176559e-01   1.984162e-12   2.384186e-09   5.365176e-13   8
  2.513274e-01   8.056218e-12   0.000000e+00   2.279092e-12   6
  2.809926e-01   3.687068e-12   4.495664e-09   7.247290e-13   24
  3.078120e-01   3.580323e-12   4.495664e-09   5.107256e-13   24
  3.554306e-01   2.393154e-12   0.000000e+00   3.858012e-13   12
  3.769911e-01   2.467067e-12   5.086263e-09   4.775402e-13   30
  3.973835e-01   2.064750e-12   0.000000e+00   3.480426e-13   24
  4.167794e-01   1.962226e-12   7.786718e-09   3.734243e-13   24
  4.353118e-01   1.213800e-12   4.768372e-09   3.982511e-13   8
  4.530869e-01   1.188745e-12   6.357829e-09   2.030688e-13   24
  4.701905e-01   1.993977e-12   0.000000e+00   3.155481e-13   48
  5.026548e-01   6.224181e-13   0.000000e+00   3.230402e-13   6
  5.181247e-01   1.081635e-12   6.357829e-09   1.393707e-13   48
  5.331460e-01   8.584074e-13   5.994218e-09   1.476529e-13   36
  5.477554e-01   1.420906e-12   6.357829e-09   2.667609e-13   24
  5.619852e-01   9.737395e-13   8.991328e-09   1.583053e-13   24
  5.758634e-01   6.842835e-13   0.000000e+00   9.437229e-14   48
  5.894150e-01   8.152539e-13   8.991328e-09   1.868599e-13   24
  6.156239e-01   5.342963e-13   8.991328e-09   7.036288e-14   24
  6.283185e-01   6.125706e-13   0.000000e+00   7.576846e-14   30
  6.407617e-01   8.037675e-13   0.000000e+00   7.851253e-14   72
  6.529678e-01   9.837178e-13   9.536743e-09   1.328002e-13   32
  6.767198e-01   5.015981e-13   0.000000e+00   6.598446e-14   72
  6.882885e-01   7.203960e-13   0.000000e+00   9.555040e-14   48
  7.108613e-01   5.838447e-13   0.000000e+00   6.935886e-14   12
  7.218830e-01   5.793564e-13   0.000000e+00   7.876415e-14   48
  7.327390e-01   5.209070e-13   0.000000e+00   6.772499e-14   48
  7.434365e-01   5.341614e-13   8.991328e-09   6.477843e-14   48
  7.539822e-01   3.568065e-13   1.017253e-08   6.719124e-14   30
  7.643825e-01   5.143142e-13   0.000000e+00   7.808809e-14   24
  7.746431e-01   6.701706e-13   1.895538e-08   8.455954e-14   72
  7.947671e-01   2.375756e-13   0.000000e+00   3.976703e-14   24
  8.046403e-01   4.181682e-13   0.000000e+00   3.651774e-14   96
  8.143939e-01   3.565589e-13   0.000000e+00   3.668786e-14   48
  8.240320e-01   3.176224e-13   1.557344e-08   5.111620e-14   24
  8.335587e-01   3.280162e-13   1.557344e-08   6.981988e-14   24
  8.429778e-01   5.056029e-13   0.000000e+00   4.919735e-14   72
  8.522927e-01   5.120619e-13   0.000000e+00   7.042518e-14   48
  8.706237e-01   1.517365e-13   9.536743e-09   4.693932e-14   8
  8.796459e-01   3.186582e-13   1.130281e-08   4.155780e-14   54
  8.885766e-01   3.426744e-13   0.000000e+00   3.431088e-14   84
  8.974184e-01   3.143776e-13   0.000000e+00   3.867054e-14   48
  9.061739e-01   3.570268e-13   1.271566e-08   5.853569e-14   24
  9.148456e-01   4.848596e-13   1.695421e-08   6.981532e-14   72
  9.234359e-01   3.081285e-13   0.000000e+00   2.817379e-14   96
  9.403811e-01   4.643790e-13   0.000000e+00   5.636980e-14   48
  9.487402e-01   2.901819e-13   0.000000e+00   4.300339e-14   48
  9.570263e-01   2.232462e-13   0.000000e+00   5.153835e-14   24
  9.652412e-01   2.425808e-13   0.000000e+00   4.086319e-14   72
  9.814649e-01   2.370553e-13   0.000000e+00   3.015606e-14   72
  9.894770e-01   2.489662e-13   0.000000e+00   2.972525e-14   96
  1.005310e+00   2.172722e-13   0.000000e+00   5.363005e-14   6
  1.013133e+00   3.217601e-13   0.000000e+00   3.152582e-14   96
  1.020897e+00   3.553519e-13   1.271566e-08   3.163708e-14   96
  1.028602e+00   2.111599e-13   0.000000e+00   3.415418e-14   24
  1.036249e+00   2.971545e-13   1.271566e-08   3.858775e-14   48
  1.043841e+00   3.069666e-13   0.000000e+00   3.077278e-14   96
  1.051378e+00   1.576604e-13   0.000000e+00   1.988715e-14   48
  1.066292e+00   2.266826e-13   1.198844e-08   3.137753e-14   36
  1.073671e+00   3.827516e-13   2.202416e-08   4.885720e-14   48
  1.081000e+00   2.167463e-13   2.491750e-08   1.874996e-14   120
  1.088280e+00   2.496462e-13   0.000000e+00   3.046572e-14   56
  1.095511e+00   2.994399e-13   1.271566e-08   5.159739e-14   24
  1.102695e+00   2.435532e-13   0.000000e+00   2.727237e-14   96
  1.109832e+00   2.761957e-13   0.000000e+00   4.739911e-14   48
  1.123970e+00   2.697327e-13   1.798266e-08   6.283077e-14   24
  1.130973e+00   1.982542e-13   0.000000e+00   1.671376e-14   102
  1.137933e+00   2.142690e-13   1.271566e-08   3.142998e-14   48
  1.144851e+00   2.080634e-13   0.000000e+00   1.998963e-14   72
  1.151727e+00   2.641052e-13   0.000000e+00   4.534423e-14   48
  1.158562e+00   1.975959e-13   0.000000e+00   3.239308e-14   48
  1.165357e+00   1.917063e-13   2.877225e-08   1.862791e-14   120
  1.178830e+00   1.580132e-13   1.798266e-08   3.224283e-14   24
  1.185509e+00   1.497426e-13   1.695421e-08   1.219876e-14   144
  1.192151e+00   1.915835e-13   2.034505e-08   1.547203e-14   120
  1.198755e+00   2.371073e-13   1.798266e-08   3.031699e-14   48
  1.211857e+00   1.775762e-13   1.798266e-08   2.103824e-14   48
  1.218355e+00   1.834441e-13   1.798266e-08   1.419387e-14   96
  1.235512e+00   1.675479e-13   3.015167e-03   1.809352e-14   72
  1.244007e+00   1.723277e-13   1.598458e-08   1.471243e-14   108
  1.250338e+00   1.592943e-13   0.000000e+00   1.790431e-14   72
  1.256637e+00   8.272627e-14   0.000000e+00   1.508246e-14   30
  1.262905e+00   1.561355e-13   0.000000e+00   1.482967e-14   168
  1.269141e+00   1.275488e-13   0.000000e+00   1.768862e-14   48
  1.281523e+00   1.897861e-13   0.000000e+00   1.606886e-14   72
  1.287670e+00   1.691565e-13   0.000000e+00   1.485542e-14   96
  1.293787e+00   1.486296e-13   3.390842e-08   1.487099e-14   72
  1.299875e+00   1.698959e-13   0.000000e+00   1.798061e-14   72
  1.310112e+00   1.423086e-13   2.784031e-03   1.363695e-14   104
  1.317972e+00   1.372660e-13   2.397687e-08   9.523925e-15   144
  1.335824e+00   1.365094e-13   4.021044e-08   1.764570e-14   96
  1.341721e+00   1.529987e-13   0.000000e+00   1.454035e-14   96
  1.351101e+00   1.453829e-13   2.864148e-03   1.306067e-14   120
  1.359261e+00   1.423520e-13   0.000000e+00   1.582116e-14   120
  1.365057e+00   1.479498e-13   0.000000e+00   1.509385e-14   72
  1.376577e+00   1.457168e-13   0.000000e+00   2.071522e-14   48
  1.382301e+00   1.334721e-13   3.130008e-08   1.313392e-14   78
  1.389623e+00   1.233428e-13   2.564571e-03   9.661194e-15   168
  1.404963e+00   1.302582e-13   2.936555e-08   1.033482e-14   144
  1.410572e+00   1.187494e-13   2.397687e-08   9.583836e-15   144
  1.426839e+00   1.121365e-13   1.476986e-03   8.001424e-15   156
  1.432787e+00   1.490185e-13   3.114687e-08   2.460351e-14   48
  1.438287e+00   1.256906e-13   2.034505e-08   1.125078e-14   120
  1.443766e+00   1.220597e-13   0.000000e+00   1.965627e-14   48
  1.453454e+00   9.429363e-14   2.260797e-03   5.829235e-15   216
  1.465478e+00   7.803950e-14   0.000000e+00   9.672505e-15   48
  1.470856e+00   1.111419e-13   1.798266e-08   1.181117e-14   96
  1.478502e+00   1.100108e-13   2.642094e-03   7.824550e-15   168
  1.486873e+00   1.084523e-13   1.798266e-08   1.158587e-14   48
  1.492174e+00   1.300155e-13   0.000000e+00   1.444298e-14   96
  1.497456e+00   1.368006e-13   0.000000e+00   1.980985e-14   48
  1.507964e+00   8.936031e-14   2.034505e-08   1.681338e-14   30
  1.513191e+00   9.552929e-14   0.000000e+00   8.872029e-15   96
  1.519439e+00   8.071858e-14   2.076451e-03   5.122639e-15   240
  1.527472e+00   1.085494e-13   2.240191e-03   1.225415e-14   32
  1.533921e+00   8.004151e-14   0.000000e+00   5.456309e-15   168
  1.539060e+00   1.053955e-13   0.000000e+00   1.033348e-14   120
  1.549286e+00   8.733867e-14   3.791077e-08   9.729495e-15   72
  1.554374e+00   6.684317e-14   1.695421e-08   5.590950e-15   144
  1.559446e+00   9.002824e-14   0.000000e+00   1.091706e-14   96
  1.564501e+00   8.341501e-14   0.000000e+00   7.823464e-15   96
  1.574562e+00   8.773968e-14   0.000000e+00   1.097142e-14   72
  1.579568e+00   8.383809e-14   2.543132e-08   7.368149e-15   96
  1.589534e+00   9.279406e-14   0.000000e+00   1.153910e-14   24
  1.594494e+00   8.595917e-14   0.000000e+00   5.042733e-15   192
  1.600334e+00   7.576015e-14   1.901066e-03   8.424973e-15   132
  1.609281e+00   9.572411e-14   0.000000e+00   8.903209e-15   96
  1.614180e+00   8.024578e-14   0.000000e+00   8.653750e-15   96
  1.619064e+00   7.476036e-14   2.034505e-08   6.038352e-15   120
  1.628788e+00   9.483639e-14   0.000000e+00   9.384889e-15   48
  1.636759e+00   8.251398e-14   2.303939e-03   5.115765e-15   222
  1.643266e+00   1.017027e-13   0.000000e+00   8.109824e-15   120
  1.648064e+00   8.678704e-14   3.114687e-08   1.450021e-14   24
  1.655050e+00   7.329432e-14   2.378000e-03   3.698366e-15   312
  1.670270e+00   6.408974e-14   2.229470e-03   7.161767e-15   72
  1.676563e+00   6.549609e-14   3.114687e-08   5.069134e-15   96
  1.683024e+00   7.849318e-14   2.270407e-03   5.536226e-15   192
  1.690632e+00   5.812559e-14   2.877225e-08   5.710794e-15   120
  1.695296e+00   6.273220e-14   0.000000e+00   5.351045e-15   144
  1.704585e+00   6.276082e-14   0.000000e+00   8.065799e-15   48
  1.711188e+00   5.783474e-14   2.282974e-03   3.375101e-15   336
  1.718425e+00   5.218805e-14   0.000000e+00   5.903842e-15   48
  1.727590e+00   6.680883e-14   0.000000e+00   5.326679e-15   192
  1.732155e+00   6.293475e-14   0.000000e+00   7.117796e-15   48
  1.745129e+00   6.751507e-14   1.584683e-03   7.099676e-15   56
  1.751580e+00   6.688221e-14   2.035272e-03   3.411741e-15   336
  1.759292e+00   6.201495e-14   2.260561e-08   8.612860e-15   54
  1.766010e+00   6.514165e-14   2.235459e-03   4.004826e-15   240
  1.779956e+00   5.904801e-14   2.140470e-03   3.730673e-15   228
  1.786017e+00   5.828348e-14   2.397687e-08   8.297002e-15   72
  1.791900e+00   5.847042e-14   2.076308e-03   3.833374e-15   144
  1.799230e+00   6.426918e-14   0.000000e+00   5.358089e-15   96
  1.803613e+00   5.881656e-14   2.877225e-08   3.790817e-15   240
  1.812348e+00   1.008618e-13   2.543132e-08   1.824939e-14   24
  1.817939e+00   6.021538e-14   1.961057e-03   3.125592e-15   336
  1.825371e+00   3.848638e-14   0.000000e+00   4.119832e-15   72
  1.832154e+00   6.151947e-14   2.133012e-03   4.683857e-15   168
  1.838302e+00   4.905035e-14   0.000000e+00   4.811897e-15   72
  1.846872e+00   5.870703e-14   0.000000e+00   6.077891e-15   96
  1.853509e+00   6.109624e-14   2.117011e-03   4.188638e-15   216
  1.859653e+00   5.751349e-14   0.000000e+00   5.116063e-15   96
  1.868125e+00   5.114942e-14   2.543132e-08   2.984887e-15   192
  1.872347e+00   5.069888e-14   2.397687e-08   3.768107e-15   144
  1.880762e+00   5.455381e-14   0.000000e+00   6.761340e-15   48
  1.886588e+00   4.834724e-14   2.041047e-03   2.728310e-15   246
  1.894505e+00   4.929698e-14   1.881878e-03   4.038745e-15   168
  1.901637e+00   4.033710e-14   4.983500e-08   3.665242e-15   120
  1.905784e+00   5.397482e-14   0.000000e+00   3.273001e-15   240
  1.914053e+00   4.622445e-14   0.000000e+00   8.018561e-15   24
  1.920640e+00   4.389302e-14   2.014384e-03   2.388163e-15   360
  1.928845e+00   4.365447e-14   2.005812e-03   3.770042e-15   120
  1.934568e+00   3.670887e-14   0.000000e+00   3.100424e-15   144
  1.938645e+00   4.627414e-14   0.000000e+00   3.870520e-15   96
  1.950825e+00   4.512819e-14   0.000000e+00   3.849187e-15   144
  1.954868e+00   4.561768e-14   0.000000e+00   3.620042e-15   132
  1.960551e+00   3.908380e-14   1.979707e-03   2.876059e-15   176
  1.968799e+00   4.254264e-14   1.999105e-03   2.142510e-15   312
  1.978954e+00   3.041757e-14   0.000000e+00   3.246523e-15   96
  1.982940e+00   4.059268e-14   0.000000e+00   3.625689e-15   144
  1.989055e+00   3.902639e-14   1.979053e-03   2.128988e-15   312
  1.998804e+00   3.599001e-14   0.000000e+00   4.949726e-15   48
  2.002750e+00   3.501003e-14   2.543132e-08   2.415532e-15   192
  2.010619e+00   4.258157e-14   0.000000e+00   1.285036e-14   6
  2.015848e+00   4.130653e-14   1.845802e-03   2.289246e-15   288
  2.024316e+00   4.151027e-14   1.950210e-03   2.935830e-15   192
  2.030159e+00   4.034481e-14   5.980883e-08   2.995637e-15   216
  2.034045e+00   3.288114e-14   0.000000e+00   3.535126e-15   72
  2.043725e+00   4.412383e-14   1.931689e-03   3.082139e-15   192
  2.050154e+00   3.806822e-14   1.434383e-03   2.184708e-15   288
  2.057204e+00   4.837227e-14   0.000000e+00   7.771052e-15   24
  2.062650e+00   3.338447e-14   1.889681e-03   1.481558e-15   456
  2.072499e+00   3.890379e-14   0.000000e+00   5.174671e-15   48
  2.078585e+00   3.777470e-14   1.861260e-03   2.331369e-15   240
  2.085579e+00   4.104124e-14   1.881013e-03   2.656454e-15   216
  2.091461e+00   4.449752e-14   0.000000e+00   4.928079e-15   72
  2.095233e+00   3.797907e-14   6.498988e-08   3.116099e-15   168
  2.105882e+00   3.629663e-14   1.398129e-03   1.986900e-15   288
  2.111855e+00   3.255593e-14   1.849965e-03   2.435224e-15   168
  2.121448e+00   3.058557e-14   0.000000e+00   2.067523e-15   192
  2.125166e+00   2.995192e-14   2.397687e-08   2.712751e-15   144
  2.132584e+00   2.551363e-14   2.397687e-08   3.880537e-15   36
  2.138874e+00   2.780255e-14   1.689411e-03   1.598487e-15   342
  2.144889e+00   3.770683e-14   1.734820e-03   2.827622e-15   144
  2.152621e+00   3.228843e-14   1.819392e-03   1.722768e-15   384
  2.162000e+00   3.316570e-14   4.983500e-08   2.343876e-15   120
  2.166643e+00   3.504676e-14   1.622368e-03   1.739606e-15   264
  2.172929e+00   2.667509e-14   8.042088e-08   1.854661e-15   192
  2.178848e+00   2.754526e-14   1.748412e-03   2.025868e-15   152
  2.183802e+00   3.427627e-14   4.795375e-08   2.685078e-15   144
  2.194222e+00   3.280909e-14   1.131589e-03   2.202017e-15   216
  2.199045e+00   2.928017e-14   1.512105e-03   1.706742e-15   312
  2.207535e+00   2.967534e-14   1.752500e-03   2.081860e-15   240
  2.212538e+00   2.489717e-14   2.543132e-08   2.696875e-15   96
  2.222033e+00   2.210987e-14   1.675517e-03   2.136240e-15   144
  2.227885e+00   2.596675e-14   1.646885e-03   1.213431e-15   456
  2.237379e+00   2.606816e-14   0.000000e+00   1.912837e-15   120
  2.240905e+00   2.492167e-14   0.000000e+00   2.205544e-15   144
  2.247941e+00   2.447058e-14   3.596531e-08   6.973723e-15   24
  2.252452e+00   2.285919e-14   1.583038e-03   1.164186e-15   336
  2.260253e+00   2.595876e-14   1.745876e-03   1.856291e-15   198
  2.267563e+00   2.533707e-14   1.697764e-03   1.230535e-15   432
  2.275867e+00   3.354633e-14   5.086263e-08   3.950304e-15   48
  2.280199e+00   2.544486e-14   1.498832e-03   1.181683e-15   384
  2.287976e+00   2.353268e-14   1.725473e-03   2.511892e-15   144
  2.295024e+00   2.498967e-14   1.713168e-03   1.441163e-15   264
  2.303454e+00   2.129816e-14   0.000000e+00   2.600174e-15   48
  2.309110e+00   2.436097e-14   1.628943e-03   1.404046e-15   276
  2.314567e+00   2.764174e-14   1.476593e-03   1.960346e-15   192
  2.321860e+00   2.477506e-14   1.659366e-03   1.066041e-15   552
  2.330715e+00   2.657141e-14   4.069010e-08   2.404636e-15   120
  2.335978e+00   2.195480e-14   1.679687e-03   1.427918e-15   216
  2.340855e+00   2.258446e-14   4.069010e-08   1.988663e-15   120
  2.349569e+00   2.128796e-14   1.654080e-03   1.092078e-15   408
  2.357660e+00   2.386384e-14   3.596531e-08   3.216756e-15   24
  2.362678e+00   2.143269e-14   1.670919e-03   1.119578e-15   384
  2.369685e+00   1.926816e-14   1.632547e-03   1.286881e-15   240
  2.375770e+00   2.274244e-14   1.644502e-03   1.756437e-15   168
  2.384301e+00   1.958251e-14   0.000000e+00   1.409146e-15   120
  2.389801e+00   2.388593e-14   1.714308e-03   1.428830e-15   350
  2.398744e+00   2.102263e-14   2.822081e-03   1.040902e-15   384
  2.404088e+00   2.033234e-14   0.000000e+00   1.836052e-15   144
  2.413921e+00   2.000726e-14   3.390842e-08   1.145737e-15   288
  2.419055e+00   2.359995e-14   1.615394e-03   1.247804e-15   336
  2.426039e+00   2.109417e-14   1.470682e-03   1.809813e-15   168
  2.430220e+00   2.269444e-14   9.639558e-08   1.418116e-15   336
  2.438868e+00   1.972578e-14   1.526480e-03   1.287238e-15   288
  2.444062e+00   2.324675e-14   1.438335e-03   1.390057e-15   264
  2.452858e+00   1.739720e-14   0.000000e+00   1.011957e-15   240
  2.456075e+00   1.736655e-14   0.000000e+00   1.490856e-15   96
  2.467620e+00   1.978687e-14   1.956039e-03   1.085645e-15   360
  2.473008e+00   2.016303e-14   1.441936e-03   1.334789e-15   168
  2.479816e+00   1.824268e-14   1.571860e-03   8.519381e-16   456
  2.488014e+00   1.886974e-14   4.521123e-08   1.832341e-15   108
  2.492626e+00   1.516778e-14   1.577159e-03   7.582292e-16   264
  2.498378e+00   1.668462e-14   1.407083e-03   1.016508e-15   264
  2.506256e+00   1.901151e-14   1.327788e-03   9.807632e-16   312
  2.516065e+00   1.799804e-14   9.866910e-04   1.091475e-15   270
  2.520176e+00   1.772146e-14   1.252729e-03   1.121927e-15   240
  2.527567e+00   1.713748e-14   1.549783e-03   8.830631e-16   384
  2.532054e+00   1.927905e-14   5.086263e-08   1.261453e-15   192
  2.540769e+00   1.605585e-14   1.243495e-03   1.196263e-15   240
  2.545825e+00   1.685053e-14   1.534673e-03   9.858497e-16   336
  2.555333e+00   1.538181e-14   1.544942e-03   7.612037e-16   480
  2.563047e+00   1.829787e-14   3.390842e-08   2.556706e-15   72
  2.567356e+00   1.660593e-14   1.506459e-03   9.828445e-16   240
  2.573216e+00   1.619793e-14   1.415865e-03   8.815838e-16   312
  2.579934e+00   1.667028e-14   1.530210e-03   1.028935e-15   240
  2.590086e+00   1.772837e-14   1.162564e-03   8.195784e-16   408
  2.594104e+00   1.484862e-14   1.064628e-03   7.495927e-16   336
  2.601958e+00   1.553788e-14   1.351816e-03   1.061304e-15   264
  2.605818e+00   1.100116e-14   0.000000e+00   7.241632e-16   144
  2.616557e+00   1.501643e-14   1.873697e-03   6.847064e-16   464
  2.622215e+00   1.483855e-14   1.489973e-03   1.004274e-15   168
  2.627801e+00   1.368974e-14   1.357041e-03   8.712013e-16   336
  2.637897e+00   1.432581e-14   1.425837e-03   6.475689e-16   414
  2.643588e+00   1.571707e-14   1.484211e-03   8.668198e-16   216
  2.650879e+00   2.134140e-14   3.596531e-08   1.858461e-15   96
  2.653856e+00   1.434889e-14   8.809666e-08   8.185878e-16   384
  2.664284e+00   1.500898e-14   1.481344e-03   7.300137e-16   492
  2.669873e+00   1.399397e-14   1.448627e-03   9.649822e-16   240
  2.676189e+00   1.473027e-14   1.470864e-03   7.749790e-16   312
  2.684913e+00   1.326459e-14   1.470380e-03   1.019517e-15   192
  2.690439e+00   1.377444e-14   1.424976e-03   5.756024e-16   504
  2.697770e+00   1.435775e-14   9.433586e-04   6.575844e-16   408
  2.703542e+00   1.362981e-14   2.890096e-03   1.155688e-15   168
  2.710765e+00   1.328636e-14   1.372821e-03   8.629734e-16   288
  2.716826e+00   1.312889e-14   1.432656e-03   7.717395e-16   288
  2.723035e+00   1.180848e-14   1.440903e-03   5.779867e-16   432
  2.732042e+00   1.198400e-14   1.362614e-03   8.080644e-16   216
  2.736854e+00   1.325264e-14   1.359739e-03   6.778206e-16   360
  2.745421e+00   1.221262e-14   1.327092e-03   6.954081e-16   312
  2.753154e+00   1.294311e-14   0.000000e+00   1.987018e-15   48
  2.757611e+00   1.168873e-14   1.422834e-03   6.026000e-16   432
  2.765594e+00   1.222221e-14   2.373302e-03   6.252083e-16   414
  2.770308e+00   1.222205e-14   5.421333e-08   6.925463e-16   312
  2.779102e+00   1.307194e-14   2.082441e-03   5.768806e-16   528
  2.785037e+00   1.243283e-14   1.093105e-03   7.813192e-16   264
  2.792167e+00   1.123564e-14   1.296122e-03   5.315220e-16   480
  2.801483e+00   1.250995e-14   0.000000e+00   8.097842e-16   288
  2.805506e+00   1.118526e-14   1.392643e-03   8.651701e-16   168
  2.812867e+00   1.267385e-14   2.204550e-03   5.496019e-16   504
  2.821143e+00   1.230659e-14   3.390842e-08   9.889403e-16   144
  2.826350e+00   1.039056e-14   1.415850e-03   4.677642e-16   464
  2.834173e+00   9.975580e-15   2.077839e-03   5.040315e-16   432
  2.837886e+00   1.183375e-14   3.596531e-08   9.623261e-16   192
  2.847481e+00   9.476115e-15   1.540373e-03   5.314598e-16   396
  2.853147e+00   1.001888e-14   1.383680e-03   5.956948e-16   288
  2.858874e+00   1.008918e-14   1.366839e-03   6.153680e-16   336
  2.868021e+00   1.025379e-14   8.655099e-04   4.655252e-16   432
  2.873827e+00   1.105799e-14   2.243281e-03   5.529899e-16   360
  2.880345e+00   9.400201e-15   1.326934e-03   5.186869e-16   384
  2.889603e+00   9.973428e-15   1.171274e-03   7.594272e-16   198
  2.894063e+00   9.651945e-15   1.331357e-03   3.664830e-16   552
  2.902381e+00   9.181821e-15   1.863809e-03   4.765409e-16   432
  2.909325e+00   8.262306e-15   7.119285e-08   5.729970e-16   168
  2.915153e+00   1.126542e-14   2.310442e-03   5.791885e-16   480
  2.922863e+00   9.105045e-15   0.000000e+00   8.710073e-16   120
  2.926334e+00   9.539766e-15   1.887069e-03   5.792054e-16   336
  2.934802e+00   9.315270e-15   1.331298e-03   3.781035e-16   672
  2.943175e+00   1.045826e-14   1.936554e-03   4.879408e-16   528
  2.947075e+00   8.154096e-15   5.812872e-08   6.558250e-16   168
  2.956085e+00   9.838733e-15   2.160213e-03   5.062117e-16   456
  2.961583e+00   1.004498e-14   1.319260e-03   8.581510e-16   168
  2.967291e+00   8.877512e-15   1.316892e-03   4.086350e-16   504
  2.976778e+00   7.919562e-15   1.694638e-03   4.250870e-16   336
  2.982515e+00   8.615081e-15   1.221633e-03   5.077421e-16   312
  2.988879e+00   8.063820e-15   1.193619e-03   3.636538e-16   504
  2.997254e+00   7.718633e-15   8.281656e-04   3.795850e-16   432
  3.001192e+00   9.175522e-15   1.279790e-03   5.201439e-16   312
  3.009377e+00   8.904704e-15   1.311847e-03   4.244226e-16   384
  3.017923e+00   7.346672e-15   1.114566e-03   7.594662e-16   126
  3.023199e+00   8.617599e-15   1.956913e-03   4.338216e-16   492
  3.029938e+00   8.276768e-15   1.253405e-03   3.735492e-16   528
  3.038360e+00   9.066146e-15   1.273190e-03   4.552886e-16   480
  3.043581e+00   8.764598e-15   1.758905e-03   4.622983e-16   432
  3.051137e+00   8.299450e-15   1.383146e-03   3.697356e-16   440
  3.059913e+00   8.579396e-15   6.878330e-04   5.086546e-16   312
  3.063206e+00   7.441869e-15   1.030775e-03   3.775547e-16   480
  3.069960e+00   7.302740e-15   2.018238e-03   3.469165e-16   408
  3.079829e+00   8.368432e-15   1.208696e-03   4.359047e-16   360
  3.083998e+00   7.274750e-15   1.166348e-03   3.790713e-16   408
  3.091725e+00   7.887293e-15   1.186907e-03   3.640587e-16   456
  3.100425e+00   6.824610e-15   1.134390e-03   4.272487e-16   264
  3.105254e+00   7.892087e-15   1.231098e-03   4.670281e-16   384
  3.112283e+00   6.578280e-15   2.072640e-03   2.511232e-16   672
  3.120409e+00   7.232171e-15   1.239707e-03   5.281017e-16   240
  3.125099e+00   6.307958e-15   1.257992e-03   4.107160e-16   264
  3.131717e+00   6.233125e-15   1.551526e-03   2.625261e-16   624
  3.141593e+00   7.270959e-15   0.000000e+00   6.601498e-16   150
  3.145109e+00   7.756234e-15   1.738607e-03   3.096302e-16   600
  3.152524e+00   7.395513e-15   1.199942e-03   3.031721e-16   672
  3.160921e+00   6.509669e-15   1.128630e-03   3.608243e-16   336
  3.165599e+00   7.388715e-15   1.227621e-03   3.657496e-16   408
  3.173072e+00   7.572414e-15   1.224729e-03   3.923015e-16   408
  3.181385e+00   6.739205e-15   6.192886e-04   3.740211e-16   360
  3.186510e+00   7.212291e-15   2.273829e-03   3.913791e-16   456
  3.192699e+00   6.228117e-15   1.236522e-03   3.487659e-16   384
  3.200577e+00   5.658858e-15   1.141466e-03   3.177991e-16   348
  3.204835e+00   6.795807e-15   1.407202e-03   3.187639e-16   576
  3.212832e+00   6.358961e-15   1.158646e-03   2.927720e-16   504
  3.221013e+00   5.752098e-15   1.634203e-03   2.937484e-16   432
  3.228154e+00   5.491900e-15   2.223325e-03   2.486527e-16   576
  3.233247e+00   4.949264e-15   0.000000e+00   2.963080e-16   264
  3.241325e+00   5.792678e-15   1.769212e-03   2.202889e-16   768
  3.248351e+00   5.710193e-15   2.381921e-03   3.645442e-16   240
  3.253937e+00   6.281746e-15   2.100629e-03   4.371081e-16   192
  3.262073e+00   5.086250e-15   1.546319e-03   2.406314e-16   504
  3.268108e+00   6.486435e-15   2.083724e-03   2.863961e-16   590
  3.273894e+00   6.541923e-15   2.334698e-03   3.644679e-16   384
  3.281151e+00   5.720643e-15   1.951120e-03   2.667497e-16   504
  3.289911e+00   5.794620e-15   1.877651e-03   2.647203e-16   648
  3.298409e+00   5.233495e-15   5.099453e-04   2.865975e-16   504
  3.301835e+00   4.944417e-15   1.163281e-03   2.750884e-16   312
  3.307884e+00   5.722158e-15   1.676002e-03   3.029649e-16   576
  3.316189e+00   5.729248e-15   1.166339e-03   4.500671e-16   240
  3.321030e+00   5.502480e-15   1.178530e-03   2.594672e-16   552
  3.327882e+00   5.495854e-15   1.106612e-03   2.254144e-16   600
  3.337643e+00   5.071386e-15   1.351639e-03   2.120527e-16   600
  3.343511e+00   5.500963e-15   2.164544e-03   2.944383e-16   312
  3.349356e+00   5.249187e-15   1.885103e-03   2.322420e-16   480
  3.356656e+00   5.323194e-15   1.176123e-03   2.060011e-16   576
  3.363084e+00   5.480776e-15   1.893814e-03   2.893643e-16   408
  3.368787e+00   3.154406e-15   2.209222e-03   2.301673e-16   216
  3.376156e+00   4.987992e-15   1.692015e-03   1.997162e-16   516
  3.384050e+00   4.868122e-15   1.614354e-03   1.872032e-16   744
  3.392194e+00   5.240569e-15   1.078246e-03   2.378667e-16   462
  3.396796e+00   3.971098e-15   1.095881e-03   2.070668e-16   432
  3.403934e+00   5.364914e-15   1.016670e-03   2.071006e-16   648
  3.412327e+00   4.800297e-15   1.487578e-03   2.139806e-16   528
  3.419069e+00   5.308323e-15   1.791415e-03   2.704055e-16   600
  3.425805e+00   5.768183e-15   2.258506e-03   3.999101e-16   240
  3.432329e+00   5.022550e-15   1.729994e-03   2.359793e-16   720
  3.439912e+00   4.829701e-15   1.368738e-03   1.846879e-16   720
  3.448318e+00   3.456309e-15   0.000000e+00   3.116563e-16   144
  3.452742e+00   4.915879e-15   1.764713e-03   1.941525e-16   720
  3.459035e+00   4.517651e-15   1.058157e-03   2.630352e-16   384
  3.466913e+00   4.163547e-15   1.173023e-03   1.711164e-16   672
  3.474387e+00   5.111896e-15   2.053834e-03   3.005044e-16   336
  3.477957e+00   4.940579e-15   0.000000e+00   3.245502e-16   288
  3.486699e+00   4.262712e-15   1.625472e-03   1.714678e-16   776
  3.494792e+00   3.744623e-15   1.390838e-03   1.589394e-16   720
  3.501588e+00   4.280918e-15   1.120422e-03   2.469211e-16   432
  3.507024e+00   4.479835e-15   1.597303e-03   2.118593e-16   504
  3.513071e+00   4.587362e-15   1.119137e-03   2.553053e-16   528
  3.521533e+00   4.757537e-15   1.524759e-03   2.536890e-16   438
  3.528495e+00   4.136594e-15   1.774680e-03   1.686234e-16   624
  3.533741e+00   3.937601e-15   2.173744e-03   2.324832e-16   312
  3.540952e+00   4.921271e-15   1.171159e-03   1.982611e-16   696
  3.548410e+00   4.427577e-15   1.059686e-03   2.125676e-16   552
  3.556166e+00   4.055067e-15   8.198436e-04   1.983801e-16   516
  3.560964e+00   4.475347e-15   1.637576e-03   2.128528e-16   528
  3.566805e+00   3.072445e-15   1.064960e-03   1.356611e-16   528
  3.575102e+00   4.138867e-15   1.404467e-03   1.488689e-16   864
  3.580734e+00   4.340559e-15   1.923830e-03   2.639062e-16   408
  3.586372e+00   4.303716e-15   1.906039e-03   3.390808e-16   192
  3.594362e+00   3.592871e-15   1.577339e-03   1.458764e-16   720
  3.601108e+00   3.508037e-15   1.454384e-03   1.456991e-16   696
  3.609123e+00   3.643444e-15   1.570748e-03   1.485710e-16   720
  3.616456e+00   3.678068e-15   2.128961e-03   1.886514e-16   432
  3.620733e+00   3.163564e-15   1.253189e-03   1.901747e-16   264
  3.628427e+00   3.448540e-15   1.730599e-03   1.586138e-16   672
  3.635310e+00   3.880260e-15   1.771868e-03   1.952589e-16   600
  3.643477e+00   2.766318e-15   1.037427e-03   1.785367e-16   270
  3.647594e+00   3.145194e-15   1.561617e-03   1.587156e-16   528
  3.654138e+00   4.011702e-15   1.069340e-03   1.600176e-16   840
  3.663112e+00   4.354298e-15   2.044769e-03   1.675106e-16   888
  3.671403e+00   3.471097e-15   1.523504e-03   1.490765e-16   744
  3.678411e+00   3.651683e-15   7.828584e-04   1.862804e-16   456
  3.681896e+00   4.557226e-15   1.069824e-03   2.541550e-16   360
  3.687860e+00   3.250358e-15   9.269427e-04   2.027541e-16   384
  3.697011e+00   3.201311e-15   1.486807e-03   1.215984e-16   816
  3.703877e+00   3.750146e-15   2.157150e-03   1.585373e-16   824
  3.712223e+00   3.164452e-15   1.002746e-03   1.804013e-16   360
  3.716692e+00   3.450473e-15   1.479676e-03   1.698091e-16   624
  3.722842e+00   3.541163e-15   9.998850e-04   2.227511e-16   360
  3.731036e+00   3.396652e-15   1.360137e-03   1.368088e-16   876
  3.738436e+00   2.805699e-15   1.615436e-03   1.227168e-16   696
  3.745899e+00   2.740222e-15   1.043143e-03   1.364595e-16   336
  3.749811e+00   3.088079e-15   1.041971e-03   1.575500e-16   504
  3.756273e+00   3.173292e-15   1.051000e-03   1.519161e-16   672
  3.765859e+00   2.841874e-15   2.092296e-03   1.026311e-16   720
  3.772508e+00   3.249802e-15   1.580506e-03   1.360765e-16   774
  3.779846e+00   3.512557e-15   9.046409e-04   2.155770e-16   384
  3.783690e+00   3.750480e-15   1.740917e-03   1.971989e-16   528
  3.789655e+00   3.306222e-15   1.659191e-03   1.618562e-16   744
  3.799249e+00   3.523343e-15   1.368481e-03   1.414229e-16   768
  3.805620e+00   3.127474e-15   1.536223e-03   1.894322e-16   552
  3.813568e+00   2.891896e-15   1.674309e-03   1.470310e-16   696
  3.819481e+00   3.283228e-15   2.034577e-03   1.974258e-16   408
  3.824174e+00   3.755451e-15   8.789532e-04   1.988291e-16   504
  3.831615e+00   2.947095e-15   1.579007e-03   1.105379e-16   888
  3.838937e+00   3.065411e-15   1.641044e-03   1.409707e-16   648
  3.846547e+00   3.461769e-15   1.626978e-03   1.779521e-16   648
  3.853707e+00   3.126942e-15   1.754281e-03   1.400055e-16   792
  3.861291e+00   2.669289e-15   2.566633e-03   1.538021e-16   600
  3.866880e+00   2.648628e-15   1.739428e-03   1.310881e-16   456
  3.872762e+00   2.684592e-15   8.477229e-04   1.226125e-16   648
  3.880317e+00   2.577246e-15   1.653183e-03   1.028388e-16   936
  3.888474e+00   3.050325e-15   1.015268e-03   1.843617e-16   384
  3.895575e+00   3.430595e-15   0.000000e+00   3.150640e-16   198
  3.901055e+00   2.878284e-15   2.575821e-03   1.041380e-16   1224
  3.906966e+00   3.164391e-15   1.875990e-03   1.791513e-16   420
  3.913957e+00   2.978505e-15   1.815566e-03   1.310033e-16   792
  3.920793e+00   3.259156e-15   1.501318e-03   1.734108e-16   680
  3.928594e+00   2.783882e-15   1.378581e-03   2.006459e-16   600
  3.934870e+00   2.794384e-15   1.999321e-03   1.456074e-16   840
  3.943251e+00   2.522908e-15   9.439865e-04   1.353864e-16   432
  3.946454e+00   2.950310e-15   8.846397e-04   1.604191e-16   720
  3.953417e+00   2.507704e-15   1.771778e-03   1.016868e-16   960
  3.962077e+00   2.669970e-15   1.579411e-03   1.699986e-16   528
  3.968405e+00   2.787910e-15   1.614459e-03   1.429374e-16   624
  3.975938e+00   2.664680e-15   1.268954e-03   1.204141e-16   816
  3.983415e+00   2.467755e-15   2.086821e-03   9.550831e-17   696
  3.991678e+00   2.266637e-15   1.150890e-07   1.686535e-16   240
  3.994784e+00   2.301037e-15   1.230648e-03   1.046884e-16   672
  4.001719e+00   2.473785e-15   2.199344e-03   1.095069e-16   864
  4.009498e+00   2.117526e-15   1.687640e-03   8.615873e-17   816
  4.016509e+00   2.358963e-15   9.659469e-04   1.123320e-16   648
  4.024060e+00   2.886927e-15   9.873737e-04   1.281413e-16   843
  4.030471e+00   2.302263e-15   1.776528e-03   1.160385e-16   780
  4.038111e+00   2.726710e-15   9.532520e-04   2.371974e-16   216
  4.042823e+00   2.634753e-15   2.298663e-03   1.235266e-16   1056
  4.050071e+00   2.451710e-15   1.880564e-03   2.099696e-16   228
  4.056781e+00   2.672382e-15   2.341349e-03   1.247138e-16   924
  4.063670e+00   2.639051e-15   8.685094e-04   1.115190e-16   696
  4.070964e+00   2.143104e-15   1.545698e-03   1.040712e-16   996
  4.078428e+00   2.208608e-15   9.125493e-04   1.194182e-16   576
  4.086192e+00   2.293361e-15   1.408459e-03   1.416687e-16   552
  4.091852e+00   3.066632e-15   1.681651e-03   1.966263e-16   516
  4.097596e+00   2.238403e-15   2.445470e-03   1.094960e-16   744
  4.104159e+00   1.765643e-15   1.199649e-03   8.236128e-17   576
  4.109868e+00   2.093846e-15   1.234742e-03   9.657355e-17   792
  4.117982e+00   2.136122e-15   1.411539e-03   9.587516e-17   792
  4.123927e+00   2.067430e-15   1.522330e-03   1.059907e-16   720
  4.131968e+00   2.175323e-15   1.735107e-03   1.138446e-16   656
  4.139503e+00   2.120125e-15   1.894646e-03   9.396307e-17   816
  4.147227e+00   2.368889e-15   1.021561e-03   1.752486e-16   492
  4.151618e+00   1.960005e-15   1.469588e-03   9.871154e-17   552
  4.159858e+00   1.932303e-15   2.555435e-03   9.066203e-17   780
  4.165209e+00   1.817558e-15   1.569773e-03   1.063620e-16   528
  4.170975e+00   1.582616e-15   1.832403e-03   8.689200e-17   600
  4.179472e+00   2.049271e-15   1.522872e-03   7.403731e-17   900
  4.185329e+00   1.940809e-15   8.430879e-04   9.612181e-17   696
  4.193388e+00   1.602881e-15   2.131780e-03   7.685227e-17   696
  4.201183e+00   1.557416e-15   8.648430e-04   8.118899e-17   552
  4.207739e+00   1.639244e-15   1.005732e-03   7.875444e-17   708
  4.214606e+00   1.583816e-15   1.660522e-03   7.170120e-17   876
  4.221752e+00   1.732636e-15   8.817041e-04   1.456327e-16   216
  4.226547e+00   1.874898e-15   2.411580e-03   6.790956e-17   1032
  4.233729e+00   1.520252e-15   2.685028e-03   7.550317e-17   600
  4.241182e+00   1.253852e-15   1.281196e-03   6.829610e-17   600
  4.246868e+00   1.694126e-15   2.262472e-03   8.475838e-17   528
  4.253589e+00   1.588217e-15   1.241998e-03   7.850148e-17   732
  4.260669e+00   1.911032e-15   9.171027e-04   1.319225e-16   336
  4.268820e+00   1.468467e-15   1.307053e-03   5.771087e-17   912
  4.274911e+00   1.372174e-15   1.311885e-03   6.590497e-17   624
  4.281565e+00   1.431568e-15   1.105498e-03   5.547337e-17   768
  4.289333e+00   1.364011e-15   1.994537e-03   5.308754e-17   792
  4.296957e+00   1.572347e-15   9.888090e-04   8.562235e-17   660
  4.302382e+00   1.642054e-15   1.457169e-03   9.998144e-17   504
  4.307992e+00   1.382634e-15   2.380735e-03   7.552943e-17   480
  4.316401e+00   1.115149e-15   2.201870e-03   4.017328e-17   912
  4.322985e+00   1.175390e-15   2.452123e-03   6.239540e-17   432
  4.329203e+00   1.525162e-15   1.456013e-03   6.791188e-17   564
  4.334724e+00   1.318477e-15   1.393605e-03   5.835839e-17   600
  4.342496e+00   1.368321e-15   1.942553e-03   5.115041e-17   876
  4.348334e+00   1.020876e-15   8.734307e-04   6.531492e-17   264
  4.356382e+00   1.282355e-15   1.694799e-03   6.655354e-17   560
  4.362850e+00   1.257625e-15   1.151652e-03   4.854338e-17   840
  4.370702e+00   1.093980e-15   1.775516e-03   4.485094e-17   1008
  4.377963e+00   1.003183e-15   7.942467e-04   5.495759e-17   456
  4.384595e+00   1.229415e-15   1.028834e-03   5.964058e-17   576
  4.390725e+00   1.356772e-15   1.580913e-03   6.477160e-17   612
  4.398809e+00   1.204094e-15   1.412012e-03   4.928823e-17   780
  4.405404e+00   1.058949e-15   1.618102e-03   4.407225e-17   648
  4.412155e+00   1.285756e-15   7.540562e-04   8.345446e-17   312
  4.416470e+00   1.023474e-15   1.915933e-03   4.700046e-17   528
  4.423945e+00   9.910615e-16   2.502113e-03   4.312233e-17   720
  4.431093e+00   1.069532e-15   2.509948e-03   4.929970e-17   576
  4.439759e+00   9.689385e-16   2.165154e-03   5.000159e-17   444
  4.445151e+00   1.088407e-15   2.123318e-03   4.292020e-17   996
  4.451759e+00   9.927370e-16   1.773610e-03   5.692627e-17   432
  4.458005e+00   1.156975e-15   1.941754e-03   5.259640e-17   504
  4.463400e+00   7.975379e-16   8.754449e-04   3.921405e-17   504
  4.471082e+00   1.112094e-15   1.722886e-03   4.096524e-17   876
  4.478033e+00   1.039486e-15   1.982878e-03   4.799207e-17   504
  4.485271e+00   8.604916e-16   1.264576e-03   3.682749e-17   696
  4.491253e+00   9.264883e-16   1.081079e-03   3.805245e-17   492
  4.499392e+00   7.946656e-16   1.547618e-03   3.835354e-17   432
  4.505420e+00   9.501459e-16   1.449174e-03   4.529571e-17   768
  4.512567e+00   9.364970e-16   1.805141e-03   4.204293e-17   648
  4.519390e+00   8.090386e-16   1.177661e-03   4.521473e-17   456
  4.527231e+00   1.019301e-15   1.619475e-03   4.303282e-17   552
  4.532676e+00   9.231710e-16   1.109989e-03   3.661873e-17   648
  4.540170e+00   7.938829e-16   1.809220e-03   2.731635e-17   840
  4.547491e+00   8.718698e-16   8.627791e-04   5.171340e-17   432
  4.554820e+00   7.953180e-16   1.056757e-03   3.788162e-17   600
  4.559917e+00   9.009659e-16   1.125905e-03   4.515133e-17   432
  4.568479e+00   9.348726e-16   1.120948e-03   4.584626e-17   560
  4.574277e+00   8.394620e-16   1.774344e-03   3.071896e-17   840
  4.581537e+00   7.937626e-16   1.050970e-03   3.892924e-17   504
  4.587303e+00   7.518402e-16   2.144966e-03   3.121694e-17   696
  4.595432e+00   7.965318e-16   1.171504e-03   4.473719e-17   384
  4.601763e+00   6.503104e-16   1.716116e-03   3.192764e-17   576
  4.609420e+00   7.396769e-16   1.059101e-03   3.857894e-17   360
  4.615593e+00   7.706763e-16   1.577258e-03   2.913824e-17   828
  4.622251e+00   7.918738e-16   1.404841e-03   4.388360e-17   372
  4.628352e+00   8.319176e-16   2.145462e-03   3.650466e-17   576
  4.636434e+00   8.270303e-16   8.985170e-04   3.564570e-17   636
  4.642192e+00   7.414921e-16   1.732109e-03   2.865207e-17   648
  4.649981e+00   6.800398e-16   1.408015e-03   2.846962e-17   576
  4.655573e+00   6.267280e-16   2.271277e-03   2.862977e-17   528
  4.663010e+00   6.852045e-16   9.710647e-04   4.076773e-17   360
  4.669165e+00   6.556627e-16   2.233813e-03   2.516814e-17   672
  4.677203e+00   7.380530e-16   1.144196e-03   2.678401e-17   804
  4.683893e+00   7.560075e-16   1.262185e-03   3.887780e-17   408
  4.691293e+00   8.343917e-16   7.801673e-04   4.752459e-17   384
  4.696276e+00   5.649092e-16   1.785323e-03   3.028336e-17   480
  4.703304e+00   5.978688e-16   1.153580e-03   3.210556e-17   432
  4.710045e+00   7.494026e-16   2.125802e-03   2.714744e-17   648
  4.718024e+00   6.410954e-16   1.319050e-03   2.710140e-17   624
  4.723861e+00   6.517905e-16   1.199787e-03   3.373542e-17   456
  4.731831e+00   6.201811e-16   1.639016e-03   2.745592e-17   588
  4.737172e+00   6.484144e-16   1.045685e-03   2.794379e-17   600
  4.744970e+00   5.730410e-16   1.631013e-03   2.404031e-17   708
  4.751130e+00   6.193427e-16   1.027507e-03   3.527226e-17   360
  4.757936e+00   6.059275e-16   1.181146e-03   2.836874e-17   552
  4.764461e+00   5.503213e-16   8.286020e-04   4.123574e-17   288
  4.771085e+00   5.510259e-16   1.557998e-03   2.434294e-17   528
  4.777309e+00   6.125642e-16   1.051098e-03   2.951780e-17   456
  4.784262e+00   5.933701e-16   1.863824e-03   2.591524e-17   608
  4.791256e+00   5.421373e-16   9.017389e-04   2.480740e-17   504
  4.798898e+00   4.942704e-16   1.935982e-03   2.156686e-17   540
  4.804891e+00   6.132847e-16   2.078222e-03   2.967744e-17   360
  4.811350e+00   6.510784e-16   9.411255e-04   2.939728e-17   540
  4.817063e+00   5.266237e-16   8.080679e-04   2.414991e-17   576
  4.825371e+00   5.433502e-16   1.873635e-03   2.789681e-17   588
  4.833270e+00   5.659474e-16   2.585051e-03   2.243048e-17   672
  4.840056e+00   5.455278e-16   1.975777e-03   2.438856e-17   552
  4.845526e+00   5.717829e-16   1.976776e-03   5.324703e-17   144
  4.852507e+00   5.536054e-16   1.679474e-03   2.423439e-17   600
  4.859125e+00   4.422841e-16   2.104747e-03   2.151059e-17   504
  4.866470e+00   4.772963e-16   2.162000e-03   2.941571e-17   336
  4.874196e+00   5.285759e-16   2.430098e-03   2.518639e-17   600
  4.881116e+00   5.174064e-16   1.568306e-03   2.487767e-17   636
  4.888585e+00   5.435086e-16   1.260932e-03   3.574346e-17   384
  4.893821e+00   5.500779e-16   1.758851e-03   2.714584e-17   504
  4.901368e+00   4.033049e-16   7.381651e-04   2.523699e-17   240
  4.907324e+00   5.180425e-16   1.734055e-03   2.167510e-17   744
  4.914470e+00   4.293817e-16   1.184096e-03   2.084006e-17   648
  4.920821e+00   6.392330e-16   7.860381e-04   4.672102e-17   120
  4.928265e+00   4.850467e-16   1.234764e-03   2.282267e-17   564
  4.933890e+00   4.721757e-16   1.939271e-03   2.437631e-17   432
  4.941396e+00   4.818725e-16   1.505258e-03   2.237650e-17   480
  4.947049e+00   3.395383e-16   1.107908e-03   1.561281e-17   456
  4.953721e+00   5.192679e-16   1.833424e-03   2.644628e-17   444
  4.961293e+00   4.158145e-16   2.805235e-03   2.535296e-17   528
  4.967944e+00   5.058175e-16   2.083390e-03   3.469567e-17   264
  4.974399e+00   4.730879e-16   2.135165e-03   2.351115e-17   444
  4.983082e+00   4.534232e-16   2.338759e-03   1.839660e-17   696
  4.990289e+00   4.619021e-16   1.250847e-03   2.766350e-17   384
  4.995560e+00   4.105654e-16   1.580550e-03   1.993332e-17   432
  5.003759e+00   4.006659e-16   1.092086e-03   2.182837e-17   488
  5.009082e+00   4.890608e-16   1.645909e-03   2.223430e-17   480
  5.016800e+00   3.899314e-16   1.835529e-03   1.727494e-17   480
  5.022777e+00   3.950507e-16   7.701318e-04   2.460198e-17   240
  5.029563e+00   3.959849e-16   1.798967e-03   1.719378e-17   600
  5.035964e+00   3.655341e-16   1.567616e-03   2.512003e-17   288
  5.042780e+00   3.872472e-16   1.507931e-03   1.825908e-17   480
  5.049682e+00   3.566786e-16   2.682341e-03   1.862382e-17   504
  5.056479e+00   3.904958e-16   1.150891e-03   2.857866e-17   216
  5.065146e+00   3.940847e-16   1.884192e-03   1.770588e-17   504
  5.071897e+00   3.703891e-16   1.515464e-03   1.731555e-17   456
  5.079286e+00   4.021627e-16   8.691442e-04   2.106983e-17   384
  5.084180e+00   3.894479e-16   1.764049e-03   2.054092e-17   480
  5.091134e+00   2.751976e-16   1.549032e-03   1.289301e-17   504
  5.097578e+00   3.443522e-16   9.826093e-04   1.997589e-17   312
  5.104521e+00   3.945494e-16   1.583441e-03   2.055758e-17   492
  5.110667e+00   4.145710e-16   1.484108e-03   2.746091e-17   312
  5.118579e+00   3.272026e-16   2.410815e-03   1.529909e-17   576
  5.125543e+00   3.405891e-16   2.225378e-03   2.105193e-17   336
  5.131328e+00   2.415886e-16   1.713438e-03   1.921747e-17   240
  5.139346e+00   3.277073e-16   2.271584e-03   1.662456e-17   468
  5.146270e+00   3.164950e-16   1.422340e-03   2.521729e-17   192
  5.153517e+00   3.189405e-16   1.426580e-03   1.933501e-17   324
  5.158828e+00   3.230381e-16   1.035388e-03   1.373205e-17   600
  5.166066e+00   3.693864e-16   1.679811e-03   1.896618e-17   456
  5.171442e+00   3.151421e-16   7.555789e-04   1.916179e-17   336
  5.180350e+00   3.413728e-16   2.262417e-03   1.608812e-17   612
  5.186832e+00   2.817168e-16   1.898719e-03   2.958822e-17   144
  5.192961e+00   3.305379e-16   2.216292e-03   1.406452e-17   552
  5.201296e+00   2.500568e-16   8.728032e-04   1.881729e-17   264
  5.206006e+00   3.364563e-16   2.020762e-03   1.970780e-17   336
  5.213435e+00   2.699699e-16   1.335250e-03   1.547054e-17   384
  5.219878e+00   3.209693e-16   7.516140e-04   2.153432e-17   216
  5.227010e+00   2.228870e-16   1.593577e-03   1.359300e-17   344
  5.233513e+00   2.503593e-16   2.377692e-03   1.196472e-17   408
  5.241438e+00   2.633584e-16   1.827101e-03   1.713898e-17   264
  5.248460e+00   3.258218e-16   2.547069e-03   1.373369e-17   612
  5.255476e+00   3.327788e-16   1.310917e-03   1.531355e-17   408
  5.262692e+00   2.839382e-16   1.312801e-03   1.593112e-17   444
  5.267993e+00   4.138370e-16   7.342396e-04   3.435501e-17   120
  5.275096e+00   3.266484e-16   2.028570e-03   1.875919e-17   336
  5.280368e+00   2.583658e-16   7.049199e-04   1.451423e-17   288
  5.287493e+00   2.356801e-16   2.193723e-03   1.308999e-17   552
  5.297288e+00   2.486868e-16   0.000000e+00   3.182024e-17   72
  5.302324e+00   2.243459e-16   2.178926e-03   1.049009e-17   504
  5.308207e+00   2.323231e-16   7.011571e-04   1.716654e-17   216
  5.315829e+00   1.955531e-16   1.251868e-03   1.062449e-17   312
  5.322672e+00   2.248383e-16   1.425448e-03   1.198830e-17   336
  5.329194e+00   2.555792e-16   1.975831e-03   2.050749e-17   204
  5.335689e+00   2.817686e-16   2.296216e-03   1.380948e-17   504
  5.342577e+00   2.881010e-16   2.186657e-03   1.606747e-17   396
  5.349201e+00   2.582795e-16   2.005279e-03   1.527724e-17   312
  5.357232e+00   3.203356e-16   1.225440e-03   2.892098e-17   216
  5.362890e+00   2.347374e-16   6.650698e-04   1.885781e-17   168
  5.369766e+00   2.346722e-16   1.679338e-03   1.029555e-17   588
  5.377613e+00   1.851387e-16   2.279505e-03   1.274465e-17   240
  5.383710e+00   1.923039e-16   2.013185e-03   1.521289e-17   264
  5.390860e+00   2.037138e-16   2.489717e-03   1.257041e-17   288
  5.397204e+00   2.057148e-16   1.243261e-03   1.334623e-17   288
  5.405244e+00   2.434788e-16   1.167620e-03   1.520295e-17   288
  5.410658e+00   2.182579e-16   1.352591e-03   1.493341e-17   192
  5.417469e+00   1.755977e-16   1.439292e-03   1.198700e-17   264
  5.423957e+00   3.043212e-16   2.367436e-03   1.627260e-17   372
  5.430940e+00   2.764557e-16   2.556933e-03   1.686945e-17   360
  5.439463e+00   2.705374e-16   1.082118e-03   2.267945e-17   144
  5.443868e+00   1.961630e-16   1.503015e-03   1.394261e-17   296
  5.450821e+00   2.336698e-16   1.619421e-03   1.434040e-17   288
  5.458782e+00   2.091172e-16   2.420184e-03   9.955306e-18   480
  5.465649e+00   2.028616e-16   2.010942e-03   1.593164e-17   192
  5.472326e+00   2.547933e-16   2.157009e-03   1.821078e-17   192
  5.478395e+00   1.305900e-16   1.374687e-03   1.003961e-17   288
  5.486835e+00   1.501334e-16   1.196646e-03   1.275576e-17   108
  5.491087e+00   2.115950e-16   1.150429e-03   1.463733e-17   240
  5.498595e+00   1.648590e-16   2.146152e-03   8.474072e-18   384
  5.506307e+00   2.511677e-16   2.618062e-03   2.669974e-17   108
  5.513127e+00   2.728978e-16   1.535018e-03   1.583353e-17   348
  5.520298e+00   2.253530e-16   1.602006e-03   1.663002e-17   312
  5.526703e+00   2.026465e-16   1.556684e-03   2.965542e-17   96
  5.532593e+00   1.880493e-16   2.072444e-03   1.090176e-17   384
  5.539190e+00   1.688629e-16   1.425422e-03   1.485733e-17   144
  5.545642e+00   2.225823e-16   2.190224e-03   1.215466e-17   408
  5.553663e+00   1.543238e-16   9.769946e-04   1.895438e-17   144
  5.561240e+00   1.743398e-16   1.878283e-03   1.634770e-17   192
  5.565734e+00   2.205624e-16   2.114042e-03   1.696901e-17   144
  5.573059e+00   1.637369e-16   1.718794e-03   1.632933e-17   144
  5.579969e+00   1.918025e-16   2.100644e-03   1.156103e-17   336
  5.588433e+00   1.498665e-16   1.554210e-03   1.000738e-17   240
  5.593800e+00   2.169282e-16   7.057532e-04   2.769592e-17   96
  5.601284e+00   2.283895e-16   2.069634e-03   1.593659e-17   372
  5.608856e+00   1.777175e-16   2.461786e-03   2.144036e-17   132
  5.615507e+00   1.457964e-16   1.523323e-03   9.875167e-18   264
  5.621457e+00   1.919487e-16   1.169843e-03   2.016718e-17   168
  5.627807e+00   1.529157e-16   1.870354e-03   1.223573e-17   216
  5.633417e+00   1.560800e-16   1.144306e-03   1.303884e-17   216
  5.641586e+00   9.714468e-17   2.099325e-03   1.079382e-17   96
  5.648999e+00   2.358081e-16   1.369618e-03   2.496799e-17   120
  5.655797e+00   1.570689e-16   1.741170e-03   1.235214e-17   216
  5.661397e+00   1.471457e-16   7.608972e-04   9.508642e-18   200
  5.668812e+00   1.325667e-16   1.969636e-03   8.292114e-18   288
  5.678322e+00   8.443276e-17   5.182495e-04   6.127264e-18   144
  5.682326e+00   1.431657e-16   1.612761e-03   1.305295e-17   168
  5.690504e+00   1.599939e-16   1.815012e-03   1.403741e-17   159
  5.696887e+00   1.301345e-16   1.904384e-03   9.680008e-18   174
  5.703065e+00   1.335849e-16   1.726829e-03   1.049296e-17   144
  5.711154e+00   1.528536e-16   9.971188e-04   1.093234e-17   222
  5.716564e+00   1.297895e-16   1.006181e-03   1.127429e-17   168
  5.725909e+00   2.093127e-16   2.206942e-03   3.627161e-17   30
  5.729769e+00   8.718326e-17   1.948567e-03   7.466777e-18   72
  5.737039e+00   1.164518e-16   1.739073e-03   8.491320e-18   258
  5.745032e+00   1.181990e-16   1.089226e-03   8.812956e-18   264
  5.749029e+00   1.322798e-16   1.174622e-07   2.328248e-17   72
  5.757357e+00   9.654038e-17   2.158892e-03   7.832653e-18   174
  5.764898e+00   1.278782e-16   2.298822e-03   1.262835e-17   168
  5.770961e+00   8.700885e-17   7.193062e-08   8.929479e-18   48
  5.777470e+00   1.102914e-16   1.298199e-03   8.608625e-18   150
  5.785016e+00   1.297225e-16   2.388130e-03   9.588018e-18   168
  5.792583e+00   1.015882e-16   1.454738e-03   8.171398e-18   144
  5.799541e+00   1.487882e-16   1.359056e-03   1.632363e-17   102
  5.804724e+00   1.058217e-16   2.011636e-03   1.420695e-17   96
  5.812948e+00   7.270423e-17   1.996414e-03   8.635599e-18   120
  5.819038e+00   7.382510e-17   2.141206e-03   6.003012e-18   168
  5.825625e+00   1.491093e-16   1.581111e-03   1.356103e-17   126
  5.831237e+00   1.237669e-16   1.192474e-03   1.149223e-17   168
  5.838969e+00   9.218113e-17   1.912134e-03   8.860433e-18   72
  5.845726e+00   7.997619e-17   2.394418e-03   6.392268e-18   168
  5.851646e+00   8.658685e-17   6.564276e-04   1.178127e-17   78
  5.859757e+00   8.906677e-17   1.077805e-03   9.748804e-18   60
  5.866288e+00   1.395609e-16   1.748374e-03   1.402367e-17   96
  5.873062e+00   9.390848e-17   2.121507e-03   7.471197e-18   168
  5.879428e+00   6.891798e-17   1.342407e-03   5.495503e-18   86
  5.886107e+00   7.363468e-17   1.199794e-03   5.671719e-18   120
  5.895681e+00   7.052334e-17   8.556122e-04   4.747385e-18   168
  5.900844e+00   6.118275e-17   0.000000e+00   9.194367e-18   48
  5.907798e+00   9.759222e-17   1.558833e-03   1.090786e-17   120
  5.911793e+00   8.390492e-17   1.137231e-03   7.170455e-18   126
  5.921548e+00   8.617794e-17   2.000073e-03   1.022847e-17   96
  5.927878e+00   7.845493e-17   5.767223e-04   8.898438e-18   96
  5.932871e+00   6.931789e-17   6.781684e-08   7.674022e-18   72
  5.943508e+00   9.119232e-17   7.193062e-08   1.275174e-17   24
  5.950147e+00   1.129475e-16   1.186881e-03   9.662896e-18   120
  5.955326e+00   7.701601e-17   1.731294e-03   1.033999e-17   126
  5.961084e+00   5.921029e-17   1.443268e-03   5.724747e-18   96
  5.967813e+00   6.852179e-17   2.494389e-03   7.985732e-18   72
  5.975306e+00   7.161121e-17   1.078907e-03   5.228938e-18   144
  5.981469e+00   6.696337e-17   6.222882e-04   7.804177e-18   72
  5.987626e+00   4.873952e-17   1.242932e-03   5.947588e-18   54
  5.993045e+00   6.288755e-17   1.095319e-03   6.346272e-18   108
  6.004306e+00   6.842706e-17   1.073696e-03   8.835803e-18   72
  6.007812e+00   6.068669e-17   6.195595e-04   6.818156e-18   72
  6.016129e+00   5.335438e-17   1.245875e-07   8.392720e-18   24
  6.023999e+00   3.466955e-17   1.310705e-03   4.577575e-18   48
  6.028777e+00   8.366746e-17   9.984188e-04   9.325045e-18   102
  6.035970e+00   6.762554e-17   2.258008e-03   6.904823e-18   168
  6.045369e+00   4.738235e-17   1.231465e-03   4.895756e-18   72
  6.048851e+00   4.856663e-17   0.000000e+00   5.972082e-18   48
  6.056156e+00   6.658794e-17   2.118194e-03   7.178111e-18   120
  6.065796e+00   7.375205e-17   1.301673e-03   5.255571e-18   96
  6.074901e+00   9.783403e-17   1.150890e-07   1.713045e-17   30
  6.085723e+00   7.796597e-17   6.115837e-04   9.081553e-18   72
  6.090478e+00   7.374418e-17   7.193062e-08   1.131677e-17   24
  6.096586e+00   4.033783e-17   9.065181e-04   4.934528e-18   56
  6.103428e+00   3.697602e-17   1.293647e-03   4.538933e-18   96
  6.111616e+00   5.406286e-17   1.428503e-03   4.109102e-18   144
  6.117928e+00   5.583687e-17   8.110480e-04   1.014541e-17   54
  6.127099e+00   6.336819e-17   1.215036e-03   5.746886e-18   108
  6.136327e+00   7.241689e-17   6.433558e-04   1.166452e-17   48
  6.145113e+00   6.255625e-17   2.422440e-03   6.339435e-18   72
  6.166195e+00   7.754947e-17   1.600514e-03   1.051675e-17   78
  6.172037e+00   3.731249e-17   1.206188e-03   4.200111e-18   72
  6.178856e+00   4.615528e-17   1.204690e-03   5.037332e-18   72
  6.185986e+00   4.946082e-17   2.907051e-03   4.900054e-18   96
  6.191621e+00   4.452353e-17   1.202207e-03   3.716849e-18   72
  6.198419e+00   5.586434e-17   0.000000e+00   1.187954e-17   24
  6.205208e+00   4.961373e-17   2.398986e-03   7.385024e-18   72
  6.220544e+00   6.760637e-17   1.523430e-03   1.577119e-17   30
  6.223843e+00   5.474641e-17   0.000000e+00   7.498039e-18   24
  6.241578e+00   5.097575e-17   1.265014e-03   6.755068e-18   48
  6.247142e+00   3.258299e-17   2.722309e-03   2.686483e-18   120
  6.254637e+00   4.429826e-17   1.190257e-03   5.463501e-18   72
  6.262206e+00   4.131860e-17   1.188818e-03   5.333967e-18   36
  6.267409e+00   4.406969e-17   2.349657e-03   4.884202e-18   78
  6.281928e+00   3.576892e-17   1.256888e-03   4.895024e-18   48
  6.300754e+00   8.447601e-17   1.017253e-07   1.378818e-17   24
  6.314166e+00   4.381266e-17   8.752715e-04   6.017682e-18   56
  6.320919e+00   3.639716e-17   1.346877e-03   3.056323e-18   102
  6.329510e+00   5.421921e-17   9.590750e-08   4.294226e-18   72
  6.334498e+00   3.759087e-17   7.193062e-08   9.208190e-18   24
  6.343217e+00   3.311653e-17   1.244744e-03   4.588088e-18   48
  6.359378e+00   3.814196e-17   0.000000e+00   6.851405e-18   24
  6.379213e+00   8.998768e-17   0.000000e+00   5.499680e-18   6
  6.385398e+00   2.834770e-17   0.000000e+00   4.895156e-18   24
  6.389518e+00   4.430053e-17   1.165127e-03   4.358498e-18   72
  6.397046e+00   3.844028e-17   2.173655e-03   4.027821e-18   84
  6.405152e+00   4.716703e-17   0.000000e+00   1.413845e-17   24
  6.407617e+00   3.633517e-17   1.017253e-07   7.690452e-18   24
  6.419927e+00   4.941435e-17   1.245875e-07   9.688384e-18   24
  6.437123e+00   3.565843e-17   0.000000e+00   3.428315e-18   6
  6.459163e+00   4.180982e-17   1.222400e-03   4.735245e-18   48
  6.464458e+00   3.961701e-17   2.302802e-03   3.434842e-18   72
  6.471376e+00   3.885396e-17   1.220094e-03   4.510771e-18   48
  6.482347e+00   4.027428e-17   0.000000e+00   8.700061e-18   24
  6.496947e+00   7.872030e-17   0.000000e+00   3.447699e-17   6
  6.529678e+00   2.666374e-17   0.000000e+00   9.312706e-18   8
  6.532096e+00   3.741609e-17   7.193062e-08   5.474671e-18   48
  6.537895e+00   4.100080e-17   1.183236e-03   5.373584e-18   60
  6.546585e+00   6.981696e-17   0.000000e+00   1.117946e-17   24
  6.558634e+00   3.698850e-17   0.000000e+00   4.662975e-18   6
  6.603027e+00   2.378343e-17   0.000000e+00   3.544683e-18   24
  6.606613e+00   4.130233e-17   1.195118e-03   4.843522e-18   48
  6.612586e+00   4.105390e-17   0.000000e+00   8.826297e-18   24
  6.622132e+00   3.128126e-17   0.000000e+00   6.959135e-18   6
  6.676359e+00   4.386506e-17   1.114931e-03   4.988703e-18   36
  6.680300e+00   4.682650e-17   0.000000e+00   5.985096e-18   24
  6.687387e+00   3.480424e-17   0.000000e+00   1.074621e-17   6
  6.749089e+00   4.787712e-17   1.013241e-03   6.531306e-18   32
  6.754351e+00   5.461538e-17   0.000000e+00   1.981251e-17   6
  6.820657e+00   2.808732e-17   0.000000e+00   5.423127e-18   12
  6.822972e+00   5.332122e-17   0.000000e+00   1.414909e-17   6
  6.893201e+00   5.500914e-17   0.000000e+00   2.064946e-17   6
