# power spectrum of delta
# redshift z=0.993603
# k              Pk             sigma(k)       sigma(Pk)      count
  5.011399e-03   1.708917e-05   7.667927e-04   3.341039e-06   18
  1.037418e-02   4.910909e-04   1.725047e-03   5.666895e-05   128
  1.616528e-02   2.189328e-03   1.646572e-03   1.236862e-04   314
  2.269071e-02   5.267738e-03   1.954354e-03   2.048411e-04   728
  2.897169e-02   1.004398e-02   1.717946e-03   3.372461e-04   1016
  3.518826e-02   1.395152e-02   1.880676e-03   3.459786e-04   1682
  4.169479e-02   2.083659e-02   1.831736e-03   4.345828e-04   2300
  4.790974e-02   2.657958e-02   1.770731e-03   4.985288e-04   2906
  5.429022e-02   3.531886e-02   1.892687e-03   5.773278e-04   4040
  6.068098e-02   4.592104e-02   1.775551e-03   6.877659e-04   4712
  6.698900e-02   5.796125e-02   1.857705e-03   7.526846e-04   6002
  7.346135e-02   6.852661e-02   1.857594e-03   8.203641e-04   7256
  7.977379e-02   8.172933e-02   1.772571e-03   9.306720e-04   8120
  8.609019e-02   8.928192e-02   1.864951e-03   8.976307e-04   9950
  9.253636e-02   9.891729e-02   1.853578e-03   9.151752e-04   11384
  9.885187e-02   1.056528e-01   1.809244e-03   9.567940e-04   12666
  1.052712e-01   1.176555e-01   1.889168e-03   9.485598e-04   15104
  1.117654e-01   1.291815e-01   1.850532e-03   1.012307e-03   16616
  1.180754e-01   1.466397e-01   1.799489e-03   1.095672e-03   18026
  1.244216e-01   1.604934e-01   1.853405e-03   1.105138e-03   20696
  1.308065e-01   1.741689e-01   1.827918e-03   1.170711e-03   22436
  1.371558e-01   1.903022e-01   1.845873e-03   1.201154e-03   24962
  1.435394e-01   2.024043e-01   1.831283e-03   1.218543e-03   27176
  1.499133e-01   2.097178e-01   1.847268e-03   1.217025e-03   29810
  1.562775e-01   2.212649e-01   1.828450e-03   1.244191e-03   32120
  1.626776e-01   2.333130e-01   1.865216e-03   1.248592e-03   35432
  1.690383e-01   2.488555e-01   1.814577e-03   1.279578e-03   37238
  1.754019e-01   2.634998e-01   1.856016e-03   1.303778e-03   41072
  1.817869e-01   2.785300e-01   1.834293e-03   1.342994e-03   43472
  1.881565e-01   2.960196e-01   1.848176e-03   1.379157e-03   47042
  1.945298e-01   3.158520e-01   1.829223e-03   1.430247e-03   49712
  2.008693e-01   3.321740e-01   1.840592e-03   1.439848e-03   53226
  2.072637e-01   3.376215e-01   1.853753e-03   1.409510e-03   57320
  2.136558e-01   3.542241e-01   1.831629e-03   1.447743e-03   60092
  2.200056e-01   3.687030e-01   1.839426e-03   1.459400e-03   63914
  2.263950e-01   3.794881e-01   1.849752e-03   1.455273e-03   68192
  2.327751e-01   3.960930e-01   1.833934e-03   1.476158e-03   71336
  2.391397e-01   4.128656e-01   1.845607e-03   1.502944e-03   75818
  2.455297e-01   4.313554e-01   1.844019e-03   1.527450e-03   79880
  2.518964e-01   4.472536e-01   1.834462e-03   1.542946e-03   83642
  2.582661e-01   4.703720e-01   1.840779e-03   1.587555e-03   88316
  2.646730e-01   4.839193e-01   1.859422e-03   1.589485e-03   93488
  2.710484e-01   4.989949e-01   1.827184e-03   1.620375e-03   96458
  2.773871e-01   5.160163e-01   1.829038e-03   1.627178e-03   101264
  2.837816e-01   5.308455e-01   1.862873e-03   1.625058e-03   107696
  2.901819e-01   5.479876e-01   1.837217e-03   1.650091e-03   111170
  2.965233e-01   5.671425e-01   1.822285e-03   1.681537e-03   115232
  3.028941e-01   5.838273e-01   1.855375e-03   1.668552e-03   122310
  3.093019e-01   5.965579e-01   1.843350e-03   1.676020e-03   126944
  3.156739e-01   6.215545e-01   1.828600e-03   1.716739e-03   131192
  3.220432e-01   6.338496e-01   1.844535e-03   1.725843e-03   137618
  3.284234e-01   6.556073e-01   1.836674e-03   1.738920e-03   142448
  3.347979e-01   6.770717e-01   1.844704e-03   1.737938e-03   148520
  3.411627e-01   6.929789e-01   1.831436e-03   1.764772e-03   153254
  3.475446e-01   7.112768e-01   1.852010e-03   1.780823e-03   160760
  3.539284e-01   7.271286e-01   1.835751e-03   1.786540e-03   165290
  3.603019e-01   7.518363e-01   1.840148e-03   1.809649e-03   171992
  3.666828e-01   7.676373e-01   1.840217e-03   1.822999e-03   177800
  3.730569e-01   7.864873e-01   1.843032e-03   1.831620e-03   184322
  3.794439e-01   8.139085e-01   1.841595e-03   1.863302e-03   190832
  3.858239e-01   8.283370e-01   1.839260e-03   1.870771e-03   196772
  3.921872e-01   8.541047e-01   1.836453e-03   1.899248e-03   202970
  3.985536e-01   8.742704e-01   1.839266e-03   1.907909e-03   210056
  4.049173e-01   8.878154e-01   1.832832e-03   1.912011e-03   216210
  4.112896e-01   9.121086e-01   1.841640e-03   1.930050e-03   224168
  4.176700e-01   9.341093e-01   1.840761e-03   1.938692e-03   230792
  4.240565e-01   9.574359e-01   1.846256e-03   1.957374e-03   238778
  4.304312e-01   9.780540e-01   1.831772e-03   1.974471e-03   243956
  4.367939e-01   9.972833e-01   1.845141e-03   1.981969e-03   252680
  4.431746e-01   1.017149e+00   1.842020e-03   2.002176e-03   260066
  4.495713e-01   1.044231e+00   1.849294e-03   2.014173e-03   268712
  4.559494e-01   1.066485e+00   1.834336e-03   2.033893e-03   274034
  4.623270e-01   1.088487e+00   1.847366e-03   2.040125e-03   283904
  4.687088e-01   1.115001e+00   1.837425e-03   2.064736e-03   290048
  4.750707e-01   1.134741e+00   1.836659e-03   2.075663e-03   297950
  4.814434e-01   1.157894e+00   1.842026e-03   2.091570e-03   306968
  4.878269e-01   1.187088e+00   1.843240e-03   2.121622e-03   315320
  4.942006e-01   1.201054e+00   1.835899e-03   2.112008e-03   322346
  5.005701e-01   1.227166e+00   1.842589e-03   2.125056e-03   331664
  5.069538e-01   1.254310e+00   1.844896e-03   2.149801e-03   340818
  5.133346e-01   1.283134e+00   1.837322e-03   2.174885e-03   348164
  5.197083e-01   1.302091e+00   1.843548e-03   2.177398e-03   357584
  5.260929e-01   1.328151e+00   1.846059e-03   2.181518e-03   367106
  5.324635e-01   1.354777e+00   1.832285e-03   2.222522e-03   373376
  5.388350e-01   1.382597e+00   1.848023e-03   2.225108e-03   385376
  5.452233e-01   1.403524e+00   1.842356e-03   2.242156e-03   393650
  5.516038e-01   1.427333e+00   1.840588e-03   2.251119e-03   402704
  5.579656e-01   1.459057e+00   1.830970e-03   2.284416e-03   409910
  5.643320e-01   1.478453e+00   1.843407e-03   2.272993e-03   422024
  5.707212e-01   1.501801e+00   1.846526e-03   2.285700e-03   432176
  5.771022e-01   1.529205e+00   1.837404e-03   2.312825e-03   440066
  5.834769e-01   1.553251e+00   1.841263e-03   2.317226e-03   450680
  5.898365e-01   1.588917e+00   1.831084e-03   2.343383e-03   457856
  5.962115e-01   1.613103e+00   1.848347e-03   2.343968e-03   472538
  6.026013e-01   1.641413e+00   1.839689e-03   2.368013e-03   480140
  6.089752e-01   1.667645e+00   1.841279e-03   2.388598e-03   490842
  6.153517e-01   1.693969e+00   1.838382e-03   2.398184e-03   500744
  6.217295e-01   1.718811e+00   1.842392e-03   2.397146e-03   511856
  6.281145e-01   1.748392e+00   1.844734e-03   2.424528e-03   523202
  6.344991e-01   1.781439e+00   1.840396e-03   2.442645e-03   532688
  6.408638e-01   1.808281e+00   1.834541e-03   2.453763e-03   541520
  6.472341e-01   1.836663e+00   1.842653e-03   2.464644e-03   555110
  6.536136e-01   1.868062e+00   1.839126e-03   2.483904e-03   564944
  6.599884e-01   1.894581e+00   1.839832e-03   2.491371e-03   576434
  6.663740e-01   1.916175e+00   1.844405e-03   2.495612e-03   588848
  6.727501e-01   1.948381e+00   1.838623e-03   2.520900e-03   597704
  6.791236e-01   1.983019e+00   1.842386e-03   2.533530e-03   610946
  6.855006e-01   2.014951e+00   1.837794e-03   2.546971e-03   620852
  6.918722e-01   2.047434e+00   1.841901e-03   2.577421e-03   633530
  6.982524e-01   2.070138e+00   1.841844e-03   2.579206e-03   645704
  7.046316e-01   2.102182e+00   1.840565e-03   2.593925e-03   656744
  7.110074e-01   2.125848e+00   1.841941e-03   2.606488e-03   669162
  7.173906e-01   2.160179e+00   1.843286e-03   2.615359e-03   681992
  7.237681e-01   2.188235e+00   1.838959e-03   2.642469e-03   692360
  7.301485e-01   2.218875e+00   1.844364e-03   2.644155e-03   707006
  7.365206e-01   2.243111e+00   1.834135e-03   2.659706e-03   714944
  7.428835e-01   2.292616e+00   1.841775e-03   2.675356e-03   730346
  7.492606e-01   2.312186e+00   1.838962e-03   2.674688e-03   742616
  7.556415e-01   2.351505e+00   1.843530e-03   2.707344e-03   756536
  7.620128e-01   2.386434e+00   1.836595e-03   2.731551e-03   766418
  7.683917e-01   2.414854e+00   1.845753e-03   2.726018e-03   783392
  7.747614e-01   2.448959e+00   1.833632e-03   2.752661e-03   790412
  7.811334e-01   2.483038e+00   1.848120e-03   2.757373e-03   810314
  7.875277e-01   2.517669e+00   1.843702e-03   2.780919e-03   821960
  7.938987e-01   2.540843e+00   1.834976e-03   2.791220e-03   831266
  8.002712e-01   2.578226e+00   1.843706e-03   2.799230e-03   848960
  8.066557e-01   2.603456e+00   1.842629e-03   2.808279e-03   861488
  8.130204e-01   2.639808e+00   1.833334e-03   2.830357e-03   871194
  8.193985e-01   2.674996e+00   1.847247e-03   2.825471e-03   891788
  8.257796e-01   2.709309e+00   1.838008e-03   2.857319e-03   900416
  8.321422e-01   2.749434e+00   1.836250e-03   2.872237e-03   914306
  8.385264e-01   2.782987e+00   1.847988e-03   2.884961e-03   933992
  8.449011e-01   2.808030e+00   1.834294e-03   2.904394e-03   940826
  8.512701e-01   2.854668e+00   1.842364e-03   2.912076e-03   960224
  8.576621e-01   2.881801e+00   1.846556e-03   2.918418e-03   976316
  8.640381e-01   2.914921e+00   1.835724e-03   2.943269e-03   985010
  8.704114e-01   2.949789e+00   1.843336e-03   2.948619e-03   1004024
  8.767898e-01   2.982917e+00   1.839706e-03   2.955870e-03   1016288
  8.831639e-01   3.028026e+00   1.840690e-03   2.983913e-03   1032290
  8.895470e-01   3.061205e+00   1.843156e-03   2.992638e-03   1048640
  8.959130e-01   3.096871e+00   1.831919e-03   3.015086e-03   1057250
  9.022937e-01   3.131151e+00   1.849588e-03   3.008819e-03   1083140
  9.086870e-01   3.165115e+00   1.840763e-03   3.032493e-03   1092248
  9.150555e-01   3.199577e+00   1.837510e-03   3.039368e-03   1105914
  9.214310e-01   3.233374e+00   1.841822e-03   3.057759e-03   1124744
  9.278120e-01   3.272706e+00   1.841202e-03   3.064274e-03   1139120
  9.341841e-01   3.310028e+00   1.838536e-03   3.081333e-03   1153490
  9.405650e-01   3.343090e+00   1.844187e-03   3.083954e-03   1172936
  9.469357e-01   3.380833e+00   1.834491e-03   3.113021e-03   1182158
  9.533110e-01   3.409649e+00   1.846126e-03   3.108774e-03   1206392
  9.596894e-01   3.461871e+00   1.835525e-03   3.134539e-03   1215224
  9.660641e-01   3.490691e+00   1.844936e-03   3.140787e-03   1237874
  9.724505e-01   3.522314e+00   1.841050e-03   3.156022e-03   1251800
  9.788233e-01   3.564555e+00   1.838619e-03   3.165336e-03   1265792
  9.851993e-01   3.607388e+00   1.843109e-03   3.185068e-03   1286306
  9.915793e-01   3.642200e+00   1.838809e-03   3.197417e-03   1299764
  9.979438e-01   3.674138e+00   1.836769e-03   3.205769e-03   1314554
  1.004319e+00   3.713599e+00   1.843595e-03   3.220111e-03   1337288
  1.010703e+00   3.748043e+00   1.840912e-03   3.226012e-03   1351304
  1.017077e+00   3.793170e+00   1.841769e-03   3.237686e-03   1369026
  1.023461e+00   3.826235e+00   1.843478e-03   3.243594e-03   1388456
  1.029842e+00   3.873254e+00   1.840406e-03   3.273758e-03   1402700
  1.036211e+00   3.892804e+00   1.837802e-03   3.276340e-03   1418282
  1.042587e+00   3.942588e+00   1.843596e-03   3.291746e-03   1440272
  1.048964e+00   3.974405e+00   1.838705e-03   3.291955e-03   1454114
  1.055341e+00   4.013921e+00   1.842603e-03   3.311058e-03   1475480
  1.061720e+00   4.054373e+00   1.840520e-03   3.322628e-03   1490936
  1.068091e+00   4.091790e+00   1.838519e-03   3.337914e-03   1507826
  1.074472e+00   4.129302e+00   1.844275e-03   3.337191e-03   1530764
  1.080850e+00   4.170219e+00   1.839052e-03   3.361907e-03   1543424
  1.087222e+00   4.207704e+00   1.841688e-03   3.364854e-03   1564946
  1.093594e+00   4.244380e+00   1.835875e-03   3.379488e-03   1578536
  1.099970e+00   4.278546e+00   1.845670e-03   3.372868e-03   1604882
  1.106358e+00   4.324153e+00   1.842454e-03   3.396801e-03   1621304
  1.112736e+00   4.356470e+00   1.839545e-03   3.406293e-03   1637024
  1.119103e+00   4.404432e+00   1.837794e-03   3.427740e-03   1654134
  1.125480e+00   4.447730e+00   1.844256e-03   3.433359e-03   1679168
  1.131864e+00   4.488859e+00   1.841903e-03   3.449004e-03   1695944
  1.138235e+00   4.520079e+00   1.836568e-03   3.459048e-03   1710602
  1.144612e+00   4.561516e+00   1.844777e-03   3.465235e-03   1737056
  1.150994e+00   4.589737e+00   1.840390e-03   3.469573e-03   1752602
  1.157370e+00   4.637146e+00   1.839227e-03   3.482989e-03   1772024
  1.163752e+00   4.674607e+00   1.844090e-03   3.487413e-03   1795364
  1.170126e+00   4.712449e+00   1.836467e-03   3.504805e-03   1807634
  1.176490e+00   4.761173e+00   1.836183e-03   3.522191e-03   1827608
  1.182859e+00   4.798666e+00   1.840789e-03   3.522582e-03   1850984
  1.189240e+00   4.841201e+00   1.844107e-03   3.540520e-03   1874618
  1.195619e+00   4.872413e+00   1.838445e-03   3.543443e-03   1889504
  1.202001e+00   4.909330e+00   1.845373e-03   3.541116e-03   1916870
  1.208383e+00   4.950878e+00   1.838254e-03   3.564912e-03   1929728
  1.214760e+00   4.990498e+00   1.843674e-03   3.570178e-03   1955408
  1.221131e+00   5.033026e+00   1.834427e-03   3.593341e-03   1966842
  1.227503e+00   5.069364e+00   1.843005e-03   3.590812e-03   1996640
  1.233886e+00   5.109825e+00   1.842690e-03   3.597288e-03   2016392
  1.240265e+00   5.160199e+00   1.839730e-03   3.617040e-03   2034722
  1.246641e+00   5.210518e+00   1.840813e-03   3.635292e-03   2056460
  1.253014e+00   5.224673e+00   1.838931e-03   3.625266e-03   2075186
  1.259388e+00   5.266187e+00   1.840566e-03   3.629514e-03   2099096
  1.265761e+00   5.308392e+00   1.837910e-03   3.653011e-03   2116832
  1.272138e+00   5.347934e+00   1.844119e-03   3.651019e-03   2145146
  1.278526e+00   5.397029e+00   1.844128e-03   3.669786e-03   2166776
  1.284904e+00   5.433685e+00   1.838822e-03   3.675227e-03   2181848
  1.291273e+00   5.470865e+00   1.838785e-03   3.692066e-03   2203766
  1.297646e+00   5.501293e+00   1.840619e-03   3.685008e-03   2227664
  1.304025e+00   5.556818e+00   1.842381e-03   3.701662e-03   2252138
  1.310403e+00   5.590660e+00   1.839825e-03   3.715807e-03   2271152
  1.316777e+00   5.636460e+00   1.840536e-03   3.722970e-03   2293256
  1.323154e+00   5.671947e+00   1.842085e-03   3.730616e-03   2318130
  1.329536e+00   5.700048e+00   1.841956e-03   3.729830e-03   2340824
  1.335910e+00   5.756824e+00   1.838342e-03   3.745946e-03   2357990
  1.342292e+00   5.785042e+00   1.846396e-03   3.738604e-03   2391176
  1.348671e+00   5.817160e+00   1.837209e-03   3.757922e-03   2401808
  1.355040e+00   5.862113e+00   1.840258e-03   3.760372e-03   2428442
  1.361418e+00   5.906423e+00   1.842645e-03   3.777785e-03   2454752
  1.367798e+00   5.945117e+00   1.841270e-03   3.780093e-03   2475872
  1.374172e+00   5.984260e+00   1.838763e-03   3.791729e-03   2495822
  1.380543e+00   6.030618e+00   1.839940e-03   3.798808e-03   2520248
  1.386922e+00   6.070741e+00   1.844043e-03   3.802050e-03   2549186
  1.393299e+00   6.101204e+00   1.837661e-03   3.807409e-03   2564768
  1.399672e+00   6.141719e+00   1.841284e-03   3.820737e-03   2592968
  1.406054e+00   6.187704e+00   1.843378e-03   3.823068e-03   2619818
  1.412431e+00   6.224908e+00   1.838027e-03   3.833515e-03   2636384
  1.418803e+00   6.263766e+00   1.840293e-03   3.841427e-03   2662220
  1.425180e+00   6.310000e+00   1.842524e-03   3.842005e-03   2689770
  1.431560e+00   6.348128e+00   1.840994e-03   3.856267e-03   2712296
  1.437933e+00   6.391104e+00   1.838431e-03   3.864671e-03   2732618
  1.444312e+00   6.414981e+00   1.843932e-03   3.854368e-03   2765264
  1.450695e+00   6.459773e+00   1.840894e-03   3.872334e-03   2784824
  1.457066e+00   6.499765e+00   1.837138e-03   3.878496e-03   2804162
  1.463445e+00   6.543334e+00   1.844971e-03   3.878004e-03   2840612
  1.469825e+00   6.573280e+00   1.839130e-03   3.892328e-03   2855576
  1.476198e+00   6.611488e+00   1.840533e-03   3.892462e-03   2883458
  1.482571e+00   6.653374e+00   1.838217e-03   3.906000e-03   2904128
  1.488946e+00   6.688161e+00   1.843378e-03   3.904292e-03   2937026
  1.495325e+00   6.735768e+00   1.839218e-03   3.919444e-03   2956976
  1.501703e+00   6.772970e+00   1.841967e-03   3.924324e-03   2986472
  1.508082e+00   6.811219e+00   1.840166e-03   3.931475e-03   3008918
  1.514460e+00   6.840765e+00   1.841773e-03   3.929951e-03   3036752
  1.520836e+00   6.881529e+00   1.839884e-03   3.932762e-03   3058376
  1.527209e+00   6.918493e+00   1.839616e-03   3.944541e-03   3084210
  1.533583e+00   6.955772e+00   1.840948e-03   3.939213e-03   3111848
  1.539960e+00   6.998738e+00   1.841348e-03   3.952404e-03   3138890
  1.546339e+00   7.034147e+00   1.840626e-03   3.955694e-03   3164516
  1.552719e+00   7.078981e+00   1.842638e-03   3.960562e-03   3192656
  1.559097e+00   7.106136e+00   1.840555e-03   3.969355e-03   3215618
  1.565473e+00   7.144051e+00   1.840732e-03   3.970722e-03   3242888
  1.571846e+00   7.180231e+00   1.839114e-03   3.974831e-03   3265448
  1.578224e+00   7.219042e+00   1.843575e-03   3.981364e-03   3300842
  1.584604e+00   7.258355e+00   1.839884e-03   3.986698e-03   3321008
  1.590977e+00   7.286635e+00   1.839336e-03   3.986084e-03   3346406
  1.597352e+00   7.329322e+00   1.841596e-03   3.986144e-03   3377984
  1.603728e+00   7.365527e+00   1.839551e-03   3.997870e-03   3400352
  1.610103e+00   7.398399e+00   1.841321e-03   3.994426e-03   3431450
  1.616483e+00   7.440941e+00   1.841519e-03   4.004661e-03   3458768
  1.622859e+00   7.485919e+00   1.841183e-03   4.014618e-03   3484088
  1.629231e+00   7.518778e+00   1.838425e-03   4.014681e-03   3508218
  1.635610e+00   7.558266e+00   1.843946e-03   4.015876e-03   3545924
  1.641992e+00   7.596464e+00   1.841053e-03   4.020549e-03   3567530
  1.648369e+00   7.626917e+00   1.840183e-03   4.025473e-03   3595040
  1.654744e+00   7.661769e+00   1.840167e-03   4.032800e-03   3621176
  1.661115e+00   7.695578e+00   1.839521e-03   4.034180e-03   3647738
  1.667490e+00   7.731812e+00   1.841438e-03   4.039553e-03   3680480
  1.673870e+00   7.771155e+00   1.842082e-03   4.036094e-03   3709712
  1.680248e+00   7.802777e+00   1.840008e-03   4.041702e-03   3734702
  1.686623e+00   7.828278e+00   1.840362e-03   4.036744e-03   3762776
  1.692996e+00   7.864115e+00   1.839854e-03   4.039589e-03   3790514
  1.699371e+00   7.899756e+00   1.839908e-03   4.041879e-03   3820352
  1.705752e+00   7.942124e+00   1.844068e-03   4.050086e-03   3856016
  1.712131e+00   7.965235e+00   1.839690e-03   4.053217e-03   3876818
  1.718506e+00   8.002242e+00   1.839874e-03   4.046198e-03   3906332
  1.724882e+00   8.043825e+00   1.841963e-03   4.053106e-03   3938216
  1.731260e+00   8.069080e+00   1.840685e-03   4.053704e-03   3966354
  1.737636e+00   8.115752e+00   1.839695e-03   4.064704e-03   3993536
  1.744011e+00   8.132601e+00   1.840344e-03   4.056989e-03   4024034
  1.750392e+00   8.177959e+00   1.843071e-03   4.061842e-03   4060208
  1.756773e+00   8.205871e+00   1.840812e-03   4.061339e-03   4083632
  1.763145e+00   8.243623e+00   1.837811e-03   4.070045e-03   4107062
  1.769521e+00   8.282775e+00   1.842771e-03   4.068420e-03   4148072
  1.775893e+00   8.309152e+00   1.836707e-03   4.073682e-03   4163456
  1.782267e+00   8.340626e+00   1.842476e-03   4.066036e-03   4207994
  1.788652e+00   8.377467e+00   1.843367e-03   4.068981e-03   4239152
  1.795029e+00   8.396262e+00   1.839132e-03   4.072256e-03   4259426
  1.801407e+00   8.442779e+00   1.842524e-03   4.072639e-03   4299488
  1.807788e+00   8.471799e+00   1.840660e-03   4.076937e-03   4323692
  1.814162e+00   8.500096e+00   1.840093e-03   4.076176e-03   4353242
  1.820541e+00   8.530625e+00   1.841694e-03   4.075434e-03   4388792
  1.826915e+00   8.570987e+00   1.838387e-03   4.085196e-03   4409912
  1.833288e+00   8.594379e+00   1.841592e-03   4.074080e-03   4449282
  1.839667e+00   8.623650e+00   1.840784e-03   4.075173e-03   4478504
  1.846041e+00   8.647864e+00   1.839106e-03   4.075807e-03   4505882
  1.852417e+00   8.683756e+00   1.841020e-03   4.079821e-03   4542044
  1.858793e+00   8.720417e+00   1.840344e-03   4.083300e-03   4569608
  1.865169e+00   8.748144e+00   1.841195e-03   4.074842e-03   4604426
  1.871550e+00   8.775139e+00   1.842311e-03   4.077245e-03   4638896
  1.877925e+00   8.805354e+00   1.838827e-03   4.083170e-03   4660088
  1.884299e+00   8.839097e+00   1.841797e-03   4.077523e-03   4701290
  1.890678e+00   8.870740e+00   1.840619e-03   4.079157e-03   4729292
  1.897054e+00   8.909180e+00   1.841565e-03   4.083735e-03   4762706
  1.903435e+00   8.922624e+00   1.842610e-03   4.072682e-03   4799336
  1.909810e+00   8.957968e+00   1.837970e-03   4.082933e-03   4818680
  1.916185e+00   8.977613e+00   1.842882e-03   4.074440e-03   4863962
  1.922563e+00   9.005357e+00   1.839027e-03   4.076594e-03   4886216
  1.928938e+00   9.043185e+00   1.841692e-03   4.074673e-03   4925360
  1.935312e+00   9.071035e+00   1.838487e-03   4.076013e-03   4950198
  1.941682e+00   9.086795e+00   1.839228e-03   4.073723e-03   4983776
  1.948062e+00   9.121074e+00   1.844717e-03   4.066127e-03   5032058
  1.954444e+00   9.144349e+00   1.839748e-03   4.070298e-03   5052296
  1.960816e+00   9.171946e+00   1.839118e-03   4.065846e-03   5081048
  1.967192e+00   9.212515e+00   1.843475e-03   4.067276e-03   5127146
  1.973574e+00   9.230599e+00   1.841069e-03   4.064542e-03   5155376
  1.979948e+00   9.258868e+00   1.838766e-03   4.071569e-03   5181068
  1.986324e+00   9.284215e+00   1.842536e-03   4.066086e-03   5225906
  1.992703e+00   9.299045e+00   1.840301e-03   4.055221e-03   5253224
  1.999075e+00   9.336792e+00   1.838471e-03   4.063452e-03   5281154
  2.005453e+00   9.363224e+00   1.843666e-03   4.058529e-03   5330336
  2.011834e+00   9.381546e+00   1.840278e-03   4.055876e-03   5354120
  2.018204e+00   9.411127e+00   1.837177e-03   4.054763e-03   5380154
  2.024582e+00   9.439412e+00   1.844004e-03   4.047605e-03   5433740
  2.030964e+00   9.457379e+00   1.841066e-03   4.051330e-03   5458202
  2.037337e+00   9.484863e+00   1.838473e-03   4.048091e-03   5486424
  2.043713e+00   9.520787e+00   1.842073e-03   4.046785e-03   5530640
  2.050092e+00   9.535084e+00   1.840865e-03   4.039875e-03   5561162
  2.056472e+00   9.561618e+00   1.842354e-03   4.040255e-03   5601512
  2.062848e+00   9.577887e+00   1.838550e-03   4.042655e-03   5623244
  2.069220e+00   9.614811e+00   1.840849e-03   4.038075e-03   5665346
  2.075598e+00   9.629720e+00   1.841113e-03   4.031205e-03   5702384
  2.081975e+00   9.661869e+00   1.840298e-03   4.039107e-03   5734706
  2.088353e+00   9.670495e+00   1.841301e-03   4.024340e-03   5773184
  2.094733e+00   9.699021e+00   1.841946e-03   4.023225e-03   5809568
  2.101105e+00   9.723565e+00   1.837552e-03   4.029277e-03   5831090
  2.107479e+00   9.748171e+00   1.842206e-03   4.017829e-03   5881964
  2.113859e+00   9.766928e+00   1.841213e-03   4.016357e-03   5913416
  2.120238e+00   9.781174e+00   1.841923e-03   4.009067e-03   5952290
  2.126616e+00   9.806619e+00   1.839865e-03   4.016844e-03   5981144
  2.132988e+00   9.834942e+00   1.839742e-03   4.014121e-03   6015290
  2.139364e+00   9.853331e+00   1.841927e-03   4.002404e-03   6059664
  2.145743e+00   9.869911e+00   1.840799e-03   3.999904e-03   6092336
  2.152122e+00   9.895161e+00   1.842086e-03   3.998374e-03   6132806
  2.158501e+00   9.916914e+00   1.841321e-03   3.995084e-03   6166832
  2.164873e+00   9.930124e+00   1.837443e-03   3.990731e-03   6189272
  2.171243e+00   9.952087e+00   1.841004e-03   3.987000e-03   6238154
  2.177621e+00   9.972642e+00   1.841080e-03   3.983874e-03   6275288
  2.184000e+00   9.995606e+00   1.842241e-03   3.980603e-03   6316322
  2.190379e+00   1.000457e+01   1.840641e-03   3.973196e-03   6348488
  2.196756e+00   1.002833e+01   1.841212e-03   3.974024e-03   6385868
  2.203134e+00   1.004727e+01   1.841850e-03   3.965379e-03   6425378
  2.209510e+00   1.007042e+01   1.839408e-03   3.963184e-03   6455360
  2.215886e+00   1.007854e+01   1.841392e-03   3.953958e-03   6498176
  2.222261e+00   1.010760e+01   1.840198e-03   3.953510e-03   6531674
  2.228637e+00   1.012784e+01   1.841209e-03   3.951513e-03   6573368
  2.235015e+00   1.014313e+01   1.841417e-03   3.943557e-03   6611246
  2.241392e+00   1.016406e+01   1.840803e-03   3.946117e-03   6647424
  2.247770e+00   1.016747e+01   1.841365e-03   3.933121e-03   6687488
  2.254147e+00   1.020077e+01   1.839919e-03   3.941990e-03   6721250
  2.260520e+00   1.020768e+01   1.839077e-03   3.927257e-03   6755816
  2.266897e+00   1.023290e+01   1.842933e-03   3.928327e-03   6806504
  2.273276e+00   1.025618e+01   1.840584e-03   3.918848e-03   6837506
  2.279651e+00   1.026810e+01   1.839474e-03   3.918659e-03   6871556
  2.286030e+00   1.029295e+01   1.843489e-03   3.913435e-03   6924938
  2.292407e+00   1.029883e+01   1.838210e-03   3.913879e-03   6945320
  2.298778e+00   1.031055e+01   1.839118e-03   3.904152e-03   6986072
  2.305158e+00   1.033081e+01   1.844888e-03   3.892789e-03   7046642
  2.311538e+00   1.034008e+01   1.838415e-03   3.891889e-03   7061168
  2.317910e+00   1.034837e+01   1.840538e-03   3.883489e-03   7108064
  2.324288e+00   1.038180e+01   1.841488e-03   3.877702e-03   7151822
  2.330666e+00   1.039336e+01   1.840837e-03   3.875426e-03   7187600
  2.337045e+00   1.039696e+01   1.841819e-03   3.867601e-03   7231418
  2.343420e+00   1.042412e+01   1.838266e-03   3.869969e-03   7257912
  2.349793e+00   1.042266e+01   1.841246e-03   3.857435e-03   7307840
  2.356171e+00   1.044543e+01   1.840707e-03   3.856968e-03   7346618
  2.362545e+00   1.046269e+01   1.838315e-03   3.851496e-03   7376552
  2.368920e+00   1.046660e+01   1.842635e-03   3.841561e-03   7431740
  2.375299e+00   1.049233e+01   1.840580e-03   3.842502e-03   7464458
  2.381675e+00   1.050845e+01   1.840724e-03   3.836572e-03   7505672
  2.388054e+00   1.050649e+01   1.841875e-03   3.831407e-03   7550906
  2.394430e+00   1.052438e+01   1.839274e-03   3.820205e-03   7580720
  2.400808e+00   1.053412e+01   1.843124e-03   3.813025e-03   7635944
  2.407183e+00   1.054928e+01   1.837385e-03   3.816215e-03   7653254
  2.413557e+00   1.056012e+01   1.842500e-03   3.803684e-03   7714712
  2.419937e+00   1.057174e+01   1.841714e-03   3.800178e-03   7751840
  2.426315e+00   1.058136e+01   1.840093e-03   3.790604e-03   7788170
  2.432690e+00   1.059409e+01   1.840288e-03   3.785544e-03   7828544
  2.439067e+00   1.059484e+01   1.841589e-03   3.776028e-03   7874474
  2.445442e+00   1.060523e+01   1.838917e-03   3.775437e-03   7906032
  2.451817e+00   1.062068e+01   1.841643e-03   3.766648e-03   7957580
  2.458195e+00   1.063294e+01   1.840967e-03   3.761688e-03   7995962
  2.464573e+00   1.063747e+01   1.841319e-03   3.752218e-03   8038976
  2.470951e+00   1.065631e+01   1.841937e-03   3.755271e-03   8082320
  2.477329e+00   1.065799e+01   1.840784e-03   3.742945e-03   8120450
  2.483701e+00   1.068014e+01   1.838200e-03   3.743718e-03   8150312
  2.490075e+00   1.068979e+01   1.842025e-03   3.732509e-03   8210450
  2.496455e+00   1.069322e+01   1.840554e-03   3.723768e-03   8246732
  2.502832e+00   1.070004e+01   1.841458e-03   3.715748e-03   8290256
  2.509210e+00   1.070345e+01   1.841232e-03   3.709849e-03   8333306
  2.515587e+00   1.071650e+01   1.840510e-03   3.703744e-03   8372312
  2.521962e+00   1.072409e+01   1.840644e-03   3.696778e-03   8413472
  2.528337e+00   1.073509e+01   1.840038e-03   3.697426e-03   8455634
  2.534714e+00   1.074638e+01   1.841410e-03   3.684678e-03   8503736
  2.541090e+00   1.075181e+01   1.840703e-03   3.680590e-03   8542814
  2.547468e+00   1.075745e+01   1.841283e-03   3.669760e-03   8589960
  2.553847e+00   1.075647e+01   1.841675e-03   3.663114e-03   8633912
  2.560223e+00   1.077150e+01   1.839336e-03   3.661325e-03   8666690
  2.566599e+00   1.078428e+01   1.842209e-03   3.651997e-03   8722544
  2.572977e+00   1.079085e+01   1.840585e-03   3.647491e-03   8758112
  2.579352e+00   1.080165e+01   1.839548e-03   3.643143e-03   8798750
  2.585728e+00   1.079405e+01   1.841277e-03   3.630769e-03   8848808
  2.592104e+00   1.080708e+01   1.840251e-03   3.627318e-03   8889170
  2.598481e+00   1.081226e+01   1.840227e-03   3.620250e-03   8934608
  2.604856e+00   1.082300e+01   1.839643e-03   3.615556e-03   8971640
  2.611232e+00   1.082356e+01   1.842388e-03   3.607034e-03   9029954
  2.617612e+00   1.082026e+01   1.840920e-03   3.596396e-03   9067856
  2.623987e+00   1.083292e+01   1.839672e-03   3.593852e-03   9104444
  2.630367e+00   1.084171e+01   1.843923e-03   3.584216e-03   9171242
  2.636745e+00   1.084502e+01   1.838017e-03   3.581657e-03   9185528
  2.643114e+00   1.085249e+01   1.839022e-03   3.574050e-03   9235394
  2.649494e+00   1.086390e+01   1.844050e-03   3.565390e-03   9305688
  2.655872e+00   1.086063e+01   1.838662e-03   3.559981e-03   9321824
  2.662249e+00   1.086454e+01   1.843226e-03   3.548778e-03   9392090
  2.668628e+00   1.086095e+01   1.839001e-03   3.543112e-03   9414332
  2.675000e+00   1.087664e+01   1.840415e-03   3.538210e-03   9465410
  2.681380e+00   1.088156e+01   1.842364e-03   3.531224e-03   9523760
  2.687758e+00   1.087302e+01   1.839771e-03   3.522528e-03   9553832
  2.694133e+00   1.087645e+01   1.840855e-03   3.509588e-03   9604298
  2.700510e+00   1.088979e+01   1.840893e-03   3.508759e-03   9651176
  2.706885e+00   1.088783e+01   1.839603e-03   3.501758e-03   9687704
  2.713262e+00   1.089579e+01   1.842393e-03   3.492888e-03   9748574
  2.719643e+00   1.090132e+01   1.842290e-03   3.485228e-03   9794624
  2.726015e+00   1.090509e+01   1.836766e-03   3.482531e-03   9811370
  2.732389e+00   1.089880e+01   1.842921e-03   3.469701e-03   9891320
  2.738770e+00   1.091279e+01   1.841218e-03   3.470506e-03   9926024
  2.745146e+00   1.090575e+01   1.840208e-03   3.458440e-03   9967586
  2.751522e+00   1.090055e+01   1.840755e-03   3.448952e-03   10018116
  2.757897e+00   1.091473e+01   1.840456e-03   3.445017e-03   10060280
  2.764274e+00   1.091402e+01   1.841667e-03   3.435468e-03   10115450
  2.770654e+00   1.091108e+01   1.841837e-03   3.424316e-03   10164368
  2.777028e+00   1.092224e+01   1.838094e-03   3.426550e-03   10188314
  2.783404e+00   1.091744e+01   1.843290e-03   3.410524e-03   10265168
  2.789784e+00   1.092226e+01   1.840160e-03   3.407073e-03   10294448
  2.796159e+00   1.092474e+01   1.840640e-03   3.401840e-03   10343918
  2.802537e+00   1.092368e+01   1.841730e-03   3.391855e-03   10397600
  2.808913e+00   1.092353e+01   1.840311e-03   3.382196e-03   10435328
  2.815285e+00   1.092333e+01   1.838957e-03   3.379788e-03   10476698
  2.821661e+00   1.092641e+01   1.842237e-03   3.368164e-03   10543184
  2.828039e+00   1.093455e+01   1.839935e-03   3.365164e-03   10577834
  2.834417e+00   1.092207e+01   1.842252e-03   3.352015e-03   10641560
  2.840795e+00   1.092656e+01   1.839115e-03   3.351376e-03   10668452
  2.847169e+00   1.093410e+01   1.841467e-03   3.345140e-03   10729634
  2.853544e+00   1.091982e+01   1.839115e-03   3.332048e-03   10766520
  2.859920e+00   1.092892e+01   1.841423e-03   3.325923e-03   10825856
  2.866300e+00   1.092811e+01   1.842253e-03   3.319640e-03   10880090
  2.872679e+00   1.092490e+01   1.840348e-03   3.310943e-03   10918088
  2.879054e+00   1.092157e+01   1.840274e-03   3.303213e-03   10964474
  2.885431e+00   1.092439e+01   1.841464e-03   3.296368e-03   11021180
  2.891809e+00   1.093075e+01   1.840637e-03   3.289294e-03   11064248
  2.898185e+00   1.093306e+01   1.840651e-03   3.285817e-03   11114234
  2.904565e+00   1.091258e+01   1.842174e-03   3.268189e-03   11172872
  2.910943e+00   1.092238e+01   1.840078e-03   3.264600e-03   11206880
  2.917314e+00   1.092187e+01   1.838484e-03   3.262699e-03   11248130
  2.923689e+00   1.092524e+01   1.841523e-03   3.251737e-03   11316140
  2.930066e+00   1.092044e+01   1.840085e-03   3.247925e-03   11355554
  2.936443e+00   1.091483e+01   1.841835e-03   3.238800e-03   11417840
  2.942822e+00   1.091189e+01   1.840319e-03   3.230050e-03   11456528
  2.949199e+00   1.091681e+01   1.841526e-03   3.224199e-03   11512874
  2.955576e+00   1.091094e+01   1.840486e-03   3.213903e-03   11557272
  2.961950e+00   1.092177e+01   1.839582e-03   3.212651e-03   11600360
  2.968326e+00   1.090857e+01   1.841593e-03   3.201184e-03   11663678
  2.974703e+00   1.091551e+01   1.840371e-03   3.194668e-03   11705552
  2.981079e+00   1.090652e+01   1.840912e-03   3.188436e-03   11758658
  2.987457e+00   1.090684e+01   1.841605e-03   3.177612e-03   11815208
  2.993836e+00   1.090813e+01   1.841556e-03   3.174654e-03   11864000
  3.000212e+00   1.090346e+01   1.839938e-03   3.166424e-03   11904962
  3.006589e+00   1.091055e+01   1.840973e-03   3.162528e-03   11963696
  3.012966e+00   1.089644e+01   1.840866e-03   3.151798e-03   12011132
  3.019341e+00   1.089499e+01   1.840389e-03   3.142735e-03   12059450
  3.025718e+00   1.090533e+01   1.841438e-03   3.139452e-03   12118280
  3.032095e+00   1.088982e+01   1.840188e-03   3.127547e-03   12160562
  3.038470e+00   1.089380e+01   1.840247e-03   3.125828e-03   12212768
  3.044846e+00   1.088575e+01   1.841220e-03   3.115695e-03   12269504
  3.051223e+00   1.088808e+01   1.840948e-03   3.111256e-03   12319370
  3.057600e+00   1.088108e+01   1.840852e-03   3.103062e-03   12370140
  3.063975e+00   1.087489e+01   1.840437e-03   3.093903e-03   12417752
  3.070352e+00   1.088736e+01   1.841133e-03   3.091280e-03   12476882
  3.076731e+00   1.087305e+01   1.841502e-03   3.079630e-03   12530816
  3.083108e+00   1.087208e+01   1.840958e-03   3.072581e-03   12577658
  3.089485e+00   1.087183e+01   1.840591e-03   3.067561e-03   12629288
  3.095862e+00   1.087333e+01   1.841067e-03   3.059836e-03   12683828
  3.102237e+00   1.086989e+01   1.839537e-03   3.055405e-03   12725354
  3.108612e+00   1.086746e+01   1.841269e-03   3.046038e-03   12790616
  3.114989e+00   1.085785e+01   1.840010e-03   3.038631e-03   12833768
  3.121365e+00   1.086344e+01   1.841117e-03   3.034891e-03   12894194
  3.127743e+00   1.085946e+01   1.841676e-03   3.028287e-03   12950240
  3.134122e+00   1.085932e+01   1.840849e-03   3.022056e-03   12998714
  3.140498e+00   1.085185e+01   1.840244e-03   3.016766e-03   13048100
  3.146876e+00   1.084350e+01   1.841732e-03   3.005864e-03   13109120
  3.153254e+00   1.084873e+01   1.841032e-03   3.001055e-03   13158506
  3.159627e+00   1.084939e+01   1.838302e-03   3.000440e-03   13193040
  3.166002e+00   1.084613e+01   1.841969e-03   2.989819e-03   13271072
  3.172380e+00   1.084426e+01   1.840294e-03   2.985368e-03   13314242
  3.178754e+00   1.084358e+01   1.839703e-03   2.979451e-03   13363808
  3.185133e+00   1.084317e+01   1.842485e-03   2.970537e-03   13436822
  3.191512e+00   1.083110e+01   1.840487e-03   2.964929e-03   13476080
  3.197887e+00   1.083414e+01   1.840204e-03   2.960046e-03   13527296
  3.204264e+00   1.082421e+01   1.841161e-03   2.951371e-03   13589498
  3.210638e+00   1.083008e+01   1.838626e-03   2.949986e-03   13623704
  3.217016e+00   1.081846e+01   1.844054e-03   2.934344e-03   13717280
  3.223396e+00   1.082804e+01   1.839294e-03   2.933898e-03   13737914
  3.229770e+00   1.081977e+01   1.840743e-03   2.927408e-03   13801772
  3.236147e+00   1.081966e+01   1.841678e-03   2.919219e-03   13864298
  3.242524e+00   1.081927e+01   1.839451e-03   2.917933e-03   13904216
  3.248899e+00   1.081687e+01   1.840700e-03   2.912274e-03   13966064
  3.255276e+00   1.081570e+01   1.841492e-03   2.905091e-03   14027042
  3.261651e+00   1.081095e+01   1.838676e-03   2.900751e-03   14061048
  3.268027e+00   1.080647e+01   1.842396e-03   2.891877e-03   14143820
  3.274405e+00   1.080853e+01   1.840137e-03   2.889616e-03   14182442
  3.280782e+00   1.080517e+01   1.841285e-03   2.881532e-03   14245568
  3.287160e+00   1.080726e+01   1.841226e-03   2.877787e-03   14301338
  3.293537e+00   1.080384e+01   1.840394e-03   2.873594e-03   14350064
  3.299913e+00   1.079831e+01   1.841485e-03   2.865293e-03   14412488
  3.306292e+00   1.079657e+01   1.841397e-03   2.857824e-03   14470250
  3.312668e+00   1.080120e+01   1.839514e-03   2.857634e-03   14509484
  3.319039e+00   1.079494e+01   1.839618e-03   2.851455e-03   14564474
  3.325416e+00   1.079633e+01   1.842538e-03   2.843492e-03   14646632
  3.331795e+00   1.079898e+01   1.839978e-03   2.842834e-03   14681792
  3.338171e+00   1.080503e+01   1.841401e-03   2.838242e-03   14749946
  3.344548e+00   1.079761e+01   1.840482e-03   2.828805e-03   14799968
  3.350923e+00   1.079637e+01   1.839748e-03   2.828020e-03   14848808
  3.357300e+00   1.079376e+01   1.842276e-03   2.819151e-03   14925638
  3.363678e+00   1.079456e+01   1.840046e-03   2.817469e-03   14963016
  3.370053e+00   1.079312e+01   1.841263e-03   2.809979e-03   15031106
  3.376432e+00   1.080339e+01   1.841574e-03   2.809335e-03   15092384
  3.382808e+00   1.079299e+01   1.839899e-03   2.802718e-03   15132248
  3.389183e+00   1.080281e+01   1.841248e-03   2.801158e-03   15202322
  3.395560e+00   1.079615e+01   1.839985e-03   2.796543e-03   15250832
  3.401936e+00   1.079762e+01   1.841279e-03   2.790746e-03   15315692
  3.408315e+00   1.079400e+01   1.842099e-03   2.783323e-03   15382346
  3.414692e+00   1.079266e+01   1.839166e-03   2.781790e-03   15416024
  3.421065e+00   1.080593e+01   1.840590e-03   2.781015e-03   15483602
  3.427446e+00   1.080578e+01   1.843566e-03   2.772150e-03   15568424
  3.433825e+00   1.080794e+01   1.839187e-03   2.776496e-03   15589280
  3.440198e+00   1.080916e+01   1.839744e-03   2.769471e-03   15652502
  3.446575e+00   1.080879e+01   1.841959e-03   2.763451e-03   15728960
  3.452954e+00   1.080984e+01   1.840551e-03   2.759981e-03   15773168
  3.459328e+00   1.081103e+01   1.839940e-03   2.757291e-03   15828290
  3.465704e+00   1.081617e+01   1.840910e-03   2.754140e-03   15893184
  3.472081e+00   1.081954e+01   1.841157e-03   2.751680e-03   15954194
  3.478457e+00   1.082230e+01   1.839872e-03   2.749680e-03   16006016
  3.484831e+00   1.082329e+01   1.839639e-03   2.745975e-03   16058684
  3.491208e+00   1.082401e+01   1.842456e-03   2.740846e-03   16141898
  3.497590e+00   1.082996e+01   1.841864e-03   2.737353e-03   16197872
  3.503966e+00   1.083919e+01   1.839313e-03   2.740216e-03   16231640
  3.510341e+00   1.083717e+01   1.841313e-03   2.731355e-03   16310090
  3.516721e+00   1.085057e+01   1.841945e-03   2.732013e-03   16375136
  3.523097e+00   1.085142e+01   1.839457e-03   2.730975e-03   16412522
  3.529473e+00   1.085462e+01   1.841163e-03   2.728217e-03   16488308
  3.535850e+00   1.086021e+01   1.840616e-03   2.726520e-03   16539968
  3.542225e+00   1.086435e+01   1.839938e-03   2.724084e-03   16595714
  3.548602e+00   1.087596e+01   1.841625e-03   2.723616e-03   16671224
  3.554979e+00   1.087976e+01   1.840210e-03   2.723796e-03   16714064
  3.561354e+00   1.089013e+01   1.840955e-03   2.723846e-03   16783202
  3.567731e+00   1.089768e+01   1.840815e-03   2.718751e-03   16842504
  3.574108e+00   1.088973e+01   1.841084e-03   2.714650e-03   16904894
  3.580486e+00   1.090834e+01   1.841127e-03   2.716004e-03   16968656
  3.586865e+00   1.091460e+01   1.841521e-03   2.713887e-03   17030288
  3.593238e+00   1.092145e+01   1.838444e-03   2.715008e-03   17061482
  3.599615e+00   1.093539e+01   1.842988e-03   2.714504e-03   17164976
  3.605993e+00   1.094210e+01   1.840068e-03   2.714003e-03   17197184
  3.612368e+00   1.095206e+01   1.840756e-03   2.711897e-03   17267102
  3.618746e+00   1.096177e+01   1.841072e-03   2.714267e-03   17329928
  3.625121e+00   1.097001e+01   1.839901e-03   2.713559e-03   17378906
  3.631497e+00   1.098173e+01   1.841182e-03   2.713090e-03   17454776
  3.637873e+00   1.098594e+01   1.839972e-03   2.713019e-03   17501720
  3.644249e+00   1.099914e+01   1.842109e-03   2.711870e-03   17584826
  3.650631e+00   1.101802e+01   1.841819e-03   2.715729e-03   17646008
  3.657008e+00   1.102574e+01   1.840059e-03   2.715538e-03   17686412
  3.663381e+00   1.104807e+01   1.840228e-03   2.718075e-03   17751266
  3.669756e+00   1.105023e+01   1.840035e-03   2.718150e-03   17812848
  3.676130e+00   1.106079e+01   1.840074e-03   2.719993e-03   17874866
  3.682507e+00   1.108257e+01   1.841337e-03   2.721016e-03   17951720
  3.688886e+00   1.109369e+01   1.841134e-03   2.724025e-03   18009344
  3.695262e+00   1.110877e+01   1.840349e-03   2.726114e-03   18064730
  3.701640e+00   1.111890e+01   1.841339e-03   2.725531e-03   18137372
  3.708017e+00   1.113872e+01   1.840603e-03   2.730607e-03   18189632
  3.714392e+00   1.116011e+01   1.840457e-03   2.733106e-03   18254330
  3.720770e+00   1.116744e+01   1.841473e-03   2.734160e-03   18325808
  3.727148e+00   1.118719e+01   1.840737e-03   2.739857e-03   18379610
  3.733524e+00   1.120652e+01   1.840702e-03   2.743460e-03   18445760
  3.739901e+00   1.121878e+01   1.840479e-03   2.741824e-03   18504440
  3.746277e+00   1.123411e+01   1.840875e-03   2.745895e-03   18572198
  3.752657e+00   1.126596e+01   1.841895e-03   2.753840e-03   18647480
  3.759032e+00   1.128162e+01   1.838946e-03   2.760274e-03   18678152
  3.765406e+00   1.129974e+01   1.841061e-03   2.762056e-03   18764186
  3.771782e+00   1.130643e+01   1.840849e-03   2.761161e-03   18794103
  3.778158e+00   1.128582e+01   1.840297e-03   2.757646e-03   18760748
  3.784533e+00   1.126417e+01   1.840231e-03   2.754461e-03   18727940
  3.790912e+00   1.123388e+01   1.842073e-03   2.748677e-03   18712436
  3.797287e+00   1.121380e+01   1.838840e-03   2.744800e-03   18646616
  3.803663e+00   1.118747e+01   1.842455e-03   2.735724e-03   18651296
  3.810042e+00   1.116956e+01   1.840334e-03   2.734051e-03   18596096
  3.816418e+00   1.113998e+01   1.841121e-03   2.729641e-03   18571364
  3.822794e+00   1.111820e+01   1.839859e-03   2.724871e-03   18527096
  3.829170e+00   1.109076e+01   1.840846e-03   2.718570e-03   18501368
  3.835548e+00   1.107932e+01   1.841771e-03   2.717098e-03   18475040
  3.841927e+00   1.104314e+01   1.841481e-03   2.708867e-03   18439436
  3.848301e+00   1.102831e+01   1.838521e-03   2.709234e-03   18375752
  3.854674e+00   1.101031e+01   1.840584e-03   2.705258e-03   18361484
  3.861052e+00   1.098614e+01   1.842393e-03   2.699345e-03   18344504
  3.867430e+00   1.096475e+01   1.839817e-03   2.699328e-03   18284708
  3.873806e+00   1.094476e+01   1.841259e-03   2.691759e-03   18264048
  3.880183e+00   1.091602e+01   1.840629e-03   2.687569e-03   18220964
  3.886557e+00   1.090024e+01   1.839363e-03   2.684984e-03   18173528
  3.892935e+00   1.088041e+01   1.843046e-03   2.680242e-03   18173780
  3.899316e+00   1.085733e+01   1.841138e-03   2.679193e-03   18116660
  3.905693e+00   1.083575e+01   1.840842e-03   2.675721e-03   18078740
  3.912066e+00   1.081579e+01   1.838693e-03   2.672722e-03   18023108
  3.918439e+00   1.079330e+01   1.840734e-03   2.667828e-03   18005600
  3.924818e+00   1.077412e+01   1.842344e-03   2.663075e-03   17984552
  3.931198e+00   1.075508e+01   1.841062e-03   2.663404e-03   17934860
  3.937574e+00   1.072889e+01   1.840562e-03   2.659326e-03   17891468
  3.943950e+00   1.071861e+01   1.840945e-03   2.659271e-03   17857712
  3.950326e+00   1.069272e+01   1.840137e-03   2.653027e-03   17813108
  3.956702e+00   1.067137e+01   1.841074e-03   2.651461e-03   17784788
  3.963079e+00   1.065585e+01   1.840240e-03   2.649032e-03   17737268
  3.969455e+00   1.063132e+01   1.841773e-03   2.642829e-03   17713268
  3.975833e+00   1.062132e+01   1.840239e-03   2.645305e-03   17661912
  3.982208e+00   1.059713e+01   1.840290e-03   2.639492e-03   17622668
  3.988586e+00   1.057571e+01   1.842133e-03   2.634823e-03   17600552
  3.994964e+00   1.055564e+01   1.839951e-03   2.636961e-03   17542580
  4.001340e+00   1.053957e+01   1.840772e-03   2.629581e-03   17509112
  4.007717e+00   1.052146e+01   1.841501e-03   2.627819e-03   17475116
  4.014093e+00   1.050248e+01   1.839606e-03   2.626540e-03   17419964
  4.020469e+00   1.048376e+01   1.841433e-03   2.624574e-03   17397056
  4.026846e+00   1.046972e+01   1.840314e-03   2.625314e-03   17345336
  4.033223e+00   1.044415e+01   1.840964e-03   2.619666e-03   17310476
  4.039596e+00   1.042394e+01   1.838459e-03   2.618827e-03   17246360
  4.045972e+00   1.041686e+01   1.842582e-03   2.615444e-03   17244284
  4.052354e+00   1.038936e+01   1.842150e-03   2.610253e-03   17198240
  4.058731e+00   1.037007e+01   1.839271e-03   2.612345e-03   17130932
  4.065106e+00   1.035545e+01   1.841562e-03   2.608646e-03   17110040
  4.071484e+00   1.033215e+01   1.840722e-03   2.606668e-03   17058488
  4.077857e+00   1.032355e+01   1.839135e-03   2.607494e-03   17003664
  4.084233e+00   1.029518e+01   1.841446e-03   2.599661e-03   16983908
  4.090612e+00   1.028442e+01   1.841420e-03   2.600953e-03   16939220
  4.096989e+00   1.026604e+01   1.840515e-03   2.600472e-03   16888904
  4.103367e+00   1.025290e+01   1.841500e-03   2.599580e-03   16854920
  4.109743e+00   1.023098e+01   1.839861e-03   2.594525e-03   16795136
  4.116117e+00   1.021911e+01   1.840184e-03   2.595916e-03   16755860
  4.122495e+00   1.019758e+01   1.841913e-03   2.591469e-03   16729064
  4.128872e+00   1.017811e+01   1.840126e-03   2.589470e-03   16668260
  4.135248e+00   1.016315e+01   1.841092e-03   2.588710e-03   16631456
  4.141626e+00   1.015453e+01   1.841230e-03   2.591373e-03   16588208
  4.148001e+00   1.013199e+01   1.839635e-03   2.587092e-03   16531052
  4.154379e+00   1.012102e+01   1.842867e-03   2.585676e-03   16514456
  4.160755e+00   1.010153e+01   1.838861e-03   2.587836e-03   16432880
  4.167131e+00   1.008428e+01   1.842344e-03   2.583072e-03   16421120
  4.173510e+00   1.006451e+01   1.840051e-03   2.582103e-03   16354148
  4.179885e+00   1.004715e+01   1.841003e-03   2.581622e-03   16316184
  4.186264e+00   1.002751e+01   1.842179e-03   2.576511e-03   16283360
  4.192641e+00   1.001439e+01   1.839085e-03   2.580131e-03   16208756
  4.199016e+00   9.999950e+00   1.841765e-03   2.575910e-03   16184372
  4.205394e+00   9.988047e+00   1.840922e-03   2.577786e-03   16131116
  4.211767e+00   9.971121e+00   1.839273e-03   2.578196e-03   16070864
  4.218143e+00   9.955053e+00   1.841935e-03   2.575601e-03   16047596
  4.224522e+00   9.946315e+00   1.841132e-03   2.577228e-03   15993464
  4.230898e+00   9.922628e+00   1.839789e-03   2.575019e-03   15936116
  4.237274e+00   9.909910e+00   1.841227e-03   2.572823e-03   15899564
  4.243650e+00   9.894302e+00   1.840412e-03   2.573748e-03   15843188
  4.250027e+00   9.881683e+00   1.841430e-03   2.573979e-03   15806012
  4.256404e+00   9.868123e+00   1.840029e-03   2.573892e-03   15746972
  4.262780e+00   9.844670e+00   1.841029e-03   2.571065e-03   15706280
  4.269158e+00   9.837042e+00   1.841316e-03   2.570022e-03   15660560
  4.275534e+00   9.820536e+00   1.839976e-03   2.569731e-03   15601664
  4.281910e+00   9.807693e+00   1.840520e-03   2.571840e-03   15555936
  4.288286e+00   9.792446e+00   1.841154e-03   2.571620e-03   15511664
  4.294665e+00   9.776768e+00   1.841118e-03   2.568802e-03   15463688
  4.301042e+00   9.769281e+00   1.840371e-03   2.573312e-03   15406784
  4.307419e+00   9.750718e+00   1.841443e-03   2.568296e-03   15364076
  4.313795e+00   9.737957e+00   1.839853e-03   2.571217e-03   15302144
  4.320171e+00   9.723654e+00   1.841222e-03   2.571431e-03   15264716
  4.326549e+00   9.711718e+00   1.841061e-03   2.572226e-03   15212204
  4.332926e+00   9.695553e+00   1.840328e-03   2.572182e-03   15154664
  4.339301e+00   9.679807e+00   1.840391e-03   2.571590e-03   15104684
  4.345675e+00   9.667752e+00   1.839587e-03   2.572748e-03   15046256
  4.352051e+00   9.659510e+00   1.841370e-03   2.572872e-03   15009272
  4.358428e+00   9.644249e+00   1.840387e-03   2.574485e-03   14951624
  4.364807e+00   9.632657e+00   1.842302e-03   2.574209e-03   14915300
  4.371187e+00   9.619950e+00   1.840481e-03   2.576331e-03   14847140
  4.377560e+00   9.604649e+00   1.839457e-03   2.576057e-03   14786624
  4.383935e+00   9.594841e+00   1.840794e-03   2.577373e-03   14745252
  4.390313e+00   9.584759e+00   1.841504e-03   2.578002e-03   14697932
  4.396692e+00   9.560797e+00   1.841471e-03   2.576025e-03   14644448
  4.403070e+00   9.559466e+00   1.840856e-03   2.578942e-03   14586896
  4.409445e+00   9.542012e+00   1.839917e-03   2.581151e-03   14525000
  4.415820e+00   9.528749e+00   1.841355e-03   2.579354e-03   14482088
  4.422197e+00   9.527454e+00   1.840486e-03   2.583261e-03   14423696
  4.428574e+00   9.507659e+00   1.840927e-03   2.584975e-03   14373848
  4.434951e+00   9.503350e+00   1.841026e-03   2.586657e-03   14319188
  4.441328e+00   9.484606e+00   1.840720e-03   2.585120e-03   14262248
  4.447704e+00   9.484212e+00   1.840293e-03   2.590646e-03   14204780
  4.454079e+00   9.460346e+00   1.840780e-03   2.586873e-03   14153240
  4.460456e+00   9.454552e+00   1.840870e-03   2.591095e-03   14099048
  4.466833e+00   9.446836e+00   1.841305e-03   2.592651e-03   14048288
  4.473210e+00   9.428864e+00   1.840220e-03   2.592983e-03   13983860
  4.479586e+00   9.419184e+00   1.841413e-03   2.595280e-03   13935800
  4.485962e+00   9.414076e+00   1.839813e-03   2.600255e-03   13868784
  4.492338e+00   9.399165e+00   1.841245e-03   2.599712e-03   13824536
  4.498718e+00   9.394592e+00   1.842226e-03   2.601565e-03   13774364
  4.505095e+00   9.390735e+00   1.840286e-03   2.607969e-03   13702856
  4.511470e+00   9.376819e+00   1.840225e-03   2.609639e-03   13646648
  4.517844e+00   9.366708e+00   1.840082e-03   2.611943e-03   13588364
  4.524220e+00   9.358251e+00   1.841200e-03   2.612200e-03   13539920
  4.530597e+00   9.350652e+00   1.840383e-03   2.618113e-03   13478432
  4.536974e+00   9.338669e+00   1.840898e-03   2.616992e-03   13424264
  4.543353e+00   9.332194e+00   1.841656e-03   2.622356e-03   13370000
  4.549730e+00   9.325029e+00   1.840597e-03   2.628348e-03   13304432
  4.556105e+00   9.315809e+00   1.839697e-03   2.629852e-03   13241228
  4.562479e+00   9.307344e+00   1.840265e-03   2.634022e-03   13186508
  4.568858e+00   9.301814e+00   1.842616e-03   2.635757e-03   13144544
  4.575236e+00   9.295210e+00   1.839577e-03   2.639254e-03   13065032
  4.581610e+00   9.276895e+00   1.840140e-03   2.642984e-03   13008512
  4.587987e+00   9.274779e+00   1.841456e-03   2.647043e-03   12957360
  4.594365e+00   9.269042e+00   1.841180e-03   2.649979e-03   12897728
  4.600740e+00   9.263460e+00   1.838906e-03   2.654520e-03   12822884
  4.607118e+00   9.260915e+00   1.843186e-03   2.657789e-03   12790772
  4.613497e+00   9.246451e+00   1.839965e-03   2.661739e-03   12707960
  4.619871e+00   9.237036e+00   1.840055e-03   2.666787e-03   12650024
  4.626249e+00   9.237009e+00   1.841592e-03   2.672379e-03   12599360
  4.632627e+00   9.227207e+00   1.841060e-03   2.675979e-03   12533984
  4.639003e+00   9.216419e+00   1.840024e-03   2.678962e-03   12467036
  4.645379e+00   9.220773e+00   1.841105e-03   2.688047e-03   12412124
  4.651756e+00   9.209649e+00   1.840677e-03   2.691494e-03   12345776
  4.658131e+00   9.204871e+00   1.840856e-03   2.695309e-03   12286760
  4.664508e+00   9.195303e+00   1.840642e-03   2.699132e-03   12225452
  4.670885e+00   9.196314e+00   1.840694e-03   2.708163e-03   12162584
  4.677263e+00   9.187768e+00   1.841648e-03   2.709273e-03   12105824
  4.683640e+00   9.188735e+00   1.840444e-03   2.719113e-03   12036248
  4.690015e+00   9.176805e+00   1.840000e-03   2.721955e-03   11969736
  4.696391e+00   9.171649e+00   1.841517e-03   2.729154e-03   11916224
  4.702769e+00   9.175284e+00   1.840685e-03   2.735986e-03   11849312
  4.709145e+00   9.166348e+00   1.840274e-03   2.741184e-03   11783300
  4.715522e+00   9.163891e+00   1.841310e-03   2.748282e-03   11724800
  4.721898e+00   9.162822e+00   1.840639e-03   2.754783e-03   11657372
  4.728275e+00   9.161021e+00   1.840697e-03   2.762379e-03   11595320
  4.734652e+00   9.159396e+00   1.840360e-03   2.768002e-03   11527928
  4.741029e+00   9.156332e+00   1.841428e-03   2.777193e-03   11469008
  4.747404e+00   9.144210e+00   1.839492e-03   2.782434e-03   11392904
  4.753780e+00   9.152219e+00   1.841657e-03   2.792289e-03   11340476
  4.760155e+00   9.139564e+00   1.839780e-03   2.797825e-03   11263520
  4.766534e+00   9.142531e+00   1.842729e-03   2.805496e-03   11218472
  4.772911e+00   9.133588e+00   1.838731e-03   2.812722e-03   11129336
  4.779288e+00   9.132924e+00   1.842467e-03   2.820640e-03   11083964
  4.785665e+00   9.141212e+00   1.839931e-03   2.835280e-03   11001992
  4.792039e+00   9.134274e+00   1.840072e-03   2.840553e-03   10938228
  4.798414e+00   9.132050e+00   1.840560e-03   2.844988e-03   10874336
  4.804792e+00   9.127774e+00   1.841863e-03   2.854768e-03   10814828
  4.811169e+00   9.130735e+00   1.839739e-03   2.863159e-03   10736984
  4.817544e+00   9.132428e+00   1.840541e-03   2.872198e-03   10673948
  4.823923e+00   9.136725e+00   1.842721e-03   2.882293e-03   10617704
  4.830301e+00   9.124391e+00   1.840081e-03   2.893841e-03   10536416
  4.836675e+00   9.139980e+00   1.839468e-03   2.908679e-03   10466324
  4.843052e+00   9.127109e+00   1.842362e-03   2.907549e-03   10412984
  4.849431e+00   9.129902e+00   1.840724e-03   2.923561e-03   10334840
  4.855806e+00   9.126675e+00   1.840268e-03   2.932870e-03   10265528
  4.862183e+00   9.129338e+00   1.840956e-03   2.943202e-03   10200692
  4.868561e+00   9.122827e+00   1.841614e-03   2.950150e-03   10135292
  4.874938e+00   9.132139e+00   1.839941e-03   2.968769e-03   10058816
  4.881314e+00   9.133390e+00   1.840525e-03   2.977581e-03   9991772
  4.887691e+00   9.135286e+00   1.841575e-03   2.990312e-03   9925880
  4.894065e+00   9.133322e+00   1.838924e-03   3.001912e-03   9843288
  4.900441e+00   9.147516e+00   1.842306e-03   3.017500e-03   9792968
  4.906821e+00   9.133919e+00   1.840795e-03   3.022639e-03   9713612
  4.913196e+00   9.140202e+00   1.840365e-03   3.038866e-03   9640628
  4.919573e+00   9.138655e+00   1.840900e-03   3.049913e-03   9574256
  4.925949e+00   9.138915e+00   1.840276e-03   3.061978e-03   9499064
  4.932325e+00   9.145120e+00   1.841227e-03   3.076793e-03   9432296
  4.938702e+00   9.142823e+00   1.841040e-03   3.090683e-03   9362204
  4.945079e+00   9.158104e+00   1.840104e-03   3.108844e-03   9286052
  4.951457e+00   9.158413e+00   1.842090e-03   3.118296e-03   9222320
  4.957835e+00   9.165927e+00   1.841090e-03   3.138617e-03   9145976
  4.964211e+00   9.165594e+00   1.839895e-03   3.152181e-03   9070268
  4.970586e+00   9.157486e+00   1.840297e-03   3.161519e-03   8999720
  4.976964e+00   9.170081e+00   1.841617e-03   3.178197e-03   8932664
  4.983339e+00   9.165580e+00   1.838848e-03   3.193703e-03   8847344
  4.989712e+00   9.174438e+00   1.840809e-03   3.212451e-03   8782688
  4.996090e+00   9.179505e+00   1.841883e-03   3.225793e-03   8713440
  5.002468e+00   9.175004e+00   1.841131e-03   3.241672e-03   8638616
  5.008845e+00   9.185446e+00   1.839945e-03   3.260475e-03   8560856
  5.015220e+00   9.183833e+00   1.840402e-03   3.272928e-03   8487620
  5.021598e+00   9.197772e+00   1.842484e-03   3.293961e-03   8422796
  5.027976e+00   9.192794e+00   1.839559e-03   3.311983e-03   8336348
  5.034350e+00   9.203115e+00   1.840420e-03   3.331380e-03   8265176
  5.040727e+00   9.206855e+00   1.841761e-03   3.351853e-03   8196176
  5.047104e+00   9.211000e+00   1.839932e-03   3.370208e-03   8114636
  5.053478e+00   9.210390e+00   1.839889e-03   3.388649e-03   8038724
  5.059856e+00   9.216375e+00   1.842986e-03   3.405180e-03   7975460
  5.066235e+00   9.221502e+00   1.840210e-03   3.426831e-03   7889792
  5.072611e+00   9.222464e+00   1.840188e-03   3.446362e-03   7815728
  5.078987e+00   9.230315e+00   1.840544e-03   3.465532e-03   7739288
  5.085364e+00   9.232011e+00   1.841840e-03   3.484645e-03   7667432
  5.091741e+00   9.239046e+00   1.839798e-03   3.511831e-03   7583684
  5.098113e+00   9.236946e+00   1.839459e-03   3.531440e-03   7505172
  5.104490e+00   9.244328e+00   1.842916e-03   3.552137e-03   7442636
  5.110871e+00   9.245180e+00   1.841224e-03   3.574130e-03   7360676
  5.117246e+00   9.252334e+00   1.838532e-03   3.599430e-03   7272728
  5.123622e+00   9.254610e+00   1.842521e-03   3.620907e-03   7209140
  5.130001e+00   9.248683e+00   1.840984e-03   3.639290e-03   7125632
  5.136377e+00   9.253917e+00   1.840289e-03   3.662405e-03   7046924
  5.142753e+00   9.262148e+00   1.840046e-03   3.689809e-03   6966968
  5.149129e+00   9.257384e+00   1.841514e-03   3.712279e-03   6893408
  5.155505e+00   9.262831e+00   1.840118e-03   3.743246e-03   6811004
  5.161881e+00   9.265822e+00   1.840529e-03   3.764252e-03   6732944
  5.168258e+00   9.264977e+00   1.841885e-03   3.785504e-03   6658628
  5.174637e+00   9.271979e+00   1.841220e-03   3.818976e-03   6578804
  5.181014e+00   9.256259e+00   1.839505e-03   3.834166e-03   6493628
  5.187389e+00   9.268930e+00   1.841020e-03   3.868788e-03   6417476
  5.193767e+00   9.260109e+00   1.842303e-03   3.884594e-03   6341156
  5.200142e+00   9.251696e+00   1.838905e-03   3.921583e-03   6251676
  5.206515e+00   9.259766e+00   1.840100e-03   3.948902e-03   6176072
  5.212894e+00   9.253363e+00   1.842591e-03   3.967693e-03   6103028
  5.219273e+00   9.249430e+00   1.840028e-03   4.000139e-03   6015356
  5.225646e+00   9.228752e+00   1.838527e-03   4.019031e-03   5928908
  5.232022e+00   9.249710e+00   1.843529e-03   4.060784e-03   5861504
  5.238402e+00   9.225428e+00   1.840564e-03   4.080087e-03   5772440
  5.244776e+00   9.207475e+00   1.839302e-03   4.096750e-03   5688596
  5.251152e+00   9.213952e+00   1.841421e-03   4.138328e-03   5611412
  5.257531e+00   9.190704e+00   1.842425e-03   4.153031e-03   5532224
  5.263907e+00   9.168991e+00   1.838741e-03   4.177886e-03   5440748
  5.270281e+00   9.174191e+00   1.841068e-03   4.214338e-03   5364572
  5.276660e+00   9.159296e+00   1.842167e-03   4.237687e-03   5285204
  5.283039e+00   9.119734e+00   1.840147e-03   4.252746e-03   5197796
  5.289414e+00   9.101785e+00   1.840074e-03   4.273967e-03   5113244
  5.295789e+00   9.076343e+00   1.841509e-03   4.300190e-03   5032664
  5.302162e+00   9.056377e+00   1.838866e-03   4.324944e-03   4943484
  5.308538e+00   9.021684e+00   1.842083e-03   4.337744e-03   4869920
  5.314919e+00   8.992382e+00   1.840875e-03   4.353132e-03   4782608
  5.321298e+00   8.951949e+00   1.842000e-03   4.368187e-03   4700756
  5.327675e+00   8.921644e+00   1.839332e-03   4.383663e-03   4608920
  5.334047e+00   8.878915e+00   1.840509e-03   4.394725e-03   4528829
  5.340423e+00   8.849862e+00   1.840790e-03   4.408175e-03   4453172
  5.346801e+00   8.808906e+00   1.841398e-03   4.422036e-03   4381652
  5.353179e+00   8.785123e+00   1.840856e-03   4.438831e-03   4309628
  5.359558e+00   8.774550e+00   1.841542e-03   4.460754e-03   4242188
  5.365934e+00   8.754640e+00   1.840185e-03   4.488465e-03   4171796
  5.372309e+00   8.735462e+00   1.840332e-03   4.501456e-03   4107506
  5.378687e+00   8.709867e+00   1.841030e-03   4.526544e-03   4045694
  5.385067e+00   8.706734e+00   1.841878e-03   4.558645e-03   3984530
  5.391443e+00   8.680076e+00   1.839184e-03   4.575706e-03   3916622
  5.397815e+00   8.659574e+00   1.840413e-03   4.598778e-03   3858626
  5.404188e+00   8.643498e+00   1.839752e-03   4.619698e-03   3798918
  5.410566e+00   8.630985e+00   1.842453e-03   4.644925e-03   3747464
  5.416947e+00   8.628419e+00   1.840720e-03   4.681255e-03   3687278
  5.423327e+00   8.620507e+00   1.841755e-03   4.698731e-03   3632618
  5.429702e+00   8.620649e+00   1.839341e-03   4.742653e-03   3571766
  5.436076e+00   8.593695e+00   1.841405e-03   4.756846e-03   3521264
  5.442452e+00   8.566573e+00   1.840602e-03   4.776251e-03   3466964
  5.448828e+00   8.566147e+00   1.840149e-03   4.813840e-03   3414320
  5.455204e+00   8.565799e+00   1.840343e-03   4.842915e-03   3362948
  5.461581e+00   8.549329e+00   1.841385e-03   4.861011e-03   3313130
  5.467960e+00   8.528460e+00   1.841559e-03   4.885147e-03   3262766
  5.474335e+00   8.538648e+00   1.839552e-03   4.932410e-03   3210122
  5.480711e+00   8.515633e+00   1.841068e-03   4.951266e-03   3164282
  5.487089e+00   8.510242e+00   1.840871e-03   4.987773e-03   3115358
  5.493467e+00   8.505756e+00   1.841892e-03   5.013620e-03   3068642
  5.499842e+00   8.495630e+00   1.839367e-03   5.040002e-03   3017270
  5.506214e+00   8.501125e+00   1.840421e-03   5.083202e-03   2973396
  5.512592e+00   8.483505e+00   1.841795e-03   5.102946e-03   2930882
  5.518975e+00   8.484679e+00   1.842009e-03   5.145172e-03   2886296
  5.525354e+00   8.473860e+00   1.840110e-03   5.186970e-03   2838068
  5.531729e+00   8.484736e+00   1.840402e-03   5.216207e-03   2793680
  5.538103e+00   8.461497e+00   1.841057e-03   5.248022e-03   2750948
  5.544478e+00   8.465374e+00   1.840332e-03   5.285132e-03   2707712
  5.550852e+00   8.454703e+00   1.839444e-03   5.318654e-03   2665124
  5.557230e+00   8.466317e+00   1.841751e-03   5.370547e-03   2626712
  5.563610e+00   8.455424e+00   1.840829e-03   5.398526e-03   2583542
  5.569988e+00   8.454841e+00   1.841328e-03   5.437920e-03   2543108
  5.576363e+00   8.447090e+00   1.839426e-03   5.484862e-03   2500538
  5.582739e+00   8.421371e+00   1.841521e-03   5.500181e-03   2464052
  5.589119e+00   8.458437e+00   1.841364e-03   5.567749e-03   2424194
  5.595493e+00   8.444181e+00   1.839158e-03   5.595539e-03   2381732
  5.601866e+00   8.435264e+00   1.841683e-03   5.639133e-03   2346386
  5.608241e+00   8.450037e+00   1.839649e-03   5.693510e-03   2306598
  5.614618e+00   8.452728e+00   1.842029e-03   5.731122e-03   2273186
  5.621000e+00   8.432263e+00   1.840989e-03   5.751870e-03   2235188
  5.627378e+00   8.428634e+00   1.839949e-03   5.798085e-03   2196638
  5.633754e+00   8.439833e+00   1.841588e-03   5.866494e-03   2161706
  5.640129e+00   8.444632e+00   1.840261e-03   5.906126e-03   2124422
  5.646501e+00   8.434067e+00   1.838999e-03   5.941728e-03   2088578
  5.652879e+00   8.455937e+00   1.842650e-03   6.004171e-03   2058512
  5.659259e+00   8.475043e+00   1.839498e-03   6.093018e-03   2020202
  5.665635e+00   8.457320e+00   1.841528e-03   6.119864e-03   1987670
  5.672010e+00   8.458716e+00   1.840033e-03   6.164891e-03   1952114
  5.678381e+00   8.466183e+00   1.839290e-03   6.223484e-03   1918694
  5.684760e+00   8.467502e+00   1.843391e-03   6.263630e-03   1890932
  5.691143e+00   8.484257e+00   1.840482e-03   6.346398e-03   1855382
  5.697520e+00   8.487069e+00   1.841151e-03   6.399007e-03   1823276
  5.703897e+00   8.478303e+00   1.841467e-03   6.426676e-03   1791446
  5.710267e+00   8.494210e+00   1.837484e-03   6.501044e-03   1756566
  5.716642e+00   8.504418e+00   1.843486e-03   6.544705e-03   1732292
  5.723026e+00   8.507911e+00   1.841021e-03   6.628159e-03   1699718
  5.729405e+00   8.507973e+00   1.840666e-03   6.684806e-03   1668524
  5.735782e+00   8.530341e+00   1.841307e-03   6.773276e-03   1638656
  5.742152e+00   8.531676e+00   1.837941e-03   6.815857e-03   1606154
  5.748524e+00   8.536524e+00   1.841528e-03   6.876701e-03   1580984
  5.754907e+00   8.534354e+00   1.842158e-03   6.931801e-03   1553372
  5.761287e+00   8.537612e+00   1.839903e-03   7.011513e-03   1522502
  5.767663e+00   8.560519e+00   1.841211e-03   7.092050e-03   1494788
  5.774035e+00   8.573237e+00   1.839049e-03   7.189260e-03   1464992
  5.780407e+00   8.568498e+00   1.840885e-03   7.226185e-03   1439564
  5.786788e+00   8.585529e+00   1.842803e-03   7.312337e-03   1414766
  5.793173e+00   8.586210e+00   1.841316e-03   7.372685e-03   1386620
  5.799549e+00   8.613113e+00   1.839295e-03   7.465728e-03   1358024
  5.805920e+00   8.621498e+00   1.840494e-03   7.562049e-03   1332236
  5.812287e+00   8.619894e+00   1.837583e-03   7.625192e-03   1304568
  5.818666e+00   8.636594e+00   1.844995e-03   7.698605e-03   1285316
  5.825053e+00   8.677398e+00   1.840679e-03   7.813384e-03   1257272
  5.831429e+00   8.675207e+00   1.839591e-03   7.884405e-03   1231028
  5.837804e+00   8.711183e+00   1.841474e-03   8.009798e-03   1207136
  5.844175e+00   8.707122e+00   1.839197e-03   8.100485e-03   1181180
  5.850547e+00   8.706922e+00   1.841135e-03   8.159386e-03   1159352
  5.856931e+00   8.734265e+00   1.842986e-03   8.276393e-03   1137476
  5.863312e+00   8.758964e+00   1.839166e-03   8.381135e-03   1111280
  5.869686e+00   8.775711e+00   1.840689e-03   8.477477e-03   1088468
  5.876057e+00   8.794753e+00   1.840140e-03   8.600468e-03   1065008
  5.882427e+00   8.804078e+00   1.839713e-03   8.705286e-03   1042934
  5.888808e+00   8.837335e+00   1.843186e-03   8.807409e-03   1023488
  5.895195e+00   8.862451e+00   1.841961e-03   8.921520e-03   1000700
  5.901573e+00   8.856518e+00   1.839831e-03   9.004093e-03   977264
  5.907943e+00   8.857524e+00   1.839220e-03   9.136835e-03   955052
  5.914306e+00   8.887714e+00   1.837596e-03   9.257313e-03   933546
  5.920685e+00   8.914243e+00   1.845011e-03   9.388035e-03   917348
  5.927075e+00   8.941122e+00   1.841622e-03   9.515758e-03   895328
  5.933456e+00   8.963557e+00   1.840197e-03   9.637267e-03   873878
  5.939831e+00   8.995637e+00   1.841204e-03   9.781671e-03   853664
  5.946198e+00   9.017023e+00   1.838301e-03   9.950261e-03   832604
  5.952570e+00   9.006650e+00   1.841647e-03   1.005394e-02   815546
  5.958955e+00   9.056718e+00   1.841795e-03   1.019623e-02   797012
  5.965336e+00   9.085137e+00   1.838979e-03   1.033511e-02   776576
  5.971714e+00   9.088165e+00   1.842719e-03   1.046465e-02   758726
  5.978085e+00   9.112934e+00   1.838577e-03   1.064449e-02   738296
  5.984452e+00   9.124217e+00   1.839422e-03   1.078344e-02   721172
  5.990833e+00   9.185679e+00   1.842852e-03   1.098006e-02   705434
  5.997222e+00   9.188821e+00   1.841204e-03   1.114037e-02   687092
  6.003603e+00   9.227437e+00   1.841572e-03   1.135353e-02   669098
  6.009974e+00   9.276730e+00   1.839142e-03   1.154060e-02   650516
  6.016332e+00   9.315916e+00   1.836042e-03   1.179654e-02   632898
  6.022707e+00   9.328769e+00   1.844938e-03   1.187017e-02   620228
  6.029100e+00   9.356847e+00   1.842281e-03   1.211425e-02   603206
  6.035485e+00   9.410381e+00   1.841847e-03   1.231276e-02   586328
  6.041859e+00   9.425191e+00   1.840113e-03   1.252890e-02   569222
  6.048217e+00   9.462921e+00   1.835706e-03   1.278240e-02   552266
  6.054584e+00   9.491487e+00   1.843023e-03   1.295901e-02   539996
  6.060976e+00   9.535541e+00   1.843843e-03   1.315232e-02   525722
  6.067365e+00   9.523668e+00   1.839929e-03   1.337270e-02   509372
  6.073742e+00   9.592538e+00   1.840974e-03   1.369510e-02   494282
  6.080105e+00   9.613957e+00   1.836470e-03   1.390821e-02   478340
  6.086466e+00   9.663049e+00   1.839100e-03   1.418422e-02   465554
  6.092852e+00   9.685786e+00   1.844310e-03   1.439966e-02   453734
  6.099249e+00   9.750835e+00   1.841644e-03   1.480122e-02   439184
  6.105633e+00   9.720522e+00   1.841774e-03   1.494386e-02   424910
  6.112001e+00   9.794137e+00   1.839131e-03   1.530707e-02   410366
  6.118344e+00   9.870273e+00   1.830585e-03   1.569125e-02   395856
  6.124716e+00   9.889272e+00   1.849093e-03   1.586830e-02   387998
  6.131124e+00   9.951105e+00   1.844381e-03   1.629279e-02   374642
  6.137516e+00   9.997177e+00   1.841320e-03   1.668783e-02   361118
  6.143885e+00   1.006836e+01   1.838483e-03   1.706908e-02   347792
  6.150233e+00   1.005493e+01   1.833537e-03   1.735884e-02   335054
  6.156598e+00   1.009856e+01   1.843369e-03   1.760971e-02   326162
  6.163003e+00   1.015450e+01   1.845744e-03   1.810191e-02   315686
  6.169403e+00   1.022739e+01   1.839717e-03   1.860928e-02   302960
  6.175780e+00   1.025552e+01   1.841146e-03   1.903734e-02   291278
  6.182130e+00   1.030512e+01   1.834474e-03   1.949634e-02   278966
  6.188475e+00   1.038053e+01   1.838848e-03   1.996948e-02   269786
  6.194867e+00   1.046821e+01   1.848548e-03   2.051721e-02   261710
  6.201275e+00   1.043836e+01   1.841196e-03   2.106319e-02   250472
  6.207659e+00   1.052212e+01   1.840781e-03   2.145661e-02   239846
  6.214020e+00   1.060128e+01   1.837833e-03   2.214413e-02   229250
  6.220353e+00   1.062641e+01   1.827068e-03   2.265366e-02   218958
  6.226735e+00   1.065869e+01   1.853573e-03   2.308489e-02   213722
  6.233163e+00   1.074952e+01   1.842328e-03   2.378863e-02   203414
  6.239564e+00   1.088257e+01   1.844048e-03   2.473997e-02   193940
  6.245924e+00   1.086134e+01   1.836439e-03   2.534995e-02   183650
  6.252241e+00   1.090670e+01   1.829855e-03   2.603627e-02   174638
  6.258588e+00   1.101367e+01   1.843490e-03   2.678665e-02   168842
  6.265008e+00   1.108736e+01   1.847266e-03   2.765996e-02   161846
  6.271432e+00   1.109161e+01   1.841236e-03   2.835814e-02   153146
  6.277822e+00   1.117153e+01   1.840929e-03   2.944583e-02   144686
  6.284170e+00   1.126637e+01   1.837187e-03   3.068779e-02   136418
  6.290480e+00   1.137410e+01   1.823629e-03   3.169891e-02   128822
  6.296862e+00   1.140505e+01   1.856474e-03   3.229593e-02   124862
  6.303298e+00   1.150292e+01   1.842665e-03   3.351335e-02   117026
  6.309688e+00   1.156615e+01   1.840290e-03   3.479514e-02   109718
  6.316033e+00   1.153638e+01   1.835815e-03   3.599748e-02   102650
  6.322320e+00   1.171048e+01   1.808328e-03   3.787787e-02   95622
  6.328720e+00   1.174051e+01   1.871202e-03   3.828565e-02   93650
  6.335227e+00   1.184145e+01   1.849919e-03   4.025725e-02   86606
  6.341628e+00   1.194581e+01   1.828395e-03   4.263814e-02   79190
  6.347934e+00   1.202594e+01   1.839124e-03   4.484448e-02   73490
  6.354177e+00   1.213627e+01   1.810164e-03   4.683241e-02   67598
  6.360508e+00   1.223625e+01   1.844910e-03   4.805730e-02   65186
  6.367032e+00   1.224067e+01   1.858136e-03   4.953756e-02   61262
  6.373583e+00   1.222432e+01   1.851117e-03   5.160757e-02   55874
  6.379989e+00   1.245562e+01   1.823042e-03   5.577867e-02   49430
  6.386147e+00   1.252560e+01   1.803004e-03   6.044359e-02   43934
  6.392260e+00   1.260024e+01   1.790240e-03   6.192109e-02   41138
  6.398716e+00   1.271095e+01   1.870028e-03   6.284817e-02   40070
  6.405371e+00   1.280884e+01   1.854153e-03   6.847283e-02   35882
  6.411962e+00   1.287200e+01   1.842631e-03   7.252234e-02   31622
  6.418335e+00   1.308786e+01   1.817857e-03   7.904609e-02   26750
  6.424088e+00   1.301096e+01   1.593646e-03   8.933479e-02   21330
  6.430239e+00   1.320833e+01   1.860256e-03   8.538697e-02   23246
  6.436984e+00   1.333316e+01   1.855054e-03   9.174651e-02   20186
  6.443727e+00   1.312919e+01   1.848147e-03   9.755431e-02   17312
  6.450423e+00   1.360514e+01   1.830133e-03   1.139046e-01   14474
  6.456645e+00   1.369339e+01   1.688402e-03   1.324104e-01   10478
  6.462180e+00   1.321726e+01   1.692603e-03   1.399703e-01   9062
  6.468497e+00   1.393692e+01   1.842997e-03   1.485212e-01   8762
  6.475254e+00   1.377740e+01   1.841892e-03   1.649164e-01   6926
  6.482011e+00   1.476281e+01   1.840835e-03   2.063273e-01   5306
  6.488766e+00   1.431312e+01   1.839476e-03   2.251374e-01   3902
  6.494511e+00   1.469525e+01   1.128860e-03   3.372366e-01   1928
  6.500007e+00   1.423959e+01   1.834590e-03   3.289833e-01   2042
  6.506728e+00   1.535297e+01   1.826889e-03   4.392305e-01   1214
  6.513396e+00   1.329764e+01   1.806609e-03   6.043891e-01   602
  6.519909e+00   1.226447e+01   1.730042e-03   8.201826e-01   206
  6.525711e+00   9.889364e+00   9.814069e-04   1.896902e+00   24
