# power spectrum of pi_k * H (dimensionless)
# redshift z=88.687977
# k              Pk             sigma(k)       sigma(Pk)      count
  4.487990e-03   5.219650e-12   0.000000e+00   2.103993e-12   6
  6.346976e-03   3.083811e-12   0.000000e+00   6.155797e-13   12
  7.773426e-03   2.329280e-12   8.514949e-11   4.740971e-13   8
  8.975979e-03   7.817266e-12   0.000000e+00   8.411490e-13   6
  1.003545e-02   5.457156e-12   1.605594e-10   1.739678e-12   24
  1.099328e-02   7.820611e-12   1.605594e-10   1.317653e-12   24
  1.269395e-02   3.500238e-12   0.000000e+00   1.575441e-12   12
  1.346397e-02   4.065755e-12   1.816523e-10   7.479171e-13   30
  1.419227e-02   5.114333e-12   0.000000e+00   1.127058e-12   24
  1.488498e-02   4.657900e-12   2.780971e-10   1.154665e-12   24
  1.554685e-02   5.403007e-12   1.702990e-10   1.095108e-12   8
  1.618168e-02   4.593401e-12   2.270653e-10   5.707266e-13   24
  1.679252e-02   4.311219e-12   0.000000e+00   6.058691e-13   48
  1.795196e-02   5.153376e-12   0.000000e+00   2.265858e-12   6
  1.850445e-02   4.083644e-12   2.270653e-10   5.725501e-13   48
  1.904093e-02   3.789550e-12   2.140792e-10   3.948914e-13   36
  1.956269e-02   5.399977e-12   2.270653e-10   1.129273e-12   24
  2.007090e-02   3.186043e-12   3.211188e-10   5.483796e-13   24
  2.056655e-02   2.842156e-12   0.000000e+00   3.864358e-13   48
  2.105054e-02   4.361789e-12   3.211188e-10   6.208946e-13   24
  2.198657e-02   3.474776e-12   3.211188e-10   5.464907e-13   24
  2.243995e-02   2.372393e-12   0.000000e+00   3.881203e-13   30
  2.288435e-02   2.533193e-12   0.000000e+00   2.788925e-13   72
  2.332028e-02   2.488878e-12   3.405980e-10   5.079209e-13   32
  2.416856e-02   3.258318e-12   0.000000e+00   3.767005e-13   72
  2.458173e-02   2.001450e-12   0.000000e+00   2.926312e-13   48
  2.538790e-02   1.047829e-12   0.000000e+00   3.116766e-13   12
  2.578154e-02   2.070071e-12   0.000000e+00   3.103563e-13   48
  2.616925e-02   1.819537e-12   0.000000e+00   1.806828e-13   48
  2.655130e-02   2.420804e-12   3.211188e-10   3.054538e-13   48
  2.692794e-02   2.892949e-12   3.633045e-10   5.066188e-13   30
  2.729937e-02   2.621750e-12   0.000000e+00   5.896807e-13   24
  2.766583e-02   2.653586e-12   6.769780e-10   2.693609e-13   72
  2.838454e-02   1.573715e-12   0.000000e+00   2.987372e-13   24
  2.873715e-02   2.359680e-12   0.000000e+00   2.322367e-13   96
  2.908550e-02   1.805908e-12   0.000000e+00   2.399366e-13   48
  2.942972e-02   1.495763e-12   5.561942e-10   3.673169e-13   24
  2.976995e-02   1.100260e-12   5.561942e-10   2.259884e-13   24
  3.010635e-02   2.594274e-12   0.000000e+00   3.167145e-13   72
  3.043903e-02   1.951147e-12   0.000000e+00   3.003300e-13   48
  3.109370e-02   1.644718e-12   3.405980e-10   4.907441e-13   8
  3.141593e-02   2.463282e-12   4.036717e-10   2.962843e-13   54
  3.173488e-02   1.633930e-12   0.000000e+00   2.833233e-13   84
  3.205066e-02   1.815169e-12   0.000000e+00   2.609354e-13   48
  3.236335e-02   1.112570e-12   4.541306e-10   1.983854e-13   24
  3.267306e-02   1.483263e-12   6.055075e-10   1.755026e-13   72
  3.297985e-02   1.934932e-12   0.000000e+00   2.193643e-13   96
  3.358504e-02   2.577091e-12   0.000000e+00   2.810822e-13   48
  3.388358e-02   1.409623e-12   0.000000e+00   1.320081e-13   48
  3.417951e-02   1.238829e-12   0.000000e+00   2.410270e-13   24
  3.447290e-02   1.382643e-12   0.000000e+00   1.493662e-13   72
  3.505232e-02   1.398424e-12   0.000000e+00   1.651717e-13   72
  3.533846e-02   1.370723e-12   0.000000e+00   1.562973e-13   96
  3.590392e-02   1.950988e-12   0.000000e+00   8.573617e-13   6
  3.618333e-02   1.531044e-12   0.000000e+00   1.495342e-13   96
  3.646060e-02   1.562186e-12   4.541306e-10   1.667570e-13   96
  3.673578e-02   1.036890e-12   0.000000e+00   2.465823e-13   24
  3.700891e-02   1.151362e-12   4.541306e-10   1.401444e-13   48
  3.728004e-02   1.163974e-12   0.000000e+00   1.172491e-13   96
  3.754921e-02   1.303216e-12   0.000000e+00   1.756394e-13   48
  3.808185e-02   1.169190e-12   4.281585e-10   2.167584e-13   36
  3.834540e-02   1.169322e-12   7.865773e-10   1.464190e-13   48
  3.860715e-02   1.281131e-12   8.899106e-10   1.147022e-13   120
  3.886713e-02   1.127080e-12   0.000000e+00   1.483167e-13   56
  3.912539e-02   6.245352e-13   4.541306e-10   1.093425e-13   24
  3.938195e-02   9.093365e-13   0.000000e+00   8.092752e-14   96
  3.963685e-02   9.524384e-13   0.000000e+00   1.228561e-13   48
  4.014180e-02   1.171558e-12   6.422377e-10   2.173075e-13   24
  4.039191e-02   1.248155e-12   0.000000e+00   1.246135e-13   102
  4.064047e-02   1.324167e-12   4.541306e-10   1.997726e-13   48
  4.088753e-02   1.179513e-12   0.000000e+00   1.181346e-13   72
  4.113310e-02   1.068873e-12   0.000000e+00   1.079525e-13   48
  4.137722e-02   1.168114e-12   0.000000e+00   2.149992e-13   48
  4.161990e-02   9.743001e-13   1.027580e-09   8.699270e-14   120
  4.210107e-02   1.463054e-12   6.422377e-10   2.446991e-13   24
  4.233961e-02   8.708369e-13   6.055075e-10   7.322049e-14   144
  4.257681e-02   8.857891e-13   7.266090e-10   8.557762e-14   120
  4.281269e-02   7.154087e-13   6.422377e-10   1.002758e-13   48
  4.328060e-02   1.021919e-12   6.422377e-10   1.363111e-13   48
  4.351267e-02   8.341334e-13   6.422377e-10   8.587900e-14   96
  4.412543e-02   1.073832e-12   1.076845e-04   1.297596e-13   72
  4.442883e-02   8.021064e-13   5.708779e-10   6.085620e-14   108
  4.465493e-02   9.347672e-13   0.000000e+00   1.001267e-13   72
  4.487990e-02   5.840315e-13   0.000000e+00   1.124465e-13   30
  4.510374e-02   9.539279e-13   0.000000e+00   7.476055e-14   168
  4.532647e-02   9.740021e-13   0.000000e+00   1.092850e-13   48
  4.576869e-02   6.498609e-13   0.000000e+00   7.643502e-14   72
  4.598821e-02   8.603661e-13   0.000000e+00   8.237117e-14   96
  4.620668e-02   8.279565e-13   1.211015e-09   1.271455e-13   72
  4.642412e-02   9.598340e-13   0.000000e+00   1.022105e-13   72
  4.678970e-02   8.658761e-13   9.942967e-05   6.485517e-14   104
  4.707043e-02   8.128858e-13   8.563169e-10   5.967005e-14   144
  4.770798e-02   5.667784e-13   1.436087e-09   5.351387e-14   96
  4.791862e-02   5.992849e-13   0.000000e+00   6.197623e-14   96
  4.825361e-02   8.258151e-13   1.022910e-04   7.666106e-14   120
  4.854503e-02   6.915111e-13   0.000000e+00   6.255155e-14   120
  4.875204e-02   8.303505e-13   0.000000e+00   8.993002e-14   72
  4.916346e-02   8.405733e-13   0.000000e+00   1.113548e-13   48
  4.936788e-02   8.647200e-13   1.117860e-09   9.992238e-14   78
  4.962939e-02   9.021989e-13   9.159181e-05   7.096997e-14   168
  5.017725e-02   8.250698e-13   1.048770e-09   7.089569e-14   144
  5.037756e-02   8.718159e-13   8.563169e-10   6.226124e-14   144
  5.095853e-02   7.627527e-13   5.274950e-05   6.589011e-14   156
  5.117095e-02   5.738066e-13   1.112388e-09   1.088252e-13   48
  5.136739e-02   6.884952e-13   7.266090e-10   6.630804e-14   120
  5.156307e-02   4.827228e-13   0.000000e+00   5.043350e-14   48
  5.190908e-02   7.270838e-13   8.074274e-05   5.012729e-14   216
  5.233850e-02   6.181927e-13   0.000000e+00   7.488045e-14   48
  5.253057e-02   5.882687e-13   6.422377e-10   5.128880e-14   96
  5.280366e-02   6.680909e-13   9.436050e-05   5.846398e-14   168
  5.310261e-02   5.350970e-13   6.422377e-10   7.654348e-14   48
  5.329192e-02   7.193319e-13   0.000000e+00   7.188880e-14   96
  5.348057e-02   6.532706e-13   0.000000e+00   1.189241e-13   48
  5.385587e-02   7.797667e-13   7.266090e-10   7.758973e-14   30
  5.404255e-02   5.048372e-13   0.000000e+00   4.108831e-14   96
  5.426566e-02   6.239121e-13   7.415896e-05   4.264729e-14   240
  5.455256e-02   8.968969e-13   8.000683e-05   1.258618e-13   32
  5.478289e-02   4.768416e-13   0.000000e+00   3.497170e-14   168
  5.496642e-02   5.673445e-13   0.000000e+00   5.529819e-14   120
  5.533165e-02   4.597304e-13   1.353956e-09   5.300893e-14   72
  5.551336e-02   7.224179e-13   6.055075e-10   6.637763e-14   144
  5.569449e-02   5.261064e-13   0.000000e+00   5.252971e-14   96
  5.587502e-02   6.761040e-13   0.000000e+00   5.423349e-14   96
  5.623435e-02   7.185654e-13   0.000000e+00   8.758018e-14   72
  5.641315e-02   5.642931e-13   9.082613e-10   5.497403e-14   96
  5.676908e-02   5.856138e-13   0.000000e+00   1.078285e-13   24
  5.694620e-02   6.320351e-13   0.000000e+00   4.565802e-14   192
  5.715479e-02   5.967518e-13   6.789523e-05   4.440902e-14   132
  5.747431e-02   6.473081e-13   0.000000e+00   5.738774e-14   96
  5.764927e-02   4.568128e-13   0.000000e+00   4.614554e-14   96
  5.782370e-02   5.908980e-13   7.266090e-10   4.968668e-14   120
  5.817099e-02   6.312586e-13   0.000000e+00   8.666703e-14   48
  5.845566e-02   4.291563e-13   8.228355e-05   2.744973e-14   222
  5.868808e-02   5.488376e-13   0.000000e+00   5.157496e-14   120
  5.885943e-02   5.762507e-13   1.112388e-09   1.162543e-13   24
  5.910891e-02   6.447527e-13   8.492858e-05   3.466675e-14   312
  5.965251e-02   7.028712e-13   7.962394e-05   7.581914e-14   72
  5.987725e-02   4.870201e-13   1.112388e-09   6.333555e-14   96
  6.010802e-02   5.986449e-13   8.108596e-05   4.598640e-14   192
  6.037972e-02   5.432718e-13   1.027580e-09   5.614901e-14   120
  6.054629e-02   5.490078e-13   0.000000e+00   5.523011e-14   144
  6.087805e-02   4.988419e-13   0.000000e+00   7.144138e-14   48
  6.111387e-02   4.852393e-13   8.153477e-05   2.856757e-14   336
  6.137233e-02   5.435998e-13   0.000000e+00   7.204005e-14   48
  6.169965e-02   4.992536e-13   0.000000e+00   4.475259e-14   192
  6.186267e-02   5.115606e-13   0.000000e+00   6.247609e-14   48
  6.232604e-02   5.208615e-13   5.659583e-05   6.316928e-14   56
  6.255643e-02   5.161475e-13   7.268827e-05   2.836672e-14   336
  6.283185e-02   5.207760e-13   8.073433e-10   7.494409e-14   54
  6.307177e-02   4.709425e-13   7.983781e-05   2.897107e-14   240
  6.356985e-02   4.772164e-13   7.644534e-05   3.620623e-14   228
  6.378632e-02   5.517058e-13   8.563169e-10   7.075435e-14   72
  6.399644e-02   5.605484e-13   7.415385e-05   4.141081e-14   144
  6.425823e-02   4.632838e-13   0.000000e+00   4.473697e-14   96
  6.441477e-02   4.657464e-13   1.027580e-09   2.974246e-14   240
  6.472671e-02   4.152819e-13   9.082613e-10   7.963496e-14   24
  6.492641e-02   4.910679e-13   7.003773e-05   2.878997e-14   336
  6.519181e-02   4.377900e-13   0.000000e+00   5.155132e-14   72
  6.543408e-02   5.573349e-13   7.617900e-05   4.015039e-14   168
  6.565363e-02   3.839277e-13   0.000000e+00   3.494862e-14   72
  6.595971e-02   5.817707e-13   0.000000e+00   5.469856e-14   96
  6.619675e-02   4.570612e-13   7.560752e-05   3.251037e-14   216
  6.641618e-02   3.598264e-13   0.000000e+00   2.704854e-14   96
  6.671876e-02   4.386485e-13   9.082613e-10   2.881966e-14   192
  6.686954e-02   4.376957e-13   8.563169e-10   3.425485e-14   144
  6.717008e-02   4.379367e-13   0.000000e+00   5.668861e-14   48
  6.737816e-02   4.703808e-13   7.289453e-05   3.221871e-14   246
  6.766089e-02   5.711591e-13   6.720992e-05   4.354982e-14   168
  6.791561e-02   4.553268e-13   1.779821e-09   4.733523e-14   120
  6.806373e-02   3.773706e-13   0.000000e+00   2.561579e-14   240
  6.835902e-02   2.832904e-13   0.000000e+00   5.754569e-14   24
  6.859430e-02   4.283086e-13   7.194229e-05   2.614553e-14   360
  6.888731e-02   4.263192e-13   7.163615e-05   3.215475e-14   120
  6.909172e-02   4.670810e-13   0.000000e+00   3.800946e-14   144
  6.923733e-02   4.784554e-13   0.000000e+00   4.120725e-14   96
  6.967233e-02   4.462690e-13   0.000000e+00   3.492580e-14   144
  6.981673e-02   4.834974e-13   0.000000e+00   4.137752e-14   132
  7.001966e-02   4.219185e-13   7.070381e-05   3.090188e-14   176
  7.031425e-02   4.225344e-13   7.139661e-05   2.175195e-14   312
  7.067693e-02   5.871136e-13   0.000000e+00   8.767285e-14   96
  7.081928e-02   3.916946e-13   0.000000e+00   3.443900e-14   144
  7.103769e-02   4.295279e-13   7.068048e-05   2.429432e-14   312
  7.138584e-02   4.742977e-13   0.000000e+00   4.705815e-14   48
  7.152678e-02   3.737190e-13   9.082613e-10   2.735826e-14   192
  7.180783e-02   1.505797e-13   0.000000e+00   4.640795e-14   6
  7.199456e-02   3.546123e-13   6.592151e-05   1.917033e-14   288
  7.229701e-02   3.556769e-13   6.965036e-05   2.549592e-14   192
  7.250569e-02   3.372128e-13   2.136030e-09   2.144889e-14   216
  7.264446e-02   4.148863e-13   0.000000e+00   5.532269e-14   72
  7.299019e-02   3.545141e-13   6.898890e-05   2.832768e-14   192
  7.321980e-02   4.439671e-13   5.122797e-05   2.645253e-14   288
  7.347155e-02   3.755558e-13   0.000000e+00   7.257070e-14   24
  7.366606e-02   4.086716e-13   6.748859e-05   1.841793e-14   456
  7.401782e-02   2.658037e-13   0.000000e+00   3.893705e-14   48
  7.423517e-02   3.762345e-13   6.647357e-05   2.695599e-14   240
  7.448497e-02   4.320217e-13   6.717903e-05   2.787716e-14   216
  7.469503e-02   3.366311e-13   0.000000e+00   4.098049e-14   72
  7.482974e-02   3.370541e-13   2.321067e-09   2.700554e-14   168
  7.521008e-02   3.936388e-13   4.993319e-05   2.421782e-14   288
  7.542338e-02   3.931569e-13   6.607016e-05   2.726861e-14   168
  7.576598e-02   4.342664e-13   0.000000e+00   3.105926e-14   192
  7.589879e-02   3.457224e-13   8.563169e-10   2.467730e-14   144
  7.616371e-02   4.624670e-13   8.563169e-10   5.814477e-14   36
  7.638837e-02   2.968637e-13   6.033611e-05   1.517201e-14   342
  7.660318e-02   3.503429e-13   6.195787e-05   2.719312e-14   144
  7.687931e-02   3.395038e-13   6.497828e-05   1.754044e-14   384
  7.721429e-02   4.026828e-13   1.779821e-09   3.732490e-14   120
  7.738009e-02   3.994686e-13   5.794173e-05   2.431366e-14   264
  7.760459e-02   3.351693e-13   2.872174e-09   2.403899e-14   192
  7.781602e-02   3.604046e-13   6.244329e-05   2.724311e-14   152
  7.799294e-02   3.301494e-13   1.712634e-09   2.943695e-14   144
  7.836508e-02   2.786356e-13   4.041391e-05   2.025989e-14   216
  7.853733e-02   3.727684e-13   5.400376e-05   1.993787e-14   312
  7.884055e-02   3.193567e-13   6.258929e-05   1.764845e-14   240
  7.901921e-02   3.742716e-13   9.082613e-10   3.861448e-14   96
  7.935833e-02   3.212744e-13   5.983988e-05   2.593868e-14   144
  7.956734e-02   3.294694e-13   5.881734e-05   1.597212e-14   456
  7.990638e-02   2.586632e-13   0.000000e+00   1.684737e-14   120
  8.003232e-02   2.859047e-13   0.000000e+00   2.604579e-14   144
  8.028360e-02   2.243950e-13   1.284475e-09   3.704277e-14   24
  8.044470e-02   3.238649e-13   5.653709e-05   1.635729e-14   336
  8.072332e-02   3.037823e-13   6.235271e-05   2.311756e-14   198
  8.098439e-02   3.117617e-13   6.063443e-05   1.676180e-14   432
  8.128095e-02   3.560488e-13   1.816523e-09   3.560001e-14   48
  8.143566e-02   3.654920e-13   5.352971e-05   1.884718e-14   384
  8.171344e-02   3.317417e-13   6.162404e-05   2.724868e-14   144
  8.196515e-02   3.524200e-13   6.118458e-05   2.197060e-14   264
  8.226621e-02   2.681629e-13   0.000000e+00   2.575987e-14   48
  8.246820e-02   3.127489e-13   5.817654e-05   1.886407e-14   276
  8.266310e-02   2.837237e-13   5.273546e-05   2.382026e-14   192
  8.292356e-02   2.930361e-13   5.926306e-05   1.224194e-14   552
  8.323980e-02   2.070993e-13   1.453218e-09   1.850202e-14   120
  8.342777e-02   2.987111e-13   5.998883e-05   2.022907e-14   216
  8.360198e-02   2.800492e-13   1.453218e-09   2.190312e-14   120
  8.391317e-02   3.268280e-13   5.907428e-05   1.629598e-14   408
  8.420215e-02   2.574700e-13   1.284475e-09   3.443134e-14   24
  8.438134e-02   2.658691e-13   5.967566e-05   1.565092e-14   384
  8.463161e-02   2.477915e-13   5.830526e-05   1.687065e-14   240
  8.484893e-02   2.613801e-13   5.873223e-05   1.792595e-14   168
  8.515361e-02   2.205091e-13   0.000000e+00   2.161187e-14   120
  8.535003e-02   2.774968e-13   6.122527e-05   1.448116e-14   350
  8.566942e-02   2.803533e-13   1.007886e-04   1.503801e-14   384
  8.586029e-02   3.019277e-13   0.000000e+00   2.792353e-14   144
  8.621146e-02   2.351458e-13   1.211015e-09   1.405997e-14   288
  8.639482e-02   2.439479e-13   5.769264e-05   1.208641e-14   336
  8.664426e-02   2.846069e-13   5.252436e-05   2.117341e-14   168
  8.679359e-02   2.682141e-13   3.442699e-09   1.646781e-14   336
  8.710244e-02   2.245450e-13   5.451716e-05   1.327823e-14   288
  8.728795e-02   2.425508e-13   5.136910e-05   1.449491e-14   264
  8.760206e-02   2.514068e-13   0.000000e+00   1.563284e-14   240
  8.771695e-02   2.483175e-13   0.000000e+00   2.075089e-14   96
  8.812928e-02   2.762079e-13   6.985852e-05   1.468528e-14   360
  8.832172e-02   2.618892e-13   5.149772e-05   2.309906e-14   168
  8.856486e-02   2.534635e-13   5.613787e-05   1.139627e-14   456
  8.885766e-02   2.316839e-13   1.614687e-09   2.057471e-14   108
  8.902234e-02   2.267764e-13   5.632711e-05   1.578966e-14   264
  8.922780e-02   2.267803e-13   5.025296e-05   1.493217e-14   264
  8.950914e-02   2.612987e-13   4.742099e-05   1.499297e-14   312
  8.985946e-02   2.566988e-13   3.523897e-05   1.672809e-14   270
  9.000628e-02   2.376913e-13   4.474031e-05   1.676942e-14   240
  9.027023e-02   2.436176e-13   5.534940e-05   1.234835e-14   384
  9.043048e-02   2.026181e-13   1.816523e-09   1.340929e-14   192
  9.074177e-02   2.545036e-13   4.441052e-05   1.834798e-14   240
  9.092233e-02   2.390747e-13   5.480976e-05   1.297349e-14   336
  9.126190e-02   2.396439e-13   5.517650e-05   1.044303e-14   480
  9.153738e-02   2.440211e-13   1.211015e-09   2.725453e-14   72
  9.169127e-02   2.421922e-13   5.380211e-05   1.635051e-14   240
  9.190057e-02   2.117959e-13   5.056661e-05   1.191709e-14   312
  9.214050e-02   1.989886e-13   5.465037e-05   1.341649e-14   240
  9.250305e-02   2.269432e-13   4.152014e-05   1.120564e-14   408
  9.264658e-02   2.120022e-13   3.802244e-05   1.215677e-14   336
  9.292709e-02   2.223666e-13   4.827913e-05   1.616053e-14   264
  9.306493e-02   2.467992e-13   0.000000e+00   2.045803e-14   144
  9.344847e-02   2.174692e-13   6.691774e-05   1.079177e-14   464
  9.365053e-02   1.679565e-13   5.321333e-05   1.188339e-14   168
  9.385003e-02   2.549276e-13   4.846574e-05   1.385859e-14   336
  9.421059e-02   2.123157e-13   5.092274e-05   1.134194e-14   414
  9.441384e-02   2.499898e-13   5.300755e-05   1.627655e-14   216
  9.467424e-02   2.500949e-13   1.284475e-09   2.542820e-14   96
  9.478056e-02   2.052255e-13   3.146309e-09   9.844032e-15   384
  9.515300e-02   2.207285e-13   5.290514e-05   1.082721e-14   492
  9.535260e-02   1.831462e-13   5.173669e-05   1.105379e-14   240
  9.557820e-02   1.766280e-13   5.253086e-05   9.770722e-15   312
  9.588974e-02   1.891808e-13   5.251357e-05   1.429019e-14   192
  9.608709e-02   2.094392e-13   5.089201e-05   9.630988e-15   504
  9.634892e-02   2.021732e-13   3.369138e-05   1.107749e-14   408
  9.655507e-02   2.224606e-13   1.032177e-04   1.780040e-14   168
  9.681304e-02   1.942647e-13   4.902931e-05   1.258183e-14   288
  9.702952e-02   1.871073e-13   5.116628e-05   1.256416e-14   288
  9.725127e-02   1.925402e-13   5.146081e-05   9.608124e-15   432
  9.757291e-02   2.133679e-13   4.866478e-05   1.412333e-14   216
  9.774479e-02   1.914008e-13   4.856211e-05   9.469084e-15   360
  9.805077e-02   2.097828e-13   4.739615e-05   1.204850e-14   312
  9.832692e-02   2.417438e-13   0.000000e+00   3.822591e-14   48
  9.848611e-02   1.895256e-13   5.081550e-05   9.450310e-15   432
  9.877120e-02   1.760013e-13   8.476078e-05   8.342042e-15   414
  9.893956e-02   1.832130e-13   1.936190e-09   1.056740e-14   312
  9.925365e-02   1.968362e-13   7.437288e-05   8.882794e-15   528
  9.946561e-02   2.024277e-13   3.903945e-05   1.365270e-14   264
  9.972025e-02   1.833995e-13   4.629008e-05   9.279363e-15   480
  1.000530e-01   1.848012e-13   0.000000e+00   9.902253e-15   288
  1.001967e-01   1.945096e-13   4.973726e-05   1.633285e-14   168
  1.004595e-01   1.910150e-13   7.873394e-05   8.124462e-15   504
  1.007551e-01   2.253868e-13   1.211015e-09   1.708478e-14   144
  1.009411e-01   1.709416e-13   5.056606e-05   7.913801e-15   464
  1.012205e-01   1.547918e-13   7.420855e-05   7.369629e-15   432
  1.013531e-01   2.026908e-13   1.284475e-09   1.386241e-14   192
  1.016957e-01   1.639240e-13   5.501332e-05   7.349221e-15   396
  1.018981e-01   1.722073e-13   4.941713e-05   1.047252e-14   288
  1.021026e-01   1.745444e-13   4.881567e-05   9.719486e-15   336
  1.024293e-01   1.639564e-13   3.091107e-05   7.485099e-15   432
  1.026367e-01   1.804306e-13   8.011717e-05   9.262119e-15   360
  1.028695e-01   1.745754e-13   4.739049e-05   8.144614e-15   384
  1.032001e-01   1.475742e-13   4.183121e-05   1.093708e-14   198
  1.033594e-01   1.709294e-13   4.754848e-05   6.841879e-15   552
  1.036565e-01   1.498102e-13   6.656461e-05   8.757782e-15   432
  1.039045e-01   1.855649e-13   2.542602e-09   1.401604e-14   168
  1.041126e-01   1.770824e-13   8.251578e-05   8.286812e-15   480
  1.043880e-01   1.286209e-13   0.000000e+00   1.195683e-14   120
  1.045119e-01   1.610028e-13   6.739531e-05   1.017063e-14   336
  1.048143e-01   1.687988e-13   4.754634e-05   6.229063e-15   672
  1.051134e-01   1.748231e-13   6.916265e-05   7.952747e-15   528
  1.052527e-01   1.477259e-13   2.076026e-09   9.482716e-15   168
  1.055745e-01   1.666408e-13   7.715047e-05   7.442280e-15   456
  1.057708e-01   1.939087e-13   4.711644e-05   1.961861e-14   168
  1.059747e-01   1.705038e-13   4.703185e-05   8.700060e-15   504
  1.063135e-01   1.494273e-13   6.052278e-05   8.803211e-15   336
  1.065184e-01   1.820020e-13   4.362976e-05   1.013200e-14   312
  1.067457e-01   1.690279e-13   4.262923e-05   8.006080e-15   504
  1.070448e-01   1.570606e-13   2.957734e-05   6.736758e-15   432
  1.071854e-01   1.414349e-13   4.570679e-05   7.873296e-15   312
  1.074777e-01   1.494670e-13   4.685168e-05   7.078512e-15   384
  1.077830e-01   1.748773e-13   3.980594e-05   1.701976e-14   126
  1.079714e-01   1.572766e-13   6.988975e-05   7.524954e-15   492
  1.082121e-01   1.658749e-13   4.476446e-05   7.382898e-15   528
  1.085129e-01   1.521243e-13   4.547108e-05   6.962542e-15   480
  1.086993e-01   1.703925e-13   6.281804e-05   8.467772e-15   432
  1.089692e-01   1.697776e-13   4.939807e-05   8.154927e-15   440
  1.092826e-01   1.560252e-13   2.456546e-05   8.802125e-15   312
  1.094002e-01   1.584512e-13   3.681340e-05   9.500690e-15   480
  1.096414e-01   1.521058e-13   7.207992e-05   8.386807e-15   408
  1.099939e-01   1.601736e-13   4.316772e-05   8.333905e-15   360
  1.101428e-01   1.450418e-13   4.165528e-05   7.326373e-15   408
  1.104187e-01   1.385290e-13   4.238952e-05   6.422755e-15   456
  1.107295e-01   1.592038e-13   4.051394e-05   9.277866e-15   264
  1.109019e-01   1.486442e-13   4.396779e-05   8.529365e-15   384
  1.111530e-01   1.493218e-13   7.402287e-05   6.257629e-15   672
  1.114432e-01   1.535478e-13   4.427524e-05   1.122216e-14   240
  1.116107e-01   1.488144e-13   4.492830e-05   8.468956e-15   264
  1.118470e-01   1.220864e-13   5.541164e-05   5.367138e-15   624
  1.121997e-01   1.468008e-13   0.000000e+00   1.177103e-14   150
  1.123253e-01   1.627967e-13   6.209312e-05   7.406640e-15   600
  1.125901e-01   1.365725e-13   4.285507e-05   5.931580e-15   672
  1.128900e-01   1.436286e-13   4.030821e-05   8.775134e-15   336
  1.130571e-01   1.584694e-13   4.384359e-05   8.552030e-15   408
  1.133240e-01   1.429019e-13   4.374031e-05   7.881895e-15   408
  1.136209e-01   1.356789e-13   2.211745e-05   7.185039e-15   360
  1.138039e-01   1.513645e-13   8.120816e-05   7.597345e-15   456
  1.140250e-01   1.375644e-13   4.416149e-05   6.832923e-15   384
  1.143063e-01   1.478020e-13   4.076666e-05   7.045288e-15   348
  1.144584e-01   1.455964e-13   5.025723e-05   6.517872e-15   576
  1.147440e-01   1.412392e-13   4.138022e-05   6.514292e-15   504
  1.150362e-01   1.396007e-13   5.836440e-05   6.825249e-15   432
  1.152912e-01   1.278995e-13   7.940448e-05   5.057497e-15   576
  1.154731e-01   1.327857e-13   0.000000e+00   8.146080e-15   264
  1.157616e-01   1.380124e-13   6.318613e-05   5.003285e-15   768
  1.160125e-01   1.456152e-13   8.506861e-05   9.893007e-15   240
  1.162120e-01   1.287414e-13   7.502246e-05   1.044296e-14   192
  1.165026e-01   1.287859e-13   5.522570e-05   5.537797e-15   504
  1.167181e-01   1.308527e-13   7.441870e-05   6.254499e-15   590
  1.169248e-01   1.331759e-13   8.338208e-05   7.118972e-15   384
  1.171839e-01   1.337445e-13   6.968286e-05   6.472541e-15   504
  1.174968e-01   1.483675e-13   6.705897e-05   5.820898e-15   648
  1.178003e-01   1.314140e-13   1.821233e-05   6.244724e-15   504
  1.179227e-01   1.374004e-13   4.154576e-05   7.152448e-15   312
  1.181387e-01   1.286015e-13   5.985722e-05   5.270708e-15   576
  1.184353e-01   1.376711e-13   4.165498e-05   9.799632e-15   240
  1.186082e-01   1.253414e-13   4.209035e-05   5.490294e-15   552
  1.188529e-01   1.434455e-13   3.952187e-05   6.546490e-15   600
  1.192015e-01   1.304529e-13   4.827284e-05   5.339609e-15   600
  1.194111e-01   1.375753e-13   7.730513e-05   8.208116e-15   312
  1.196198e-01   1.421016e-13   6.732512e-05   6.632609e-15   480
  1.198806e-01   1.371209e-13   4.200441e-05   6.303269e-15   576
  1.201101e-01   1.441642e-13   6.763622e-05   8.608372e-15   408
  1.203138e-01   1.130457e-13   7.890077e-05   6.856690e-15   216
  1.205770e-01   1.168873e-13   6.042911e-05   5.606402e-15   516
  1.208589e-01   1.361209e-13   5.765552e-05   5.442190e-15   744
  1.211498e-01   1.319021e-13   3.850879e-05   6.283582e-15   462
  1.213141e-01   1.314509e-13   3.913862e-05   6.646885e-15   432
  1.215691e-01   1.425034e-13   3.630965e-05   5.417370e-15   648
  1.218688e-01   1.380721e-13   5.312777e-05   6.373520e-15   528
  1.221096e-01   1.206553e-13   6.397910e-05   5.023905e-15   600
  1.223502e-01   1.449310e-13   8.066092e-05   1.312369e-14   240
  1.225832e-01   1.206366e-13   6.178548e-05   4.640842e-15   720
  1.228540e-01   1.365177e-13   4.888350e-05   5.051186e-15   720
  1.231542e-01   9.370248e-14   0.000000e+00   6.863083e-15   144
  1.233122e-01   1.237906e-13   6.302546e-05   4.631530e-15   720
  1.235369e-01   1.447538e-13   3.779131e-05   7.690902e-15   384
  1.238183e-01   1.239953e-13   4.189367e-05   5.091611e-15   672
  1.240853e-01   1.356933e-13   7.335120e-05   8.128092e-15   336
  1.242128e-01   1.426542e-13   0.000000e+00   9.616622e-15   288
  1.245250e-01   1.177950e-13   5.805257e-05   4.281120e-15   776
  1.248140e-01   1.279744e-13   4.967278e-05   4.857626e-15   720
  1.250567e-01   1.200351e-13   4.001507e-05   6.199068e-15   432
  1.252509e-01   1.308258e-13   5.704653e-05   8.198395e-15   504
  1.254668e-01   1.162704e-13   3.996919e-05   5.533458e-15   528
  1.257690e-01   1.231278e-13   5.445569e-05   6.007404e-15   438
  1.260177e-01   1.186500e-13   6.338144e-05   5.290166e-15   624
  1.262050e-01   1.331699e-13   7.763371e-05   7.468865e-15   312
  1.264626e-01   1.347158e-13   4.182709e-05   5.026970e-15   696
  1.267289e-01   1.239769e-13   3.784594e-05   5.760102e-15   552
  1.270059e-01   1.126773e-13   2.928013e-05   4.929399e-15   516
  1.271773e-01   1.280461e-13   5.848486e-05   6.119456e-15   528
  1.273859e-01   1.042883e-13   3.803430e-05   4.948559e-15   528
  1.276822e-01   1.209505e-13   5.015953e-05   4.696176e-15   864
  1.278834e-01   1.117380e-13   6.870823e-05   5.854349e-15   408
  1.280847e-01   1.327250e-13   6.807282e-05   8.447106e-15   192
  1.283701e-01   1.164000e-13   5.633353e-05   4.554935e-15   720
  1.286110e-01   1.058287e-13   5.194228e-05   4.100926e-15   696
  1.288973e-01   1.185052e-13   5.609815e-05   4.449645e-15   720
  1.291592e-01   1.139942e-13   7.603431e-05   5.689268e-15   432
  1.293119e-01   1.023116e-13   4.475677e-05   6.633374e-15   264
  1.295867e-01   1.163348e-13   6.180712e-05   4.503426e-15   672
  1.298325e-01   1.191025e-13   6.328100e-05   5.058502e-15   600
  1.301242e-01   1.012704e-13   3.705096e-05   6.374458e-15   270
  1.302712e-01   1.120402e-13   5.577202e-05   5.268196e-15   528
  1.305049e-01   1.291132e-13   3.819070e-05   4.929399e-15   840
  1.308254e-01   1.253639e-13   7.302747e-05   4.617480e-15   888
  1.311216e-01   1.094461e-13   5.441084e-05   4.120648e-15   744
  1.313718e-01   1.306050e-13   2.795923e-05   6.728126e-15   456
  1.314963e-01   1.293873e-13   3.820801e-05   6.366343e-15   360
  1.317093e-01   1.056182e-13   3.310510e-05   5.503619e-15   384
  1.320361e-01   1.166676e-13   5.310026e-05   4.184566e-15   816
  1.322813e-01   1.176619e-13   7.704106e-05   4.062056e-15   824
  1.325794e-01   1.108468e-13   3.581235e-05   6.518831e-15   360
  1.327390e-01   1.334025e-13   5.284558e-05   5.545594e-15   624
  1.329587e-01   1.092740e-13   3.571018e-05   5.827054e-15   360
  1.332513e-01   1.127803e-13   4.857633e-05   4.040622e-15   876
  1.335156e-01   1.068014e-13   5.769416e-05   4.689411e-15   696
  1.337821e-01   1.154053e-13   3.725510e-05   6.632555e-15   336
  1.339218e-01   1.255976e-13   3.721324e-05   6.806879e-15   504
  1.341526e-01   1.089172e-13   3.753571e-05   4.806312e-15   672
  1.344950e-01   1.014119e-13   7.472486e-05   3.875899e-15   720
  1.347324e-01   1.054629e-13   5.644666e-05   4.327139e-15   774
  1.349945e-01   1.238109e-13   3.230860e-05   7.407246e-15   384
  1.351318e-01   1.221052e-13   6.217562e-05   6.233820e-15   528
  1.353448e-01   1.143151e-13   5.925683e-05   4.404615e-15   744
  1.356875e-01   1.247357e-13   4.887432e-05   5.064107e-15   768
  1.359150e-01   1.109670e-13   5.486510e-05   5.261714e-15   552
  1.361989e-01   1.012268e-13   5.979675e-05   3.949486e-15   696
  1.364100e-01   1.244042e-13   7.266345e-05   6.934989e-15   408
  1.365777e-01   1.150377e-13   3.139119e-05   5.568373e-15   504
  1.368434e-01   1.064156e-13   5.639309e-05   4.218873e-15   888
  1.371049e-01   1.002331e-13   5.860872e-05   4.478570e-15   648
  1.373767e-01   1.015501e-13   5.810635e-05   4.198664e-15   648
  1.376324e-01   1.045083e-13   6.265289e-05   4.006743e-15   792
  1.379033e-01   9.722056e-14   9.166547e-05   4.237728e-15   600
  1.381028e-01   9.289342e-14   6.212242e-05   4.628298e-15   456
  1.383129e-01   1.073685e-13   3.027582e-05   4.478767e-15   648
  1.385828e-01   9.663342e-14   5.904226e-05   3.282386e-15   936
  1.388741e-01   1.127455e-13   3.625955e-05   5.608032e-15   384
  1.391277e-01   1.735995e-18   0.000000e+00   1.564968e-19   198
  1.393234e-01   1.664230e-18   9.199360e-05   5.829913e-20   1224
  1.395345e-01   1.345852e-18   6.699966e-05   8.151080e-20   420
  1.397842e-01   1.576205e-18   6.484166e-05   6.959918e-20   792
  1.400283e-01   1.650391e-18   5.361851e-05   7.343538e-20   680
  1.403069e-01   1.690755e-18   4.923504e-05   8.655328e-20   600
  1.405311e-01   1.655603e-18   7.140431e-05   6.475581e-20   840
  1.408304e-01   1.866024e-18   3.371380e-05   1.036215e-19   432
  1.409448e-01   1.633193e-18   3.159427e-05   7.076174e-20   720
  1.411934e-01   1.606030e-18   6.327780e-05   5.869481e-20   960
  1.415027e-01   1.837067e-18   5.640753e-05   1.048848e-19   528
  1.417288e-01   1.588207e-18   5.765925e-05   6.911002e-20   624
  1.419978e-01   1.649497e-18   4.531978e-05   7.000478e-20   816
  1.422648e-01   1.454316e-18   7.452934e-05   6.641604e-20   696
  1.425599e-01   1.627094e-18   4.110321e-09   1.199715e-19   240
  1.426709e-01   1.776987e-18   4.395173e-05   7.288074e-20   672
  1.429185e-01   1.501075e-18   7.854802e-05   5.373172e-20   864
  1.431964e-01   1.722213e-18   6.027286e-05   6.482510e-20   816
  1.434467e-01   1.642668e-18   3.449810e-05   7.293045e-20   648
  1.437164e-01   1.589989e-18   3.526335e-05   6.116670e-20   843
  1.439454e-01   1.642016e-18   6.344743e-05   7.297808e-20   780
  1.442182e-01   1.768212e-18   3.404471e-05   1.267364e-19   216
  1.443865e-01   1.496075e-18   8.209510e-05   5.163097e-20   1056
  1.446454e-01   2.081422e-18   6.716301e-05   1.404448e-19   228
  1.448850e-01   1.549253e-18   8.361962e-05   5.852611e-20   924
  1.451311e-01   1.419366e-18   3.101819e-05   5.448977e-20   696
  1.453916e-01   1.555214e-18   5.520350e-05   5.537000e-20   996
  1.456581e-01   1.632876e-18   3.259105e-05   7.233874e-20   576
  1.459354e-01   1.646455e-18   5.030212e-05   8.096520e-20   552
  1.461376e-01   1.623758e-18   6.005898e-05   8.420392e-20   516
  1.463427e-01   1.601069e-18   8.733821e-05   6.353530e-20   744
  1.465771e-01   1.926798e-18   4.284460e-05   1.011062e-19   576
  1.467810e-01   1.494158e-18   4.409794e-05   5.367869e-20   792
  1.470708e-01   1.513273e-18   5.041212e-05   5.651477e-20   792
  1.472831e-01   1.612213e-18   5.436894e-05   6.261680e-20   720
  1.475703e-01   1.495671e-18   6.196809e-05   5.989724e-20   656
  1.478394e-01   1.526054e-18   6.766594e-05   5.894533e-20   816
  1.481153e-01   1.581859e-18   3.648433e-05   7.553294e-20   492
  1.482721e-01   1.617504e-18   5.248529e-05   7.196153e-20   552
  1.485663e-01   1.590214e-18   9.126553e-05   7.471205e-20   780
  1.487575e-01   1.514375e-18   5.606333e-05   7.065329e-20   528
  1.489634e-01   1.601806e-18   6.544296e-05   6.845884e-20   600
  1.492669e-01   1.560716e-18   5.438828e-05   5.140289e-20   900
  1.494760e-01   1.667804e-18   3.011028e-05   6.563063e-20   696
  1.497638e-01   1.699492e-18   7.613501e-05   6.768637e-20   696
  1.500423e-01   1.796791e-18   3.088725e-05   8.025103e-20   552
  1.502764e-01   1.344256e-18   3.591902e-05   5.446362e-20   708
  1.505217e-01   1.676661e-18   5.930435e-05   6.517395e-20   876
  1.507769e-01   1.434024e-18   3.148943e-05   1.007071e-19   216
  1.509481e-01   1.441817e-18   8.612787e-05   4.756460e-20   1032
  1.512046e-01   1.650962e-18   9.589387e-05   7.292662e-20   600
  1.514708e-01   1.722886e-18   4.575699e-05   7.016580e-20   600
  1.516739e-01   1.540874e-18   8.080257e-05   8.004809e-20   528
  1.519139e-01   1.575562e-18   4.435707e-05   5.564532e-20   732
  1.521668e-01   1.261624e-18   3.275367e-05   5.851289e-20   336
  1.524578e-01   1.569348e-18   4.668048e-05   5.360165e-20   912
  1.526754e-01   1.518771e-18   4.685305e-05   6.161283e-20   624
  1.529130e-01   1.543822e-18   3.948208e-05   5.819018e-20   768
  1.531905e-01   1.711723e-18   7.123345e-05   6.594631e-20   792
  1.534628e-01   1.527255e-18   3.531461e-05   6.871428e-20   660
  1.536565e-01   1.449569e-18   5.204174e-05   6.700361e-20   504
  1.538569e-01   1.720527e-18   8.502625e-05   8.665863e-20   480
  1.541572e-01   1.325606e-18   7.863820e-05   4.683322e-20   912
  1.543923e-01   1.713166e-18   8.757583e-05   9.552317e-20   432
  1.546144e-01   1.377582e-18   5.200047e-05   6.188657e-20   564
  1.548116e-01   1.525675e-18   4.977161e-05   6.236984e-20   600
  1.550891e-01   1.481539e-18   6.937691e-05   5.108248e-20   876
  1.552976e-01   1.661528e-18   3.119395e-05   1.040874e-19   264
  1.555851e-01   1.735879e-18   6.052853e-05   7.905586e-20   560
  1.558161e-01   1.476594e-18   4.113044e-05   4.955100e-20   840
  1.560965e-01   1.583803e-18   6.341128e-05   5.645458e-20   1008
  1.563558e-01   1.808236e-18   2.836595e-05   8.278483e-20   456
  1.565927e-01   1.686665e-18   3.674408e-05   7.137755e-20   576
  1.568116e-01   1.631936e-18   5.646120e-05   7.039847e-20   612
  1.571003e-01   1.503018e-18   5.042901e-05   5.874191e-20   780
  1.573359e-01   1.537896e-18   5.778934e-05   6.148756e-20   648
  1.575770e-01   1.703854e-18   2.693058e-05   1.049309e-19   312
  1.577311e-01   1.619998e-18   6.842617e-05   7.594529e-20   528
  1.579980e-01   1.496554e-18   8.936117e-05   6.162721e-20   720
  1.582533e-01   1.424368e-18   8.964102e-05   6.028591e-20   576
  1.585628e-01   1.513484e-18   7.732694e-05   6.723691e-20   444
  1.587554e-01   1.585558e-18   7.583279e-05   5.244836e-20   996
  1.589914e-01   1.436413e-18   6.334320e-05   7.114937e-20   432
  1.592145e-01   1.593097e-18   6.934834e-05   7.610903e-20   504
  1.594071e-01   1.798118e-18   3.126589e-05   7.953914e-20   504
  1.596815e-01   1.671081e-18   6.153164e-05   6.535729e-20   876
  1.599297e-01   1.542897e-18   7.081706e-05   7.317026e-20   504
  1.601882e-01   1.364511e-18   4.516342e-05   5.238656e-20   696
  1.604019e-01   1.702585e-18   3.860998e-05   7.941305e-20   492
  1.606926e-01   1.474397e-18   5.527206e-05   7.497602e-20   432
  1.609079e-01   1.528318e-18   5.175622e-05   5.516991e-20   768
  1.611631e-01   1.436790e-18   6.446933e-05   6.796902e-20   648
  1.614068e-01   1.371772e-18   4.205932e-05   6.291049e-20   456
  1.616868e-01   1.407981e-18   5.783839e-05   6.073613e-20   552
  1.618813e-01   1.515444e-18   3.964248e-05   7.216922e-20   648
  1.621489e-01   1.448859e-18   6.461501e-05   5.079491e-20   840
  1.624104e-01   1.655598e-18   3.081354e-05   8.504014e-20   432
  1.626721e-01   1.378490e-18   3.774132e-05   5.683808e-20   600
  1.628542e-01   1.630665e-18   4.021090e-05   8.897205e-20   432
  1.631600e-01   1.464599e-18   4.003387e-05   6.842573e-20   560
  1.633670e-01   1.512632e-18   6.336941e-05   5.662438e-20   840
  1.636263e-01   1.574906e-18   3.753463e-05   7.260602e-20   504
  1.638323e-01   1.402602e-18   7.660593e-05   5.898981e-20   696
  1.641226e-01   1.582998e-18   4.183943e-05   8.304215e-20   384
  1.643487e-01   1.333282e-18   6.128984e-05   5.492032e-20   576
  1.646222e-01   1.357404e-18   3.782503e-05   8.479730e-20   360
  1.648426e-01   1.410270e-18   5.633064e-05   5.897942e-20   828
  1.650804e-01   1.462658e-18   5.017290e-05   7.352621e-20   372
  1.652983e-01   1.530234e-18   7.662364e-05   6.883625e-20   576
  1.655869e-01   1.524524e-18   3.208989e-05   6.457376e-20   636
  1.657926e-01   1.408419e-18   6.186102e-05   5.883980e-20   648
  1.660708e-01   1.629762e-18   5.028625e-05   7.629750e-20   576
  1.662705e-01   1.428610e-18   8.111703e-05   6.842532e-20   528
  1.665361e-01   1.325639e-18   3.468088e-05   7.564129e-20   360
  1.667559e-01   1.338062e-18   7.977902e-05   5.287665e-20   672
  1.670430e-01   1.361387e-18   4.086413e-05   5.101021e-20   804
  1.672819e-01   1.628977e-18   4.507802e-05   8.822667e-20   408
  1.675462e-01   1.238015e-18   2.786312e-05   5.736658e-20   384
  1.677241e-01   1.320334e-18   6.376152e-05   7.040021e-20   480
  1.679752e-01   1.371982e-18   4.119929e-05   6.535497e-20   432
  1.682159e-01   1.618009e-18   7.592150e-05   6.503996e-20   648
  1.685009e-01   1.467051e-18   4.710893e-05   6.734905e-20   624
  1.687093e-01   1.447340e-18   4.284955e-05   8.244171e-20   456
  1.689940e-01   1.333018e-18   5.853629e-05   7.078841e-20   588
  1.691847e-01   1.261366e-18   3.734591e-05   5.530965e-20   600
  1.694632e-01   1.310536e-18   5.825046e-05   5.108667e-20   708
  1.696832e-01   1.211336e-18   3.669667e-05   6.892846e-20   360
  1.699263e-01   1.432241e-18   4.218379e-05   7.066194e-20   552
  1.701593e-01   1.291895e-18   2.959293e-05   8.921075e-20   288
  1.703959e-01   1.194266e-18   5.564280e-05   5.209122e-20   528
  1.706182e-01   1.259106e-18   3.753920e-05   5.848707e-20   456
  1.708665e-01   1.316174e-18   6.656515e-05   5.552431e-20   608
  1.711163e-01   1.206552e-18   3.220496e-05   5.826990e-20   504
  1.713892e-01   1.224986e-18   6.914223e-05   6.787862e-20   540
  1.716032e-01   1.482860e-18   7.422222e-05   9.071474e-20   360
  1.718339e-01   1.523735e-18   3.361162e-05   6.815391e-20   540
  1.720380e-01   1.351845e-18   2.885957e-05   6.566590e-20   576
  1.723347e-01   1.274882e-18   6.691555e-05   5.488700e-20   588
  1.726168e-01   1.325352e-18   9.232326e-05   5.855607e-20   672
  1.728592e-01   1.454115e-18   7.056345e-05   7.195831e-20   552
  1.730545e-01   9.790520e-19   7.059913e-05   8.585468e-20   144
  1.733038e-01   1.337525e-18   5.998121e-05   6.112034e-20   600
  1.735402e-01   1.172545e-18   7.516955e-05   6.023853e-20   504
  1.738025e-01   1.294488e-18   7.721430e-05   8.588640e-20   336
  1.740784e-01   1.208263e-18   8.678922e-05   5.036295e-20   600
  1.743256e-01   1.211421e-18   5.601092e-05   5.560607e-20   636
  1.745923e-01   1.318518e-18   4.503329e-05   9.332812e-20   384
  1.747793e-01   1.335425e-18   6.281612e-05   7.672500e-20   504
  1.750488e-01   1.377636e-18   2.636304e-05   9.766703e-20   240
  1.752616e-01   1.320445e-18   6.193054e-05   5.097483e-20   744
  1.755168e-01   1.144515e-18   4.228914e-05   5.329548e-20   648
  1.757436e-01   1.921574e-18   2.807279e-05   1.654182e-19   120
  1.760095e-01   1.148559e-18   4.409871e-05   5.027896e-20   564
  1.762103e-01   1.450084e-18   6.925969e-05   7.746132e-20   432
  1.764784e-01   1.070283e-18   5.375921e-05   6.725553e-20   480
  1.766803e-01   9.829671e-19   3.956814e-05   5.697805e-20   456
  1.769186e-01   1.209144e-18   6.547942e-05   6.715794e-20   444
  1.771890e-01   1.136226e-18   1.001870e-04   5.543174e-20   528
  1.774266e-01   1.226289e-18   7.440679e-05   9.866737e-20   264
  1.776571e-01   1.136019e-18   7.625589e-05   6.096199e-20   444
  1.779672e-01   1.240714e-18   8.352712e-05   5.343479e-20   696
  1.782246e-01   1.245722e-18   4.467309e-05   7.016492e-20   384
  1.784129e-01   1.294116e-18   5.644820e-05   7.061546e-20   432
  1.787057e-01   1.568779e-18   3.900306e-05   1.056056e-19   488
  1.788958e-01   1.392555e-18   5.878247e-05   6.659025e-20   480
  1.791714e-01   1.159115e-18   6.555462e-05   6.689996e-20   480
  1.793849e-01   1.072435e-18   2.750471e-05   6.395425e-20   240
  1.796272e-01   1.219831e-18   6.424882e-05   6.157488e-20   600
  1.798559e-01   1.123846e-18   5.598627e-05   7.632828e-20   288
  1.800993e-01   1.204488e-18   5.385469e-05   7.081074e-20   480
  1.803458e-01   9.619345e-19   9.579788e-05   5.325414e-20   504
  1.805885e-01   1.399139e-18   4.110325e-05   9.409058e-20   216
  1.808981e-01   1.274733e-18   6.729256e-05   7.544839e-20   504
  1.811392e-01   1.137520e-18   5.412370e-05   6.800011e-20   456
  1.814031e-01   1.598517e-18   3.104087e-05   1.026486e-19   384
  1.815779e-01   1.459239e-18   6.300174e-05   8.198448e-20   480
  1.818262e-01   1.061039e-18   5.532259e-05   6.465315e-20   504
  1.820564e-01   1.283332e-18   3.509319e-05   9.188081e-20   312
  1.823043e-01   1.200884e-18   5.655148e-05   7.121180e-20   492
  1.825238e-01   1.224767e-18   5.300385e-05   6.947142e-20   312
  1.828064e-01   1.006459e-18   8.610055e-05   4.288965e-20   576
  1.830551e-01   1.363226e-18   7.947777e-05   1.028248e-19   336
  1.832617e-01   8.537180e-19   6.119421e-05   6.200114e-20   240
  1.835481e-01   1.085373e-18   8.112802e-05   6.027155e-20   468
  1.837954e-01   1.070649e-18   5.079787e-05   1.127765e-19   192
  1.840542e-01   8.866932e-19   5.094927e-05   6.155790e-20   324
  1.842439e-01   1.072132e-18   3.697814e-05   5.802363e-20   600
  1.845024e-01   1.126790e-18   5.999324e-05   6.223386e-20   456
  1.846943e-01   1.243022e-18   2.698496e-05   8.267072e-20   336
  1.850125e-01   1.097754e-18   8.080061e-05   5.526228e-20   612
  1.852440e-01   6.824084e-19   6.781139e-05   8.935638e-20   144
  1.854629e-01   1.196311e-18   7.915330e-05   6.444593e-20   552
  1.857606e-01   7.808390e-19   3.117154e-05   4.390265e-20   264
  1.859288e-01   1.008333e-18   7.217008e-05   6.909227e-20   336
  1.861941e-01   9.226157e-19   4.768752e-05   5.442567e-20   384
  1.864242e-01   9.533207e-19   2.684336e-05   8.670617e-20   216
  1.866789e-01   8.368564e-19   5.691346e-05   5.862657e-20   344
  1.869112e-01   7.785576e-19   8.491756e-05   4.863204e-20   408
  1.871942e-01   1.011488e-18   6.525361e-05   9.251016e-20   264
  1.874450e-01   9.866722e-19   9.096676e-05   5.096325e-20   612
  1.876956e-01   1.168097e-18   4.681845e-05   7.443543e-20   408
  1.879533e-01   9.273763e-19   4.688574e-05   7.055775e-20   444
  1.881426e-01   1.653760e-18   2.622284e-05   1.534173e-19   120
  1.883963e-01   1.081541e-18   7.244892e-05   7.648282e-20   336
  1.885846e-01   9.187839e-19   2.517571e-05   6.986393e-20   288
  1.888390e-01   9.044956e-19   7.834725e-05   4.695002e-20   552
  1.891889e-01   1.024781e-18   0.000000e+00   1.401814e-19   72
  1.893687e-01   9.046014e-19   7.781878e-05   5.177103e-20   504
  1.895788e-01   5.879572e-19   2.504133e-05   5.859054e-20   216
  1.898511e-01   8.199255e-19   4.470956e-05   5.985895e-20   312
  1.900954e-01   6.654547e-19   5.090887e-05   4.430469e-20   336
  1.903283e-01   8.094749e-19   7.056539e-05   7.167070e-20   204
  1.905603e-01   1.327657e-18   8.200772e-05   8.566180e-20   504
  1.908063e-01   1.206873e-18   7.809491e-05   7.845471e-20   396
  1.910429e-01   9.473010e-19   7.161711e-05   6.861148e-20   312
  1.913297e-01   1.288645e-18   4.376572e-05   1.116206e-19   216
  1.915318e-01   8.851611e-19   2.375249e-05   8.973307e-20   168
  1.917774e-01   9.143762e-19   5.997637e-05   4.730100e-20   588
  1.920576e-01   6.484504e-19   8.141090e-05   5.463228e-20   240
  1.922754e-01   6.854131e-19   7.189946e-05   6.342761e-20   264
  1.925307e-01   8.992868e-19   8.891848e-05   8.076650e-20   288
  1.927573e-01   9.544418e-19   4.440219e-05   8.627598e-20   288
  1.930444e-01   6.535100e-19   4.170072e-05   5.003963e-20   288
  1.932378e-01   7.694633e-19   4.830681e-05   5.807698e-20   192
  1.934810e-01   5.850304e-19   5.140329e-05   4.291128e-20   264
  1.937128e-01   1.399747e-18   8.455129e-05   9.788025e-20   372
  1.939621e-01   1.299260e-18   9.131904e-05   1.267882e-19   360
  1.942665e-01   1.123873e-18   3.864708e-05   1.634746e-19   144
  1.944239e-01   6.476776e-19   5.367910e-05   7.020273e-20   296
  1.946722e-01   7.851568e-19   5.783646e-05   7.314172e-20   288
  1.949565e-01   8.087649e-19   8.643513e-05   5.040128e-20   480
  1.952017e-01   7.767691e-19   7.181934e-05   1.338710e-19   192
  1.954402e-01   9.476194e-19   7.703604e-05   8.032519e-20   192
  1.956569e-01   6.372256e-19   4.909597e-05   5.028022e-20   288
  1.959584e-01   3.608352e-19   4.273737e-05   4.149113e-20   108
  1.961102e-01   7.159724e-19   4.108675e-05   6.529953e-20   240
  1.963784e-01   5.840387e-19   7.664829e-05   4.585570e-20   384
  1.966538e-01   8.793723e-19   9.350223e-05   9.898115e-20   108
  1.968974e-01   1.060203e-18   5.482209e-05   8.408075e-20   348
  1.971535e-01   6.355186e-19   5.721449e-05   6.724071e-20   312
  1.973823e-01   6.889918e-19   5.559587e-05   1.482792e-19   96
  1.975926e-01   7.790618e-19   7.401586e-05   6.263398e-20   384
  1.978282e-01   7.754384e-19   5.090793e-05   7.083186e-20   144
  1.980586e-01   7.884031e-19   7.822228e-05   5.789592e-20   408
  1.983451e-01   4.478826e-19   3.489266e-05   6.149844e-20   144
  1.986157e-01   7.874059e-19   6.708152e-05   9.473165e-20   192
  1.987762e-01   9.219145e-19   7.550148e-05   9.676767e-20   144
  1.990378e-01   5.266737e-19   6.138549e-05   4.876843e-20   144
  1.992846e-01   7.909950e-19   7.502301e-05   7.369263e-20   336
  1.995869e-01   3.895801e-19   5.550751e-05   2.772802e-20   240
  1.997786e-01   6.082863e-19   2.520547e-05   8.504445e-20   96
  2.000459e-01   8.021649e-19   7.391551e-05   6.641753e-20   372
  2.003163e-01   6.395629e-19   8.792091e-05   1.040586e-19   132
  2.005538e-01   4.396806e-19   5.440441e-05   3.275388e-20   264
  2.007663e-01   1.062746e-18   4.178011e-05   1.296573e-19   168
  2.009931e-01   7.166386e-19   6.679837e-05   5.926119e-20   216
  2.011935e-01   5.034406e-19   4.086808e-05   7.063986e-20   216
  2.014852e-01   3.098474e-19   7.497591e-05   3.351156e-20   96
  2.017500e-01   8.074223e-19   4.891494e-05   9.563293e-20   120
  2.019928e-01   5.385269e-19   6.218465e-05   5.525674e-20   216
  2.021928e-01   4.460673e-19   2.717490e-05   4.506749e-20   200
  2.024576e-01   6.207443e-19   7.034415e-05   8.691404e-20   288
  2.027972e-01   2.039915e-19   1.850891e-05   1.602017e-20   144
  2.029402e-01   6.336512e-19   5.759860e-05   1.089671e-19   168
  2.032323e-01   5.479992e-19   6.482186e-05   8.056147e-20   159
  2.034603e-01   4.117808e-19   6.801371e-05   3.153444e-20   174
  2.036809e-01   3.574284e-19   6.167246e-05   3.411846e-20   144
  2.039698e-01   5.877035e-19   3.561139e-05   5.374280e-20   222
  2.041630e-01   4.418381e-19   3.593504e-05   5.004853e-20   168
  2.044967e-01   6.363809e-19   7.881934e-05   1.405848e-19   30
  2.046346e-01   1.913026e-19   6.959169e-05   2.505049e-20   72
  2.048942e-01   4.594762e-19   6.210975e-05   5.006173e-20   258
  2.051797e-01   3.607406e-19   3.890094e-05   2.748327e-20   264
  2.053225e-01   4.431678e-19   4.195079e-09   6.987168e-20   72
  2.056199e-01   2.590787e-19   7.710330e-05   3.186473e-20   174
  2.058892e-01   4.945691e-19   8.210077e-05   7.450871e-20   168
  2.061058e-01   1.340971e-19   2.568951e-09   1.949469e-20   48
  2.063382e-01   2.573351e-19   4.636424e-05   3.143759e-20   150
  2.066077e-01   6.136772e-19   8.529035e-05   5.445848e-20   168
  2.068780e-01   2.769123e-19   5.195492e-05   2.878487e-20   144
  2.071265e-01   3.944651e-19   4.853772e-05   7.538213e-20   102
  2.073116e-01   1.547973e-19   7.184416e-05   1.247574e-20   96
  2.076053e-01   1.184317e-19   7.130050e-05   8.798893e-21   120
  2.078228e-01   1.195947e-19   7.647166e-05   8.787607e-21   168
  2.080580e-01   4.811644e-19   5.646827e-05   4.836414e-20   126
  2.082585e-01   2.849065e-19   4.258836e-05   3.877175e-20   168
  2.085346e-01   1.524607e-19   6.829049e-05   2.125277e-20   72
  2.087759e-01   1.743997e-19   8.551492e-05   1.495217e-20   168
  2.089873e-01   3.628871e-19   2.344384e-05   7.015920e-20   78
  2.092770e-01   1.610983e-19   3.849304e-05   1.973791e-20   60
  2.095103e-01   5.675247e-19   6.244194e-05   1.057614e-19   96
  2.097522e-01   1.990729e-19   7.576810e-05   1.590785e-20   168
  2.099796e-01   1.818688e-19   4.794311e-05   3.462474e-20   86
  2.102181e-01   1.322939e-19   4.284977e-05   1.856113e-20   120
  2.105600e-01   1.597175e-19   3.055758e-05   1.482588e-20   168
  2.107444e-01   9.946060e-20   0.000000e+00   1.131487e-20   48
  2.109928e-01   3.477603e-19   5.567259e-05   3.986522e-20   120
  2.111355e-01   2.200528e-19   4.061540e-05   3.032029e-20   126
  2.114838e-01   2.023778e-19   7.143116e-05   2.331293e-20   96
  2.117099e-01   1.916234e-19   2.059722e-05   1.907975e-20   96
  2.118882e-01   1.269523e-19   2.422030e-09   1.596381e-20   72
  2.122681e-01   1.514326e-19   2.568951e-09   2.694201e-20   24
  2.125052e-01   2.160013e-19   4.238860e-05   1.939273e-20   120
  2.126902e-01   1.610244e-19   6.183193e-05   2.048700e-20   126
  2.128959e-01   1.217644e-19   5.154529e-05   1.405062e-20   96
  2.131362e-01   7.516906e-20   8.908530e-05   8.286209e-21   72
  2.134038e-01   1.285262e-19   3.853239e-05   1.075141e-20   144
  2.136239e-01   1.419000e-19   2.222458e-05   1.838465e-20   72
  2.138438e-01   2.059414e-19   4.439042e-05   4.019255e-20   54
  2.140373e-01   1.847137e-19   3.911854e-05   2.057573e-20   108
  2.144395e-01   2.119785e-19   3.834628e-05   2.302935e-20   72
  2.145647e-01   1.648433e-19   2.212712e-05   1.891279e-20   72
  2.148618e-01   9.694156e-20   4.449553e-09   1.234900e-20   24
  2.151428e-01   5.884515e-20   4.681088e-05   8.382901e-21   48
  2.153135e-01   1.519440e-19   3.565781e-05   2.043324e-20   102
  2.155704e-01   1.030282e-19   8.064314e-05   7.838954e-21   168
  2.159060e-01   7.777396e-20   4.398088e-05   1.056957e-20   72
  2.160304e-01   9.054872e-20   0.000000e+00   1.485835e-20   48
  2.162913e-01   1.234519e-19   7.564979e-05   1.221902e-20   120
  2.166356e-01   1.192394e-19   4.648832e-05   9.664656e-21   96
  2.169608e-01   2.272083e-19   4.110321e-09   7.284383e-20   30
  2.173472e-01   1.655113e-19   2.184227e-05   2.330068e-20   72
  2.175171e-01   7.990478e-20   2.568951e-09   1.855444e-20   24
  2.177352e-01   3.955255e-20   3.237565e-05   6.830472e-21   56
  2.179796e-01   4.016754e-20   4.620169e-05   3.513357e-21   96
  2.182720e-01   9.075843e-20   5.101796e-05   7.935503e-21   144
  2.184974e-01   1.249977e-19   2.896600e-05   2.601316e-20   54
  2.188250e-01   8.840075e-20   4.339413e-05   8.599502e-21   108
  2.191546e-01   2.110874e-19   2.297699e-05   3.667355e-20   48
  2.194683e-01   9.264406e-20   8.651572e-05   8.156965e-21   72
  2.202213e-01   1.700301e-19   5.716121e-05   2.221480e-20   78
  2.204299e-01   4.017461e-20   4.307814e-05   4.697173e-21   72
  2.206734e-01   4.574101e-20   4.302466e-05   4.901340e-21   72
  2.209281e-01   8.983563e-20   1.038232e-04   8.146659e-21   96
  2.211293e-01   4.530307e-20   4.293597e-05   3.096850e-21   72
  2.213721e-01   6.009421e-20   0.000000e+00   9.669775e-21   24
  2.216146e-01   8.433946e-20   8.567808e-05   9.680355e-21   72
  2.221623e-01   1.005600e-19   5.440820e-05   2.025997e-20   30
  2.222801e-01   1.370652e-19   0.000000e+00   2.748371e-20   24
  2.229135e-01   3.448916e-20   4.517907e-05   4.877771e-21   48
  2.231122e-01   5.723534e-20   9.722532e-05   8.486272e-21   120
  2.233799e-01   3.307901e-20   4.250917e-05   4.645028e-21   72
  2.236502e-01   4.980217e-20   4.245777e-05   8.002956e-21   36
  2.238360e-01   5.788082e-20   8.391632e-05   6.831445e-21   78
  2.243546e-01   6.993328e-20   4.488887e-05   8.240012e-21   48
  2.250269e-01   9.088270e-20   3.633045e-09   1.130157e-20   24
  2.255059e-01   1.841033e-20   3.125970e-05   2.959435e-21   56
  2.257471e-01   2.313401e-20   4.810277e-05   2.543902e-21   102
  2.260539e-01   3.867239e-20   3.425268e-09   4.382497e-21   72
  2.262321e-01   4.795700e-20   2.568951e-09   8.462344e-21   24
  2.265435e-01   3.757805e-20   4.445516e-05   4.285226e-21   48
  2.271206e-01   4.304462e-20   0.000000e+00   1.069946e-20   24
  2.278290e-01   4.601112e-20   0.000000e+00   2.201017e-20   6
  2.280499e-01   1.137751e-20   0.000000e+00   2.312972e-21   24
  2.281971e-01   2.090809e-20   4.161169e-05   2.173768e-21   72
  2.284659e-01   1.826797e-20   7.763053e-05   1.619040e-21   84
  2.287554e-01   3.718731e-20   0.000000e+00   7.054723e-21   24
  2.288435e-01   3.441346e-20   3.633045e-09   4.532999e-21   24
  2.292831e-01   3.586194e-20   4.449553e-09   7.127163e-21   24
  2.298972e-01   2.888562e-20   0.000000e+00   7.509796e-21   6
  2.306844e-01   9.668322e-21   4.365716e-05   1.185514e-21   48
  2.308735e-01   1.545812e-20   8.224294e-05   1.634870e-21   72
  2.311206e-01   2.063935e-20   4.357477e-05   3.150706e-21   48
  2.315124e-01   4.456361e-20   0.000000e+00   6.887207e-21   24
  2.320338e-01   8.866259e-20   0.000000e+00   1.428375e-20   6
  2.332028e-01   4.397112e-21   0.000000e+00   1.191745e-21   8
  2.332891e-01   1.101006e-20   2.568951e-09   2.702685e-21   48
  2.334962e-01   1.523471e-20   4.225843e-05   2.200081e-21   60
  2.338066e-01   2.022198e-20   0.000000e+00   5.414908e-21   24
  2.342369e-01   2.555736e-20   0.000000e+00   8.152360e-21   6
  2.358224e-01   8.426680e-21   0.000000e+00   1.573719e-21   24
  2.359505e-01   8.876497e-21   4.268279e-05   9.687734e-22   48
  2.361638e-01   1.457165e-20   0.000000e+00   3.769135e-21   24
  2.365047e-01   2.978235e-21   0.000000e+00   1.268190e-21   6
  2.384414e-01   4.075129e-21   3.981898e-05   4.610593e-22   36
  2.385821e-01   8.415712e-21   0.000000e+00   1.985644e-21   24
  2.388353e-01   8.132982e-21   0.000000e+00   4.080950e-21   6
  2.410389e-01   4.240133e-21   3.618719e-05   7.453374e-22   32
  2.412268e-01   3.527981e-21   0.000000e+00   2.434455e-22   6
  2.435949e-01   5.867634e-22   0.000000e+00   1.141567e-22   12
  2.436776e-01   4.659712e-21   0.000000e+00   1.397344e-21   6
  2.461858e-01   7.346283e-22   0.000000e+00   2.058850e-22   6
