# power spectrum of pi_k * H (dimensionless)
# redshift z=49.748176
# k              Pk             sigma(k)       sigma(Pk)      count
  4.487990e-03   7.844225e-11   0.000000e+00   3.161926e-11   6
  6.346976e-03   4.680204e-11   0.000000e+00   9.342313e-12   12
  7.773426e-03   3.553410e-11   8.514949e-11   7.234168e-12   8
  8.975979e-03   1.196841e-10   0.000000e+00   1.287815e-11   6
  1.003545e-02   8.345461e-11   1.605594e-10   2.660438e-11   24
  1.099328e-02   1.193920e-10   1.605594e-10   2.011659e-11   24
  1.269395e-02   5.335046e-11   0.000000e+00   2.401329e-11   12
  1.346397e-02   6.191556e-11   1.816523e-10   1.137775e-11   30
  1.419227e-02   7.817016e-11   0.000000e+00   1.722580e-11   24
  1.488498e-02   7.105597e-11   2.780971e-10   1.761511e-11   24
  1.554685e-02   8.198653e-11   1.702990e-10   1.661600e-11   8
  1.618168e-02   6.991013e-11   2.270653e-10   8.687015e-12   24
  1.679252e-02   6.549355e-11   0.000000e+00   9.204379e-12   48
  1.795196e-02   7.896149e-11   0.000000e+00   3.471818e-11   6
  1.850445e-02   6.209829e-11   2.270653e-10   8.697599e-12   48
  1.904093e-02   5.769236e-11   2.140792e-10   6.021021e-12   36
  1.956269e-02   8.165538e-11   2.270653e-10   1.707754e-11   24
  2.007090e-02   4.841898e-11   3.211188e-10   8.332065e-12   24
  2.056655e-02   4.310586e-11   0.000000e+00   5.859967e-12   48
  2.105054e-02   6.564302e-11   3.211188e-10   9.344836e-12   24
  2.198657e-02   5.243467e-11   3.211188e-10   8.245496e-12   24
  2.243995e-02   3.581721e-11   0.000000e+00   5.857523e-12   30
  2.288435e-02   3.830145e-11   0.000000e+00   4.206923e-12   72
  2.332028e-02   3.789567e-11   3.405980e-10   7.747164e-12   32
  2.416856e-02   4.898545e-11   0.000000e+00   5.649842e-12   72
  2.458173e-02   3.032811e-11   0.000000e+00   4.434618e-12   48
  2.538790e-02   1.572411e-11   0.000000e+00   4.677297e-12   12
  2.578154e-02   3.109117e-11   0.000000e+00   4.659911e-12   48
  2.616925e-02   2.725679e-11   0.000000e+00   2.701993e-12   48
  2.655130e-02   3.638175e-11   3.211188e-10   4.591493e-12   48
  2.692794e-02   4.335409e-11   3.633045e-10   7.588630e-12   30
  2.729937e-02   4.007825e-11   0.000000e+00   9.013649e-12   24
  2.766583e-02   4.002692e-11   6.769780e-10   4.092669e-12   72
  2.838454e-02   2.388163e-11   0.000000e+00   4.534343e-12   24
  2.873715e-02   3.530682e-11   0.000000e+00   3.458396e-12   96
  2.908550e-02   2.692803e-11   0.000000e+00   3.579319e-12   48
  2.942972e-02   2.219950e-11   5.561942e-10   5.450300e-12   24
  2.976995e-02   1.655147e-11   5.561942e-10   3.399948e-12   24
  3.010635e-02   3.866894e-11   0.000000e+00   4.721046e-12   72
  3.043903e-02   2.928170e-11   0.000000e+00   4.506831e-12   48
  3.109370e-02   2.418415e-11   3.405980e-10   7.212082e-12   8
  3.141593e-02   3.692527e-11   4.036717e-10   4.469035e-12   54
  3.173488e-02   2.424316e-11   0.000000e+00   4.177447e-12   84
  3.205066e-02   2.724611e-11   0.000000e+00   3.924262e-12   48
  3.236335e-02   1.656911e-11   4.541306e-10   2.953281e-12   24
  3.267306e-02   2.220010e-11   6.055075e-10   2.621462e-12   72
  3.297985e-02   2.887016e-11   0.000000e+00   3.264270e-12   96
  3.358504e-02   3.807788e-11   0.000000e+00   4.153487e-12   48
  3.388358e-02   2.091558e-11   0.000000e+00   1.959765e-12   48
  3.417951e-02   1.861290e-11   0.000000e+00   3.621071e-12   24
  3.447290e-02   2.056138e-11   0.000000e+00   2.227203e-12   72
  3.505232e-02   2.053305e-11   0.000000e+00   2.421995e-12   72
  3.533846e-02   2.029701e-11   0.000000e+00   2.315146e-12   96
  3.590392e-02   2.991166e-11   0.000000e+00   1.314316e-11   6
  3.618333e-02   2.273231e-11   0.000000e+00   2.236651e-12   96
  3.646060e-02   2.318557e-11   4.541306e-10   2.472755e-12   96
  3.673578e-02   1.529501e-11   0.000000e+00   3.638302e-12   24
  3.700891e-02   1.706953e-11   4.541306e-10   2.044330e-12   48
  3.728004e-02   1.736195e-11   0.000000e+00   1.745145e-12   96
  3.754921e-02   1.892752e-11   0.000000e+00   2.552029e-12   48
  3.808185e-02   1.729217e-11   4.281585e-10   3.177874e-12   36
  3.834540e-02   1.729623e-11   7.865773e-10   2.153986e-12   48
  3.860715e-02   1.889353e-11   8.899106e-10   1.689134e-12   120
  3.886713e-02   1.646001e-11   0.000000e+00   2.161631e-12   56
  3.912539e-02   9.070671e-12   4.541306e-10   1.588620e-12   24
  3.938195e-02   1.331782e-11   0.000000e+00   1.186352e-12   96
  3.963685e-02   1.387946e-11   0.000000e+00   1.789795e-12   48
  4.014180e-02   1.737800e-11   6.422377e-10   3.223327e-12   24
  4.039191e-02   1.827691e-11   0.000000e+00   1.822772e-12   102
  4.064047e-02   1.986549e-11   4.541306e-10   3.001360e-12   48
  4.088753e-02   1.738052e-11   0.000000e+00   1.750965e-12   72
  4.113310e-02   1.571715e-11   0.000000e+00   1.587190e-12   48
  4.137722e-02   1.748498e-11   0.000000e+00   3.206055e-12   48
  4.161990e-02   1.438237e-11   1.027580e-09   1.300370e-12   120
  4.210107e-02   2.087412e-11   6.422377e-10   3.488622e-12   24
  4.233961e-02   1.271815e-11   6.055075e-10   1.069630e-12   144
  4.257681e-02   1.288242e-11   7.266090e-10   1.249954e-12   120
  4.281269e-02   1.071846e-11   6.422377e-10   1.502845e-12   48
  4.328060e-02   1.483717e-11   6.422377e-10   1.979347e-12   48
  4.351267e-02   1.215680e-11   6.422377e-10   1.240565e-12   96
  4.412543e-02   1.542339e-11   1.076845e-04   1.843257e-12   72
  4.442883e-02   1.167245e-11   5.708779e-10   8.819349e-13   108
  4.465493e-02   1.346568e-11   0.000000e+00   1.442802e-12   72
  4.487990e-02   8.617612e-12   0.000000e+00   1.703122e-12   30
  4.510374e-02   1.381740e-11   0.000000e+00   1.073807e-12   168
  4.532647e-02   1.450261e-11   0.000000e+00   1.661966e-12   48
  4.576869e-02   9.490563e-12   0.000000e+00   1.121410e-12   72
  4.598821e-02   1.269049e-11   0.000000e+00   1.212148e-12   96
  4.620668e-02   1.205232e-11   1.211015e-09   1.850596e-12   72
  4.642412e-02   1.387218e-11   0.000000e+00   1.482116e-12   72
  4.678970e-02   1.265237e-11   9.942967e-05   9.639649e-13   104
  4.707043e-02   1.178273e-11   8.563169e-10   8.697584e-13   144
  4.770798e-02   8.258824e-12   1.436087e-09   7.833851e-13   96
  4.791862e-02   8.481349e-12   0.000000e+00   8.775646e-13   96
  4.825361e-02   1.182797e-11   1.022910e-04   1.097149e-12   120
  4.854503e-02   9.966840e-12   0.000000e+00   8.984433e-13   120
  4.875204e-02   1.200020e-11   0.000000e+00   1.299326e-12   72
  4.916346e-02   1.232984e-11   0.000000e+00   1.633455e-12   48
  4.936788e-02   1.237019e-11   1.117860e-09   1.444270e-12   78
  4.962939e-02   1.299550e-11   9.159181e-05   1.021829e-12   168
  5.017725e-02   1.185482e-11   1.048770e-09   1.015693e-12   144
  5.037756e-02   1.276223e-11   8.563169e-10   9.139335e-13   144
  5.095853e-02   1.096621e-11   5.274950e-05   9.594354e-13   156
  5.117095e-02   8.445902e-12   1.112388e-09   1.623651e-12   48
  5.136739e-02   9.912857e-12   7.266090e-10   9.434946e-13   120
  5.156307e-02   6.836845e-12   0.000000e+00   7.105689e-13   48
  5.190908e-02   1.041602e-11   8.074274e-05   7.273314e-13   216
  5.233850e-02   8.599577e-12   0.000000e+00   1.028504e-12   48
  5.253057e-02   8.380465e-12   6.422377e-10   7.268348e-13   96
  5.280366e-02   9.500730e-12   9.436050e-05   8.316608e-13   168
  5.310261e-02   7.600683e-12   6.422377e-10   1.087373e-12   48
  5.329192e-02   1.037763e-11   0.000000e+00   1.039028e-12   96
  5.348057e-02   9.031021e-12   0.000000e+00   1.644109e-12   48
  5.385587e-02   1.103841e-11   7.266090e-10   1.110619e-12   30
  5.404255e-02   7.247873e-12   0.000000e+00   5.932437e-13   96
  5.426566e-02   8.964478e-12   7.415896e-05   6.170522e-13   240
  5.455256e-02   1.331431e-11   8.000683e-05   1.900141e-12   32
  5.478289e-02   6.757684e-12   0.000000e+00   4.944681e-13   168
  5.496642e-02   8.032611e-12   0.000000e+00   7.798395e-13   120
  5.533165e-02   6.640328e-12   1.353956e-09   7.821012e-13   72
  5.551336e-02   1.015877e-11   6.055075e-10   9.363578e-13   144
  5.569449e-02   7.485377e-12   0.000000e+00   7.366072e-13   96
  5.587502e-02   9.427204e-12   0.000000e+00   7.583854e-13   96
  5.623435e-02   1.062021e-11   0.000000e+00   1.304103e-12   72
  5.641315e-02   7.944411e-12   9.082613e-10   7.771866e-13   96
  5.676908e-02   8.664994e-12   0.000000e+00   1.594838e-12   24
  5.694620e-02   8.886703e-12   0.000000e+00   6.333863e-13   192
  5.715479e-02   8.372098e-12   6.789523e-05   6.287611e-13   132
  5.747431e-02   9.168899e-12   0.000000e+00   8.040343e-13   96
  5.764927e-02   6.296425e-12   0.000000e+00   6.369457e-13   96
  5.782370e-02   8.086081e-12   7.266090e-10   6.743395e-13   120
  5.817099e-02   8.693212e-12   0.000000e+00   1.192840e-12   48
  5.845566e-02   6.146995e-12   8.228355e-05   3.883231e-13   222
  5.868808e-02   7.779028e-12   0.000000e+00   7.283432e-13   120
  5.885943e-02   7.798316e-12   1.112388e-09   1.574680e-12   24
  5.910891e-02   9.166163e-12   8.492858e-05   5.014990e-13   312
  5.965251e-02   9.949501e-12   7.962394e-05   1.058642e-12   72
  5.987725e-02   6.845349e-12   1.112388e-09   8.686699e-13   96
  6.010802e-02   8.483948e-12   8.108596e-05   6.630564e-13   192
  6.037972e-02   7.517851e-12   1.027580e-09   7.884558e-13   120
  6.054629e-02   7.675112e-12   0.000000e+00   7.616595e-13   144
  6.087805e-02   7.049480e-12   0.000000e+00   1.009391e-12   48
  6.111387e-02   6.778047e-12   8.153477e-05   4.036295e-13   336
  6.137233e-02   7.554428e-12   0.000000e+00   9.838841e-13   48
  6.169965e-02   7.000052e-12   0.000000e+00   6.400888e-13   192
  6.186267e-02   6.887186e-12   0.000000e+00   8.406331e-13   48
  6.232604e-02   7.112185e-12   5.659583e-05   8.640635e-13   56
  6.255643e-02   7.149776e-12   7.268827e-05   3.922973e-13   336
  6.283185e-02   7.282595e-12   8.073433e-10   1.060695e-12   54
  6.307177e-02   6.583631e-12   7.983781e-05   4.081429e-13   240
  6.356985e-02   6.704006e-12   7.644534e-05   5.193058e-13   228
  6.378632e-02   7.549228e-12   8.563169e-10   9.710456e-13   72
  6.399644e-02   7.820634e-12   7.415385e-05   5.781128e-13   144
  6.425823e-02   6.549583e-12   0.000000e+00   6.296556e-13   96
  6.441477e-02   6.468907e-12   1.027580e-09   4.208996e-13   240
  6.472671e-02   5.678229e-12   9.082613e-10   1.086813e-12   24
  6.492641e-02   6.774714e-12   7.003773e-05   3.934860e-13   336
  6.519181e-02   5.792207e-12   0.000000e+00   6.823036e-13   72
  6.543408e-02   7.751483e-12   7.617900e-05   5.616741e-13   168
  6.565363e-02   5.495272e-12   0.000000e+00   5.108585e-13   72
  6.595971e-02   8.245324e-12   0.000000e+00   7.913703e-13   96
  6.619675e-02   6.094995e-12   7.560752e-05   4.336832e-13   216
  6.641618e-02   4.936573e-12   0.000000e+00   3.738490e-13   96
  6.671876e-02   6.028957e-12   9.082613e-10   3.909139e-13   192
  6.686954e-02   6.073195e-12   8.563169e-10   4.774211e-13   144
  6.717008e-02   5.830028e-12   0.000000e+00   7.542432e-13   48
  6.737816e-02   6.455619e-12   7.289453e-05   4.475331e-13   246
  6.766089e-02   7.806677e-12   6.720992e-05   5.950011e-13   168
  6.791561e-02   6.293165e-12   1.779821e-09   6.800396e-13   120
  6.806373e-02   5.195162e-12   0.000000e+00   3.553359e-13   240
  6.835902e-02   4.023548e-12   0.000000e+00   8.176752e-13   24
  6.859430e-02   5.840410e-12   7.194229e-05   3.523248e-13   360
  6.888731e-02   6.096362e-12   7.163615e-05   4.681444e-13   120
  6.909172e-02   6.329307e-12   0.000000e+00   5.204292e-13   144
  6.923733e-02   6.729310e-12   0.000000e+00   5.792203e-13   96
  6.967233e-02   6.124775e-12   0.000000e+00   4.727950e-13   144
  6.981673e-02   6.691748e-12   0.000000e+00   5.785090e-13   132
  7.001966e-02   5.667634e-12   7.070381e-05   4.172396e-13   176
  7.031425e-02   5.728628e-12   7.139661e-05   3.000657e-13   312
  7.067693e-02   7.818733e-12   0.000000e+00   1.151975e-12   96
  7.081928e-02   5.186309e-12   0.000000e+00   4.592087e-13   144
  7.103769e-02   5.861202e-12   7.068048e-05   3.380823e-13   312
  7.138584e-02   6.170028e-12   0.000000e+00   6.125535e-13   48
  7.152678e-02   5.057115e-12   9.082613e-10   3.661710e-13   192
  7.180783e-02   2.318920e-12   0.000000e+00   7.139638e-13   6
  7.199456e-02   4.784464e-12   6.592151e-05   2.579317e-13   288
  7.229701e-02   4.900831e-12   6.965036e-05   3.566620e-13   192
  7.250569e-02   4.619836e-12   2.136030e-09   2.943794e-13   216
  7.264446e-02   5.607287e-12   0.000000e+00   7.462612e-13   72
  7.299019e-02   4.926629e-12   6.898890e-05   4.063656e-13   192
  7.321980e-02   5.997187e-12   5.122797e-05   3.634139e-13   288
  7.347155e-02   4.987751e-12   0.000000e+00   9.647493e-13   24
  7.366606e-02   5.484461e-12   6.748859e-05   2.569972e-13   456
  7.401782e-02   3.641548e-12   0.000000e+00   5.413848e-13   48
  7.423517e-02   5.089669e-12   6.647357e-05   3.619348e-13   240
  7.448497e-02   5.911911e-12   6.717903e-05   3.858682e-13   216
  7.469503e-02   4.554984e-12   0.000000e+00   5.517804e-13   72
  7.482974e-02   4.450746e-12   2.321067e-09   3.610473e-13   168
  7.521008e-02   5.229859e-12   4.993319e-05   3.273060e-13   288
  7.542338e-02   5.301179e-12   6.607016e-05   3.742251e-13   168
  7.576598e-02   5.746124e-12   0.000000e+00   4.243249e-13   192
  7.589879e-02   4.530363e-12   8.563169e-10   3.247989e-13   144
  7.616371e-02   6.403653e-12   8.563169e-10   8.170449e-13   36
  7.638837e-02   3.974006e-12   6.033611e-05   2.055237e-13   342
  7.660318e-02   4.678626e-12   6.195787e-05   3.778275e-13   144
  7.687931e-02   4.590274e-12   6.497828e-05   2.427232e-13   384
  7.721429e-02   5.441470e-12   1.779821e-09   5.130059e-13   120
  7.738009e-02   5.357914e-12   5.794173e-05   3.232747e-13   264
  7.760459e-02   4.452511e-12   2.872174e-09   3.199406e-13   192
  7.781602e-02   4.691206e-12   6.244329e-05   3.547966e-13   152
  7.799294e-02   4.348350e-12   1.712634e-09   3.920639e-13   144
  7.836508e-02   3.644007e-12   4.041391e-05   2.659233e-13   216
  7.853733e-02   5.008175e-12   5.400376e-05   2.688365e-13   312
  7.884055e-02   4.274518e-12   6.258929e-05   2.394285e-13   240
  7.901921e-02   4.872458e-12   9.082613e-10   5.018373e-13   96
  7.935833e-02   4.029674e-12   5.983988e-05   3.259912e-13   144
  7.956734e-02   4.355334e-12   5.881734e-05   2.139932e-13   456
  7.990638e-02   3.343704e-12   0.000000e+00   2.184879e-13   120
  8.003232e-02   3.760394e-12   0.000000e+00   3.425360e-13   144
  8.028360e-02   3.020600e-12   1.284475e-09   4.979805e-13   24
  8.044470e-02   4.179459e-12   5.653709e-05   2.119388e-13   336
  8.072332e-02   3.949879e-12   6.235271e-05   2.972951e-13   198
  8.098439e-02   4.163919e-12   6.063443e-05   2.317923e-13   432
  8.128095e-02   5.049860e-12   1.816523e-09   5.096277e-13   48
  8.143566e-02   4.893105e-12   5.352971e-05   2.555477e-13   384
  8.171344e-02   4.289578e-12   6.162404e-05   3.575967e-13   144
  8.196515e-02   4.832811e-12   6.118458e-05   3.220856e-13   264
  8.226621e-02   3.505569e-12   0.000000e+00   3.366052e-13   48
  8.246820e-02   4.101343e-12   5.817654e-05   2.493924e-13   276
  8.266310e-02   3.770603e-12   5.273546e-05   3.226345e-13   192
  8.292356e-02   3.837127e-12   5.926306e-05   1.615603e-13   552
  8.323980e-02   2.735254e-12   1.453218e-09   2.523596e-13   120
  8.342777e-02   3.716517e-12   5.998883e-05   2.536589e-13   216
  8.360198e-02   3.610439e-12   1.453218e-09   2.830159e-13   120
  8.391317e-02   4.285095e-12   5.907428e-05   2.133025e-13   408
  8.420215e-02   3.022683e-12   1.284475e-09   4.039801e-13   24
  8.438134e-02   3.487040e-12   5.967566e-05   2.136450e-13   384
  8.463161e-02   3.104125e-12   5.830526e-05   2.096284e-13   240
  8.484893e-02   3.452989e-12   5.873223e-05   2.399064e-13   168
  8.515361e-02   2.799347e-12   0.000000e+00   2.767913e-13   120
  8.535003e-02   3.630161e-12   6.122527e-05   1.961047e-13   350
  8.566942e-02   3.722938e-12   1.007886e-04   2.070917e-13   384
  8.586029e-02   4.036540e-12   0.000000e+00   3.923996e-13   144
  8.621146e-02   3.073892e-12   1.211015e-09   1.917500e-13   288
  8.639482e-02   3.198597e-12   5.769264e-05   1.671572e-13   336
  8.664426e-02   3.582624e-12   5.252436e-05   2.710629e-13   168
  8.679359e-02   3.558448e-12   3.442699e-09   2.280441e-13   336
  8.710244e-02   2.855062e-12   5.451716e-05   1.674338e-13   288
  8.728795e-02   3.181170e-12   5.136910e-05   1.894792e-13   264
  8.760206e-02   3.206044e-12   0.000000e+00   2.026536e-13   240
  8.771695e-02   3.166987e-12   0.000000e+00   2.685599e-13   96
  8.812928e-02   3.589369e-12   6.985852e-05   2.000134e-13   360
  8.832172e-02   3.357721e-12   5.149772e-05   3.109570e-13   168
  8.856486e-02   3.228859e-12   5.613787e-05   1.494455e-13   456
  8.885766e-02   2.928679e-12   1.614687e-09   2.590263e-13   108
  8.902234e-02   2.742344e-12   5.632711e-05   1.876075e-13   264
  8.922780e-02   2.870506e-12   5.025296e-05   1.967505e-13   264
  8.950914e-02   3.328184e-12   4.742099e-05   1.865824e-13   312
  8.985946e-02   3.296260e-12   3.523897e-05   2.245154e-13   270
  9.000628e-02   3.086150e-12   4.474031e-05   2.287008e-13   240
  9.027023e-02   3.177529e-12   5.534940e-05   1.721884e-13   384
  9.043048e-02   2.562680e-12   1.816523e-09   1.712144e-13   192
  9.074177e-02   3.301688e-12   4.441052e-05   2.458889e-13   240
  9.092233e-02   3.120515e-12   5.480976e-05   1.756538e-13   336
  9.126190e-02   3.049545e-12   5.517650e-05   1.341982e-13   480
  9.153738e-02   3.144653e-12   1.211015e-09   3.486243e-13   72
  9.169127e-02   3.097178e-12   5.380211e-05   2.262116e-13   240
  9.190057e-02   2.647538e-12   5.056661e-05   1.475959e-13   312
  9.214050e-02   2.444814e-12   5.465037e-05   1.625530e-13   240
  9.250305e-02   2.873245e-12   4.152014e-05   1.459855e-13   408
  9.264658e-02   2.674741e-12   3.802244e-05   1.548737e-13   336
  9.292709e-02   2.800739e-12   4.827913e-05   2.088163e-13   264
  9.306493e-02   2.915838e-12   0.000000e+00   2.423403e-13   144
  9.344847e-02   2.727525e-12   6.691774e-05   1.419456e-13   464
  9.365053e-02   2.100343e-12   5.321333e-05   1.497959e-13   168
  9.385003e-02   3.088639e-12   4.846574e-05   1.749123e-13   336
  9.421059e-02   2.691073e-12   5.092274e-05   1.515422e-13   414
  9.441384e-02   3.307924e-12   5.300755e-05   2.313188e-13   216
  9.467424e-02   3.509803e-12   1.284475e-09   3.647278e-13   96
  9.478056e-02   2.581943e-12   3.146309e-09   1.342889e-13   384
  9.515300e-02   2.783648e-12   5.290514e-05   1.377510e-13   492
  9.535260e-02   2.398961e-12   5.173669e-05   1.468841e-13   240
  9.557820e-02   2.239816e-12   5.253086e-05   1.244453e-13   312
  9.588974e-02   2.194363e-12   5.251357e-05   1.629855e-13   192
  9.608709e-02   2.623035e-12   5.089201e-05   1.246922e-13   504
  9.634892e-02   2.545542e-12   3.369138e-05   1.503243e-13   408
  9.655507e-02   2.696655e-12   1.032177e-04   2.197690e-13   168
  9.681304e-02   2.537014e-12   4.902931e-05   1.675658e-13   288
  9.702952e-02   2.317224e-12   5.116628e-05   1.577186e-13   288
  9.725127e-02   2.303333e-12   5.146081e-05   1.177722e-13   432
  9.757291e-02   2.639867e-12   4.866478e-05   1.760999e-13   216
  9.774479e-02   2.335677e-12   4.856211e-05   1.221742e-13   360
  9.805077e-02   2.595284e-12   4.739615e-05   1.538681e-13   312
  9.832692e-02   3.121694e-12   0.000000e+00   4.939672e-13   48
  9.848611e-02   2.322556e-12   5.081550e-05   1.185002e-13   432
  9.877120e-02   2.140658e-12   8.476078e-05   1.055011e-13   414
  9.893956e-02   2.274789e-12   1.936190e-09   1.382027e-13   312
  9.925365e-02   2.434089e-12   7.437288e-05   1.197109e-13   528
  9.946561e-02   2.548555e-12   3.903945e-05   1.878342e-13   264
  9.972025e-02   2.304204e-12   4.629008e-05   1.236319e-13   480
  1.000530e-01   2.279525e-12   0.000000e+00   1.270493e-13   288
  1.001967e-01   2.399564e-12   4.973726e-05   2.079912e-13   168
  1.004595e-01   2.399918e-12   7.873394e-05   1.074479e-13   504
  1.007551e-01   2.973016e-12   1.211015e-09   2.402745e-13   144
  1.009411e-01   2.048952e-12   5.056606e-05   9.681252e-14   464
  1.012205e-01   1.879890e-12   7.420855e-05   9.291847e-14   432
  1.013531e-01   2.475974e-12   1.284475e-09   1.732874e-13   192
  1.016957e-01   1.980219e-12   5.501332e-05   9.227943e-14   396
  1.018981e-01   2.054852e-12   4.941713e-05   1.275845e-13   288
  1.021026e-01   2.072602e-12   4.881567e-05   1.194868e-13   336
  1.024293e-01   1.972996e-12   3.091107e-05   9.564795e-14   432
  1.026367e-01   2.192515e-12   8.011717e-05   1.187900e-13   360
  1.028695e-01   2.095764e-12   4.739049e-05   9.863849e-14   384
  1.032001e-01   1.782496e-12   4.183121e-05   1.318266e-13   198
  1.033594e-01   2.072540e-12   4.754848e-05   8.957837e-14   552
  1.036565e-01   1.926858e-12   6.656461e-05   1.262365e-13   432
  1.039045e-01   2.246849e-12   2.542602e-09   1.746046e-13   168
  1.041126e-01   2.218693e-12   8.251578e-05   1.122321e-13   480
  1.043880e-01   1.541832e-12   0.000000e+00   1.459931e-13   120
  1.045119e-01   1.992874e-12   6.739531e-05   1.321792e-13   336
  1.048143e-01   2.024028e-12   4.754634e-05   8.066310e-14   672
  1.051134e-01   2.156606e-12   6.916265e-05   1.007944e-13   528
  1.052527e-01   1.674535e-12   2.076026e-09   1.095265e-13   168
  1.055745e-01   2.025925e-12   7.715047e-05   9.583259e-14   456
  1.057708e-01   2.428640e-12   4.711644e-05   2.728570e-13   168
  1.059747e-01   2.058788e-12   4.703185e-05   1.105269e-13   504
  1.063135e-01   1.723710e-12   6.052278e-05   1.088501e-13   336
  1.065184e-01   2.208866e-12   4.362976e-05   1.280290e-13   312
  1.067457e-01   2.030710e-12   4.262923e-05   1.041739e-13   504
  1.070448e-01   1.850304e-12   2.957734e-05   8.157062e-14   432
  1.071854e-01   1.643114e-12   4.570679e-05   9.058147e-14   312
  1.074777e-01   1.752450e-12   4.685168e-05   8.648817e-14   384
  1.077830e-01   2.142916e-12   3.980594e-05   2.294108e-13   126
  1.079714e-01   1.882114e-12   6.988975e-05   9.258176e-14   492
  1.082121e-01   2.024507e-12   4.476446e-05   9.849344e-14   528
  1.085129e-01   1.809768e-12   4.547108e-05   8.961451e-14   480
  1.086993e-01   2.095225e-12   6.281804e-05   1.129310e-13   432
  1.089692e-01   2.031719e-12   4.939807e-05   1.059870e-13   440
  1.092826e-01   1.928068e-12   2.456546e-05   1.128391e-13   312
  1.094002e-01   1.857048e-12   3.681340e-05   1.233939e-13   480
  1.096414e-01   1.827836e-12   7.207992e-05   1.087443e-13   408
  1.099939e-01   1.982013e-12   4.316772e-05   1.103401e-13   360
  1.101428e-01   1.729452e-12   4.165528e-05   9.372785e-14   408
  1.104187e-01   1.577137e-12   4.238952e-05   7.788260e-14   456
  1.107295e-01   1.891671e-12   4.051394e-05   1.121940e-13   264
  1.109019e-01   1.786875e-12   4.396779e-05   1.094322e-13   384
  1.111530e-01   1.749085e-12   7.402287e-05   7.821554e-14   672
  1.114432e-01   1.897467e-12   4.427524e-05   1.537591e-13   240
  1.116107e-01   1.703104e-12   4.492830e-05   9.777080e-14   264
  1.118470e-01   1.350956e-12   5.541164e-05   6.131919e-14   624
  1.121997e-01   1.630071e-12   0.000000e+00   1.419993e-13   150
  1.123253e-01   1.987661e-12   6.209312e-05   9.687041e-14   600
  1.125901e-01   1.635141e-12   4.285507e-05   7.509156e-14   672
  1.128900e-01   1.662545e-12   4.030821e-05   1.113760e-13   336
  1.130571e-01   1.967363e-12   4.384359e-05   1.156305e-13   408
  1.133240e-01   1.723919e-12   4.374031e-05   1.073571e-13   408
  1.136209e-01   1.618185e-12   2.211745e-05   9.029520e-14   360
  1.138039e-01   1.815273e-12   8.120816e-05   1.001733e-13   456
  1.140250e-01   1.628744e-12   4.416149e-05   8.985660e-14   384
  1.143063e-01   1.619817e-12   4.076666e-05   7.841038e-14   348
  1.144584e-01   1.764496e-12   5.025723e-05   8.638416e-14   576
  1.147440e-01   1.610373e-12   4.138022e-05   7.659359e-14   504
  1.150362e-01   1.620582e-12   5.836440e-05   8.562891e-14   432
  1.152912e-01   1.476224e-12   7.940448e-05   6.041157e-14   576
  1.154731e-01   1.511417e-12   0.000000e+00   1.023840e-13   264
  1.157616e-01   1.586716e-12   6.318613e-05   6.152649e-14   768
  1.160125e-01   1.530796e-12   8.506861e-05   1.050560e-13   240
  1.162120e-01   1.465503e-12   7.502246e-05   1.293993e-13   192
  1.165026e-01   1.445453e-12   5.522570e-05   6.437609e-14   504
  1.167181e-01   1.567549e-12   7.441870e-05   8.704599e-14   590
  1.169248e-01   1.596373e-12   8.338208e-05   9.592124e-14   384
  1.171839e-01   1.541029e-12   6.968286e-05   8.148204e-14   504
  1.174968e-01   1.770885e-12   6.705897e-05   7.801103e-14   648
  1.178003e-01   1.486168e-12   1.821233e-05   7.825195e-14   504
  1.179227e-01   1.554717e-12   4.154576e-05   8.574714e-14   312
  1.181387e-01   1.536422e-12   5.985722e-05   7.017501e-14   576
  1.184353e-01   1.659913e-12   4.165498e-05   1.331361e-13   240
  1.186082e-01   1.409510e-12   4.209035e-05   6.623284e-14   552
  1.188529e-01   1.699135e-12   3.952187e-05   8.945225e-14   600
  1.192015e-01   1.505485e-12   4.827284e-05   6.908285e-14   600
  1.194111e-01   1.539153e-12   7.730513e-05   9.525029e-14   312
  1.196198e-01   1.656778e-12   6.732512e-05   8.383189e-14   480
  1.198806e-01   1.529041e-12   4.200441e-05   7.923193e-14   576
  1.201101e-01   1.725957e-12   6.763622e-05   1.150377e-13   408
  1.203138e-01   1.129097e-12   7.890077e-05   6.901125e-14   216
  1.205770e-01   1.330456e-12   6.042911e-05   6.848165e-14   516
  1.208589e-01   1.527367e-12   5.765552e-05   6.417089e-14   744
  1.211498e-01   1.517197e-12   3.850879e-05   7.737657e-14   462
  1.213141e-01   1.480051e-12   3.913862e-05   8.529269e-14   432
  1.215691e-01   1.657306e-12   3.630965e-05   6.998131e-14   648
  1.218688e-01   1.581891e-12   5.312777e-05   8.411151e-14   528
  1.221096e-01   1.388934e-12   6.397910e-05   6.220843e-14   600
  1.223502e-01   1.856480e-12   8.066092e-05   1.922913e-13   240
  1.225832e-01   1.366797e-12   6.178548e-05   5.926944e-14   720
  1.228540e-01   1.531734e-12   4.888350e-05   6.225787e-14   720
  1.231542e-01   9.339203e-13   0.000000e+00   6.920713e-14   144
  1.233122e-01   1.433914e-12   6.302546e-05   5.905075e-14   720
  1.235369e-01   1.637566e-12   3.779131e-05   9.034389e-14   384
  1.238183e-01   1.370607e-12   4.189367e-05   6.027410e-14   672
  1.240853e-01   1.602607e-12   7.335120e-05   1.097160e-13   336
  1.242128e-01   1.626611e-12   0.000000e+00   1.223327e-13   288
  1.245250e-01   1.293384e-12   5.805257e-05   5.116065e-14   776
  1.248140e-01   1.373686e-12   4.967278e-05   5.459030e-14   720
  1.250567e-01   1.272644e-12   4.001507e-05   6.929973e-14   432
  1.252509e-01   1.505090e-12   5.704653e-05   1.064680e-13   504
  1.254668e-01   1.281105e-12   3.996919e-05   6.633083e-14   528
  1.257690e-01   1.373187e-12   5.445569e-05   7.559024e-14   438
  1.260177e-01   1.382966e-12   6.338144e-05   7.236330e-14   624
  1.262050e-01   1.512784e-12   7.763371e-05   9.531850e-14   312
  1.264626e-01   1.584264e-12   4.182709e-05   6.489547e-14   696
  1.267289e-01   1.408180e-12   3.784594e-05   7.404559e-14   552
  1.270059e-01   1.272008e-12   2.928013e-05   6.299413e-14   516
  1.271773e-01   1.503832e-12   5.848486e-05   8.314785e-14   528
  1.273859e-01   1.057778e-12   3.803430e-05   5.172449e-14   528
  1.276822e-01   1.366808e-12   5.015953e-05   6.052214e-14   864
  1.278834e-01   1.283626e-12   6.870823e-05   7.619493e-14   408
  1.280847e-01   1.579535e-12   6.807282e-05   1.041746e-13   192
  1.283701e-01   1.249334e-12   5.633353e-05   5.433084e-14   720
  1.286110e-01   1.155089e-12   5.194228e-05   4.977291e-14   696
  1.288973e-01   1.293671e-12   5.609815e-05   5.274789e-14   720
  1.291592e-01   1.253945e-12   7.603431e-05   6.719641e-14   432
  1.293119e-01   1.078369e-12   4.475677e-05   7.417668e-14   264
  1.295867e-01   1.256815e-12   6.180712e-05   5.264945e-14   672
  1.298325e-01   1.317711e-12   6.328100e-05   6.132457e-14   600
  1.301242e-01   1.014392e-12   3.705096e-05   6.675950e-14   270
  1.302712e-01   1.249305e-12   5.577202e-05   6.905830e-14   528
  1.305049e-01   1.435096e-12   3.819070e-05   5.811843e-14   840
  1.308254e-01   1.436711e-12   7.302747e-05   5.960850e-14   888
  1.311216e-01   1.172177e-12   5.441084e-05   4.794737e-14   744
  1.313718e-01   1.437583e-12   2.795923e-05   7.934186e-14   456
  1.314963e-01   1.571693e-12   3.820801e-05   8.401958e-14   360
  1.317093e-01   1.135736e-12   3.310510e-05   7.226344e-14   384
  1.320361e-01   1.259099e-12   5.310026e-05   4.864415e-14   816
  1.322813e-01   1.282263e-12   7.704106e-05   4.884549e-14   824
  1.325794e-01   1.187363e-12   3.581235e-05   7.958264e-14   360
  1.327390e-01   1.455618e-12   5.284558e-05   6.395821e-14   624
  1.329587e-01   1.239397e-12   3.571018e-05   7.450671e-14   360
  1.332513e-01   1.203606e-12   4.857633e-05   4.869434e-14   876
  1.335156e-01   1.136575e-12   5.769416e-05   5.437924e-14   696
  1.337821e-01   1.176030e-12   3.725510e-05   7.303283e-14   336
  1.339218e-01   1.383928e-12   3.721324e-05   8.747034e-14   504
  1.341526e-01   1.161649e-12   3.753571e-05   6.088318e-14   672
  1.344950e-01   1.047966e-12   7.472486e-05   4.328967e-14   720
  1.347324e-01   1.157983e-12   5.644666e-05   5.321344e-14   774
  1.349945e-01   1.485186e-12   3.230860e-05   1.095347e-13   384
  1.351318e-01   1.404899e-12   6.217562e-05   8.260469e-14   528
  1.353448e-01   1.253970e-12   5.925683e-05   5.421081e-14   744
  1.356875e-01   1.406192e-12   4.887432e-05   6.426848e-14   768
  1.359150e-01   1.224379e-12   5.486510e-05   7.081711e-14   552
  1.361989e-01   1.083409e-12   5.979675e-05   4.708861e-14   696
  1.364100e-01   1.406586e-12   7.266345e-05   8.736702e-14   408
  1.365777e-01   1.279910e-12   3.139119e-05   6.836858e-14   504
  1.368434e-01   1.142046e-12   5.639309e-05   5.081225e-14   888
  1.371049e-01   1.059317e-12   5.860872e-05   5.461334e-14   648
  1.373767e-01   1.066599e-12   5.810635e-05   4.806477e-14   648
  1.376324e-01   1.103049e-12   6.265289e-05   4.817528e-14   792
  1.379033e-01   1.010219e-12   9.166547e-05   4.911987e-14   600
  1.381028e-01   9.242101e-13   6.212242e-05   4.865918e-14   456
  1.383129e-01   1.132115e-12   3.027582e-05   5.280422e-14   648
  1.385828e-01   9.991615e-13   5.904226e-05   3.774299e-14   936
  1.388741e-01   1.239833e-12   3.625955e-05   6.630010e-14   384
  1.391277e-01   6.405136e-17   0.000000e+00   5.383969e-18   198
  1.393234e-01   6.161387e-17   9.199360e-05   2.025520e-18   1224
  1.395345e-01   5.340925e-17   6.699966e-05   2.915971e-18   420
  1.397842e-01   5.772614e-17   6.484166e-05   2.364527e-18   792
  1.400283e-01   6.044232e-17   5.361851e-05   2.547697e-18   680
  1.403069e-01   6.248543e-17   4.923504e-05   2.989167e-18   600
  1.405311e-01   6.144224e-17   7.140431e-05   2.224996e-18   840
  1.408304e-01   6.863958e-17   3.371380e-05   3.591268e-18   432
  1.409448e-01   6.070415e-17   3.159427e-05   2.442092e-18   720
  1.411934e-01   6.182360e-17   6.327780e-05   2.150826e-18   960
  1.415027e-01   6.754994e-17   5.640753e-05   3.616559e-18   528
  1.417288e-01   6.037432e-17   5.765925e-05   2.430193e-18   624
  1.419978e-01   6.265635e-17   4.531978e-05   2.471432e-18   816
  1.422648e-01   5.474998e-17   7.452934e-05   2.342171e-18   696
  1.425599e-01   6.300071e-17   4.110321e-09   4.286986e-18   240
  1.426709e-01   6.711422e-17   4.395173e-05   2.589152e-18   672
  1.429185e-01   5.718661e-17   7.854802e-05   1.957650e-18   864
  1.431964e-01   6.250699e-17   6.027286e-05   2.281845e-18   816
  1.434467e-01   6.089738e-17   3.449810e-05   2.564087e-18   648
  1.437164e-01   6.013962e-17   3.526335e-05   2.103339e-18   843
  1.439454e-01   6.012916e-17   6.344743e-05   2.539444e-18   780
  1.442182e-01   6.191566e-17   3.404471e-05   4.232883e-18   216
  1.443865e-01   5.650177e-17   8.209510e-05   1.807416e-18   1056
  1.446454e-01   7.440723e-17   6.716301e-05   4.834357e-18   228
  1.448850e-01   5.937142e-17   8.361962e-05   2.129839e-18   924
  1.451311e-01   5.630181e-17   3.101819e-05   2.019232e-18   696
  1.453916e-01   5.770928e-17   5.520350e-05   1.950762e-18   996
  1.456581e-01   6.061203e-17   3.259105e-05   2.623783e-18   576
  1.459354e-01   6.156680e-17   5.030212e-05   2.878592e-18   552
  1.461376e-01   6.176759e-17   6.005898e-05   2.953121e-18   516
  1.463427e-01   5.926070e-17   8.733821e-05   2.193010e-18   744
  1.465771e-01   6.865225e-17   4.284460e-05   3.350789e-18   576
  1.467810e-01   5.569863e-17   4.409794e-05   1.909050e-18   792
  1.470708e-01   5.746483e-17   5.041212e-05   2.069140e-18   792
  1.472831e-01   5.957583e-17   5.436894e-05   2.184851e-18   720
  1.475703e-01   5.525607e-17   6.196809e-05   2.095766e-18   656
  1.478394e-01   5.757902e-17   6.766594e-05   2.069873e-18   816
  1.481153e-01   5.856842e-17   3.648433e-05   2.681728e-18   492
  1.482721e-01   6.047501e-17   5.248529e-05   2.532714e-18   552
  1.485663e-01   5.787241e-17   9.126553e-05   2.623060e-18   780
  1.487575e-01   5.736163e-17   5.606333e-05   2.596882e-18   528
  1.489634e-01   5.950705e-17   6.544296e-05   2.501897e-18   600
  1.492669e-01   5.946020e-17   5.438828e-05   1.856155e-18   900
  1.494760e-01   6.054354e-17   3.011028e-05   2.293581e-18   696
  1.497638e-01   6.050452e-17   7.613501e-05   2.317431e-18   696
  1.500423e-01   6.445981e-17   3.088725e-05   2.778597e-18   552
  1.502764e-01   4.934972e-17   3.591902e-05   1.915569e-18   708
  1.505217e-01   6.105354e-17   5.930435e-05   2.264309e-18   876
  1.507769e-01   5.648417e-17   3.148943e-05   3.978212e-18   216
  1.509481e-01   5.407545e-17   8.612787e-05   1.713654e-18   1032
  1.512046e-01   6.007781e-17   9.589387e-05   2.577336e-18   600
  1.514708e-01   6.085224e-17   4.575699e-05   2.410085e-18   600
  1.516739e-01   5.710856e-17   8.080257e-05   2.806571e-18   528
  1.519139e-01   5.756362e-17   4.435707e-05   2.010111e-18   732
  1.521668e-01   4.824698e-17   3.275367e-05   2.153711e-18   336
  1.524578e-01   5.650507e-17   4.668048e-05   1.885296e-18   912
  1.526754e-01   5.391035e-17   4.685305e-05   2.178368e-18   624
  1.529130e-01   5.660703e-17   3.948208e-05   2.077731e-18   768
  1.531905e-01   6.238071e-17   7.123345e-05   2.322787e-18   792
  1.534628e-01   5.476602e-17   3.531461e-05   2.413525e-18   660
  1.536565e-01   5.252168e-17   5.204174e-05   2.417815e-18   504
  1.538569e-01   6.055306e-17   8.502625e-05   2.981379e-18   480
  1.541572e-01   4.670710e-17   7.863820e-05   1.603229e-18   912
  1.543923e-01   6.237747e-17   8.757583e-05   3.389354e-18   432
  1.546144e-01   5.067040e-17   5.200047e-05   2.248258e-18   564
  1.548116e-01   5.563666e-17   4.977161e-05   2.305630e-18   600
  1.550891e-01   5.490644e-17   6.937691e-05   1.899162e-18   876
  1.552976e-01   6.023640e-17   3.119395e-05   3.675263e-18   264
  1.555851e-01   6.042624e-17   6.052853e-05   2.669940e-18   560
  1.558161e-01   5.269798e-17   4.113044e-05   1.715779e-18   840
  1.560965e-01   5.532319e-17   6.341128e-05   1.925153e-18   1008
  1.563558e-01   6.224103e-17   2.836595e-05   2.849139e-18   456
  1.565927e-01   5.988354e-17   3.674408e-05   2.418561e-18   576
  1.568116e-01   5.781833e-17   5.646120e-05   2.407303e-18   612
  1.571003e-01   5.351490e-17   5.042901e-05   2.049451e-18   780
  1.573359e-01   5.483062e-17   5.778934e-05   2.175484e-18   648
  1.575770e-01   6.207793e-17   2.693058e-05   3.868149e-18   312
  1.577311e-01   5.571349e-17   6.842617e-05   2.528579e-18   528
  1.579980e-01   5.208080e-17   8.936117e-05   2.117655e-18   720
  1.582533e-01   5.133827e-17   8.964102e-05   2.270964e-18   576
  1.585628e-01   5.362965e-17   7.732694e-05   2.349947e-18   444
  1.587554e-01   5.577682e-17   7.583279e-05   1.813196e-18   996
  1.589914e-01   4.975360e-17   6.334320e-05   2.488832e-18   432
  1.592145e-01   5.602436e-17   6.934834e-05   2.681658e-18   504
  1.594071e-01   5.979736e-17   3.126589e-05   2.640795e-18   504
  1.596815e-01   5.864237e-17   6.153164e-05   2.282398e-18   876
  1.599297e-01   5.304974e-17   7.081706e-05   2.467557e-18   504
  1.601882e-01   4.772790e-17   4.516342e-05   1.832489e-18   696
  1.604019e-01   5.943514e-17   3.860998e-05   2.751201e-18   492
  1.606926e-01   5.030301e-17   5.527206e-05   2.523815e-18   432
  1.609079e-01   5.346039e-17   5.175622e-05   1.906883e-18   768
  1.611631e-01   5.004509e-17   6.446933e-05   2.351868e-18   648
  1.614068e-01   4.717798e-17   4.205932e-05   2.149628e-18   456
  1.616868e-01   4.898247e-17   5.783839e-05   2.089321e-18   552
  1.618813e-01   5.149109e-17   3.964248e-05   2.450576e-18   648
  1.621489e-01   4.890792e-17   6.461501e-05   1.688089e-18   840
  1.624104e-01   5.665607e-17   3.081354e-05   2.864999e-18   432
  1.626721e-01   4.763312e-17   3.774132e-05   2.005078e-18   600
  1.628542e-01   5.430647e-17   4.021090e-05   2.929447e-18   432
  1.631600e-01   4.986076e-17   4.003387e-05   2.287330e-18   560
  1.633670e-01   5.121565e-17   6.336941e-05   1.929395e-18   840
  1.636263e-01   5.404878e-17   3.753463e-05   2.533796e-18   504
  1.638323e-01   4.762876e-17   7.660593e-05   1.993479e-18   696
  1.641226e-01   5.406075e-17   4.183943e-05   2.797769e-18   384
  1.643487e-01   4.479705e-17   6.128984e-05   1.887192e-18   576
  1.646222e-01   4.654715e-17   3.782503e-05   2.929296e-18   360
  1.648426e-01   4.747946e-17   5.633064e-05   1.987961e-18   828
  1.650804e-01   4.848711e-17   5.017290e-05   2.405317e-18   372
  1.652983e-01   5.082752e-17   7.662364e-05   2.262250e-18   576
  1.655869e-01   5.113086e-17   3.208989e-05   2.127461e-18   636
  1.657926e-01   4.704646e-17   6.186102e-05   1.959662e-18   648
  1.660708e-01   5.291275e-17   5.028625e-05   2.440371e-18   576
  1.662705e-01   4.752874e-17   8.111703e-05   2.252192e-18   528
  1.665361e-01   4.427648e-17   3.468088e-05   2.541414e-18   360
  1.667559e-01   4.453033e-17   7.977902e-05   1.749269e-18   672
  1.670430e-01   4.604342e-17   4.086413e-05   1.736926e-18   804
  1.672819e-01   5.334137e-17   4.507802e-05   2.857857e-18   408
  1.675462e-01   4.245849e-17   2.786312e-05   1.985173e-18   384
  1.677241e-01   4.291644e-17   6.376152e-05   2.270916e-18   480
  1.679752e-01   4.551379e-17   4.119929e-05   2.187690e-18   432
  1.682159e-01   5.292629e-17   7.592150e-05   2.125874e-18   648
  1.685009e-01   4.779256e-17   4.710893e-05   2.191755e-18   624
  1.687093e-01   4.816404e-17   4.284955e-05   2.720609e-18   456
  1.689940e-01   4.349419e-17   5.853629e-05   2.329071e-18   588
  1.691847e-01   4.150094e-17   3.734591e-05   1.825152e-18   600
  1.694632e-01   4.302925e-17   5.825046e-05   1.650353e-18   708
  1.696832e-01   3.990140e-17   3.669667e-05   2.187930e-18   360
  1.699263e-01   4.655946e-17   4.218379e-05   2.293409e-18   552
  1.701593e-01   4.216612e-17   2.959293e-05   2.938273e-18   288
  1.703959e-01   3.932995e-17   5.564280e-05   1.726320e-18   528
  1.706182e-01   4.109633e-17   3.753920e-05   1.907693e-18   456
  1.708665e-01   4.386285e-17   6.656515e-05   1.879678e-18   608
  1.711163e-01   3.900807e-17   3.220496e-05   1.826457e-18   504
  1.713892e-01   3.820320e-17   6.914223e-05   2.042597e-18   540
  1.716032e-01   4.769073e-17   7.422222e-05   2.914602e-18   360
  1.718339e-01   4.917637e-17   3.361162e-05   2.181764e-18   540
  1.720380e-01   4.308283e-17   2.885957e-05   2.045986e-18   576
  1.723347e-01   4.113010e-17   6.691555e-05   1.761348e-18   588
  1.726168e-01   4.271313e-17   9.232326e-05   1.895896e-18   672
  1.728592e-01   4.677857e-17   7.056345e-05   2.263919e-18   552
  1.730545e-01   3.214889e-17   7.059913e-05   2.748582e-18   144
  1.733038e-01   4.328115e-17   5.998121e-05   1.957878e-18   600
  1.735402e-01   3.734537e-17   7.516955e-05   1.887844e-18   504
  1.738025e-01   4.111708e-17   7.721430e-05   2.714473e-18   336
  1.740784e-01   3.951891e-17   8.678922e-05   1.624360e-18   600
  1.743256e-01   3.907334e-17   5.601092e-05   1.782858e-18   636
  1.745923e-01   4.203379e-17   4.503329e-05   2.997577e-18   384
  1.747793e-01   4.236084e-17   6.281612e-05   2.421657e-18   504
  1.750488e-01   4.182792e-17   2.636304e-05   2.890152e-18   240
  1.752616e-01   4.162841e-17   6.193054e-05   1.582211e-18   744
  1.755168e-01   3.680620e-17   4.228914e-05   1.666758e-18   648
  1.757436e-01   5.982396e-17   2.807279e-05   5.091076e-18   120
  1.760095e-01   3.610081e-17   4.409871e-05   1.531173e-18   564
  1.762103e-01   4.562815e-17   6.925969e-05   2.398946e-18   432
  1.764784e-01   3.458998e-17   5.375921e-05   2.139976e-18   480
  1.766803e-01   3.064588e-17   3.956814e-05   1.726149e-18   456
  1.769186e-01   3.826247e-17   6.547942e-05   2.100529e-18   444
  1.771890e-01   3.609869e-17   1.001870e-04   1.771643e-18   528
  1.774266e-01   3.920575e-17   7.440679e-05   3.114399e-18   264
  1.776571e-01   3.589527e-17   7.625589e-05   1.895558e-18   444
  1.779672e-01   3.863575e-17   8.352712e-05   1.639778e-18   696
  1.782246e-01   3.862608e-17   4.467309e-05   2.178934e-18   384
  1.784129e-01   3.928825e-17   5.644820e-05   2.090128e-18   432
  1.787057e-01   4.809475e-17   3.900306e-05   3.091904e-18   488
  1.788958e-01   4.289104e-17   5.878247e-05   1.996030e-18   480
  1.791714e-01   3.568025e-17   6.555462e-05   2.056045e-18   480
  1.793849e-01   3.376447e-17   2.750471e-05   2.011535e-18   240
  1.796272e-01   3.784678e-17   6.424882e-05   1.863685e-18   600
  1.798559e-01   3.419987e-17   5.598627e-05   2.250730e-18   288
  1.800993e-01   3.755860e-17   5.385469e-05   2.153001e-18   480
  1.803458e-01   3.042747e-17   9.579788e-05   1.664111e-18   504
  1.805885e-01   4.328664e-17   4.110325e-05   2.860488e-18   216
  1.808981e-01   3.870793e-17   6.729256e-05   2.245901e-18   504
  1.811392e-01   3.436159e-17   5.412370e-05   1.967241e-18   456
  1.814031e-01   4.836576e-17   3.104087e-05   3.050456e-18   384
  1.815779e-01   4.472659e-17   6.300174e-05   2.514496e-18   480
  1.818262e-01   3.230049e-17   5.532259e-05   1.894996e-18   504
  1.820564e-01   3.914483e-17   3.509319e-05   2.659851e-18   312
  1.823043e-01   3.671916e-17   5.655148e-05   2.120273e-18   492
  1.825238e-01   3.807027e-17   5.300385e-05   2.140273e-18   312
  1.828064e-01   3.158972e-17   8.610055e-05   1.331181e-18   576
  1.830551e-01   4.129471e-17   7.947777e-05   3.092626e-18   336
  1.832617e-01   2.622662e-17   6.119421e-05   1.865518e-18   240
  1.835481e-01   3.368615e-17   8.112802e-05   1.850238e-18   468
  1.837954e-01   3.295705e-17   5.079787e-05   3.315920e-18   192
  1.840542e-01   2.755354e-17   5.094927e-05   1.871586e-18   324
  1.842439e-01   3.285957e-17   3.697814e-05   1.724451e-18   600
  1.845024e-01   3.345089e-17   5.999324e-05   1.796572e-18   456
  1.846943e-01   3.693463e-17   2.698496e-05   2.418485e-18   336
  1.850125e-01   3.375547e-17   8.080061e-05   1.688796e-18   612
  1.852440e-01   2.183925e-17   6.781139e-05   2.824847e-18   144
  1.854629e-01   3.624549e-17   7.915330e-05   1.921159e-18   552
  1.857606e-01   2.377340e-17   3.117154e-05   1.330914e-18   264
  1.859288e-01   3.020331e-17   7.217008e-05   2.049742e-18   336
  1.861941e-01   2.836557e-17   4.768752e-05   1.613135e-18   384
  1.864242e-01   2.850208e-17   2.684336e-05   2.508735e-18   216
  1.866789e-01   2.537589e-17   5.691346e-05   1.706680e-18   344
  1.869112e-01   2.368901e-17   8.491756e-05   1.439273e-18   408
  1.871942e-01   3.003343e-17   6.525361e-05   2.680466e-18   264
  1.874450e-01   2.918988e-17   9.096676e-05   1.466051e-18   612
  1.876956e-01   3.508113e-17   4.681845e-05   2.197285e-18   408
  1.879533e-01   2.778325e-17   4.688574e-05   2.031331e-18   444
  1.881426e-01   4.827246e-17   2.622284e-05   4.359309e-18   120
  1.883963e-01   3.255443e-17   7.244892e-05   2.292414e-18   336
  1.885846e-01   2.715540e-17   2.517571e-05   1.982244e-18   288
  1.888390e-01   2.751649e-17   7.834725e-05   1.393423e-18   552
  1.891889e-01   3.105922e-17   0.000000e+00   4.136790e-18   72
  1.893687e-01   2.740496e-17   7.781878e-05   1.518663e-18   504
  1.895788e-01   1.785793e-17   2.504133e-05   1.639685e-18   216
  1.898511e-01   2.452635e-17   4.470956e-05   1.732910e-18   312
  1.900954e-01   1.980662e-17   5.090887e-05   1.287978e-18   336
  1.903283e-01   2.366483e-17   7.056539e-05   1.966762e-18   204
  1.905603e-01   3.889048e-17   8.200772e-05   2.512083e-18   504
  1.908063e-01   3.528296e-17   7.809491e-05   2.192513e-18   396
  1.910429e-01   2.762024e-17   7.161711e-05   1.970443e-18   312
  1.913297e-01   3.781314e-17   4.376572e-05   3.272228e-18   216
  1.915318e-01   2.645747e-17   2.375249e-05   2.703865e-18   168
  1.917774e-01   2.722781e-17   5.997637e-05   1.404044e-18   588
  1.920576e-01   1.987488e-17   8.141090e-05   1.623600e-18   240
  1.922754e-01   2.049430e-17   7.189946e-05   1.833586e-18   264
  1.925307e-01   2.612158e-17   8.891848e-05   2.253228e-18   288
  1.927573e-01   2.817976e-17   4.440219e-05   2.369080e-18   288
  1.930444e-01   1.957238e-17   4.170072e-05   1.476795e-18   288
  1.932378e-01   2.322656e-17   4.830681e-05   1.733061e-18   192
  1.934810e-01   1.776336e-17   5.140329e-05   1.307773e-18   264
  1.937128e-01   3.976194e-17   8.455129e-05   2.718232e-18   372
  1.939621e-01   3.779330e-17   9.131904e-05   3.543574e-18   360
  1.942665e-01   3.304782e-17   3.864708e-05   4.554065e-18   144
  1.944239e-01   1.936456e-17   5.367910e-05   1.934907e-18   296
  1.946722e-01   2.295303e-17   5.783646e-05   2.093678e-18   288
  1.949565e-01   2.422873e-17   8.643513e-05   1.476406e-18   480
  1.952017e-01   2.244083e-17   7.181934e-05   3.691243e-18   192
  1.954402e-01   2.779009e-17   7.703604e-05   2.277153e-18   192
  1.956569e-01   1.922775e-17   4.909597e-05   1.514677e-18   288
  1.959584e-01   1.137971e-17   4.273737e-05   1.323163e-18   108
  1.961102e-01   2.098830e-17   4.108675e-05   1.885450e-18   240
  1.963784e-01   1.746909e-17   7.664829e-05   1.346489e-18   384
  1.966538e-01   2.518561e-17   9.350223e-05   2.657811e-18   108
  1.968974e-01   3.002365e-17   5.482209e-05   2.267102e-18   348
  1.971535e-01   1.850038e-17   5.721449e-05   1.944162e-18   312
  1.973823e-01   1.989621e-17   5.559587e-05   4.112457e-18   96
  1.975926e-01   2.243793e-17   7.401586e-05   1.712873e-18   384
  1.978282e-01   2.290720e-17   5.090793e-05   2.028734e-18   144
  1.980586e-01   2.313771e-17   7.822228e-05   1.666297e-18   408
  1.983451e-01   1.354558e-17   3.489266e-05   1.828559e-18   144
  1.986157e-01   2.232237e-17   6.708152e-05   2.517623e-18   192
  1.987762e-01   2.682068e-17   7.550148e-05   2.788027e-18   144
  1.990378e-01   1.571055e-17   6.138549e-05   1.461657e-18   144
  1.992846e-01   2.298224e-17   7.502301e-05   2.068551e-18   336
  1.995869e-01   1.205824e-17   5.550751e-05   8.566345e-19   240
  1.997786e-01   1.737143e-17   2.520547e-05   2.348889e-18   96
  2.000459e-01   2.335335e-17   7.391551e-05   1.887968e-18   372
  2.003163e-01   1.846157e-17   8.792091e-05   2.862014e-18   132
  2.005538e-01   1.327163e-17   5.440441e-05   9.729651e-19   264
  2.007663e-01   3.045740e-17   4.178011e-05   3.589803e-18   168
  2.009931e-01   2.105179e-17   6.679837e-05   1.697530e-18   216
  2.011935e-01   1.473324e-17   4.086808e-05   1.894107e-18   216
  2.014852e-01   9.404615e-18   7.497591e-05   1.014419e-18   96
  2.017500e-01   2.312928e-17   4.891494e-05   2.682877e-18   120
  2.019928e-01   1.574014e-17   6.218465e-05   1.580294e-18   216
  2.021928e-01   1.317051e-17   2.717490e-05   1.300903e-18   200
  2.024576e-01   1.809323e-17   7.034415e-05   2.375461e-18   288
  2.027972e-01   6.394522e-18   1.850891e-05   4.961009e-19   144
  2.029402e-01   1.847510e-17   5.759860e-05   3.086005e-18   168
  2.032323e-01   1.602253e-17   6.482186e-05   2.323033e-18   159
  2.034603e-01   1.226596e-17   6.801371e-05   9.228015e-19   174
  2.036809e-01   1.071989e-17   6.167246e-05   1.008988e-18   144
  2.039698e-01   1.745799e-17   3.561139e-05   1.549295e-18   222
  2.041630e-01   1.313018e-17   3.593504e-05   1.448786e-18   168
  2.044967e-01   1.849808e-17   7.881934e-05   4.184057e-18   30
  2.046346e-01   5.930878e-18   6.959169e-05   7.667300e-19   72
  2.048942e-01   1.334369e-17   6.210975e-05   1.382872e-18   258
  2.051797e-01   1.073981e-17   3.890094e-05   8.157060e-19   264
  2.053225e-01   1.328016e-17   4.195079e-09   2.050407e-18   72
  2.056199e-01   7.665401e-18   7.710330e-05   8.441219e-19   174
  2.058892e-01   1.423583e-17   8.210077e-05   1.992694e-18   168
  2.061058e-01   4.163285e-18   2.568951e-09   6.045909e-19   48
  2.063382e-01   7.942383e-18   4.636424e-05   9.041543e-19   150
  2.066077e-01   1.772620e-17   8.529035e-05   1.560660e-18   168
  2.068780e-01   8.358330e-18   5.195492e-05   8.638507e-19   144
  2.071265e-01   1.191380e-17   4.853772e-05   2.205904e-18   102
  2.073116e-01   4.816125e-18   7.184416e-05   3.792793e-19   96
  2.076053e-01   3.679349e-18   7.130050e-05   2.709941e-19   120
  2.078228e-01   3.711461e-18   7.647166e-05   2.718462e-19   168
  2.080580e-01   1.430002e-17   5.646827e-05   1.411724e-18   126
  2.082585e-01   8.589938e-18   4.258836e-05   1.139731e-18   168
  2.085346e-01   4.748333e-18   6.829049e-05   6.492497e-19   72
  2.087759e-01   5.400100e-18   8.551492e-05   4.610135e-19   168
  2.089873e-01   1.122595e-17   2.344384e-05   2.136488e-18   78
  2.092770e-01   5.064283e-18   3.849304e-05   6.259110e-19   60
  2.095103e-01   1.641461e-17   6.244194e-05   3.031401e-18   96
  2.097522e-01   6.119893e-18   7.576810e-05   4.893957e-19   168
  2.099796e-01   5.343864e-18   4.794311e-05   9.443950e-19   86
  2.102181e-01   4.182516e-18   4.284977e-05   5.784283e-19   120
  2.105600e-01   4.954926e-18   3.055758e-05   4.558558e-19   168
  2.107444e-01   3.205089e-18   0.000000e+00   3.624262e-19   48
  2.109928e-01   1.034337e-17   5.567259e-05   1.137485e-18   120
  2.111355e-01   6.683086e-18   4.061540e-05   8.828707e-19   126
  2.114838e-01   6.080891e-18   7.143116e-05   6.835553e-19   96
  2.117099e-01   5.924147e-18   2.059722e-05   5.761080e-19   96
  2.118882e-01   3.968061e-18   2.422030e-09   4.973645e-19   72
  2.122681e-01   4.668675e-18   2.568951e-09   8.462570e-19   24
  2.125052e-01   6.480261e-18   4.238860e-05   5.773003e-19   120
  2.126902e-01   4.951588e-18   6.183193e-05   6.119266e-19   126
  2.128959e-01   3.921834e-18   5.154529e-05   4.370336e-19   96
  2.131362e-01   2.440543e-18   8.908530e-05   2.703740e-19   72
  2.134038e-01   4.019891e-18   3.853239e-05   3.303028e-19   144
  2.136239e-01   4.286775e-18   2.222458e-05   5.428950e-19   72
  2.138438e-01   6.178198e-18   4.439042e-05   1.149665e-18   54
  2.140373e-01   5.712092e-18   3.911854e-05   6.273767e-19   108
  2.144395e-01   6.520714e-18   3.834628e-05   6.987624e-19   72
  2.145647e-01   4.933563e-18   2.212712e-05   5.577873e-19   72
  2.148618e-01   3.032877e-18   4.449553e-09   3.897630e-19   24
  2.151428e-01   1.915887e-18   4.681088e-05   2.671273e-19   48
  2.153135e-01   4.671434e-18   3.565781e-05   6.178797e-19   102
  2.155704e-01   3.250207e-18   8.064314e-05   2.439322e-19   168
  2.159060e-01   2.492858e-18   4.398088e-05   3.371542e-19   72
  2.160304e-01   2.923547e-18   0.000000e+00   4.710646e-19   48
  2.162913e-01   3.821451e-18   7.564979e-05   3.742522e-19   120
  2.166356e-01   3.731094e-18   4.648832e-05   3.010286e-19   96
  2.169608e-01   7.239748e-18   4.110321e-09   2.329059e-18   30
  2.173472e-01   4.914187e-18   2.184227e-05   6.795155e-19   72
  2.175171e-01   2.457885e-18   2.568951e-09   5.645734e-19   24
  2.177352e-01   1.328639e-18   3.237565e-05   2.208273e-19   56
  2.179796e-01   1.342977e-18   4.620169e-05   1.133456e-19   96
  2.182720e-01   2.856462e-18   5.101796e-05   2.440630e-19   144
  2.184974e-01   3.910624e-18   2.896600e-05   7.965765e-19   54
  2.188250e-01   2.877862e-18   4.339413e-05   2.832202e-19   108
  2.191546e-01   6.399282e-18   2.297699e-05   1.081064e-18   48
  2.194683e-01   2.906425e-18   8.651572e-05   2.600773e-19   72
  2.202213e-01   5.273210e-18   5.716121e-05   6.627904e-19   78
  2.204299e-01   1.343995e-18   4.307814e-05   1.470847e-19   72
  2.206734e-01   1.500734e-18   4.302466e-05   1.635365e-19   72
  2.209281e-01   2.821018e-18   1.038232e-04   2.461085e-19   96
  2.211293e-01   1.516075e-18   4.293597e-05   1.047468e-19   72
  2.213721e-01   2.001211e-18   0.000000e+00   3.155954e-19   24
  2.216146e-01   2.710621e-18   8.567808e-05   3.091224e-19   72
  2.221623e-01   3.082948e-18   5.440820e-05   5.950523e-19   30
  2.222801e-01   4.293216e-18   0.000000e+00   8.613868e-19   24
  2.229135e-01   1.282433e-18   4.517907e-05   1.814247e-19   48
  2.231122e-01   1.855949e-18   9.722532e-05   2.613946e-19   120
  2.233799e-01   1.144486e-18   4.250917e-05   1.602431e-19   72
  2.236502e-01   1.658712e-18   4.245777e-05   2.635131e-19   36
  2.238360e-01   1.906105e-18   8.391632e-05   2.212539e-19   78
  2.243546e-01   2.255963e-18   4.488887e-05   2.643487e-19   48
  2.250269e-01   2.914369e-18   3.633045e-09   3.561483e-19   24
  2.255059e-01   6.541501e-19   3.125970e-05   1.090516e-19   56
  2.257471e-01   8.646979e-19   4.810277e-05   9.952562e-20   102
  2.260539e-01   1.278858e-18   3.425268e-09   1.462531e-19   72
  2.262321e-01   1.627975e-18   2.568951e-09   2.718046e-19   24
  2.265435e-01   1.255292e-18   4.445516e-05   1.394177e-19   48
  2.271206e-01   1.448856e-18   0.000000e+00   3.530985e-19   24
  2.278290e-01   1.441455e-18   0.000000e+00   7.053417e-19   6
  2.280499e-01   4.600686e-19   0.000000e+00   9.934044e-20   24
  2.281971e-01   7.644895e-19   4.161169e-05   7.600337e-20   72
  2.284659e-01   6.527571e-19   7.763053e-05   6.037947e-20   84
  2.287554e-01   1.297732e-18   0.000000e+00   2.651361e-19   24
  2.288435e-01   1.096045e-18   3.633045e-09   1.396884e-19   24
  2.292831e-01   1.246926e-18   4.449553e-09   2.358498e-19   24
  2.298972e-01   1.008152e-18   0.000000e+00   2.649055e-19   6
  2.306844e-01   3.717113e-19   4.365716e-05   5.794079e-20   48
  2.308735e-01   5.803315e-19   8.224294e-05   5.810008e-20   72
  2.311206e-01   7.094059e-19   4.357477e-05   1.041239e-19   48
  2.315124e-01   1.528942e-18   0.000000e+00   2.459297e-19   24
  2.320338e-01   2.988411e-18   0.000000e+00   4.962580e-19   6
  2.332028e-01   2.439171e-19   0.000000e+00   5.954983e-20   8
  2.332891e-01   4.693280e-19   2.568951e-09   1.042675e-19   48
  2.334962e-01   5.343080e-19   4.225843e-05   6.697024e-20   60
  2.338066e-01   6.687312e-19   0.000000e+00   1.512763e-19   24
  2.342369e-01   7.136272e-19   0.000000e+00   2.734564e-19   6
  2.358224e-01   3.508557e-19   0.000000e+00   6.380062e-20   24
  2.359505e-01   3.946921e-19   4.268279e-05   3.893264e-20   48
  2.361638e-01   5.389099e-19   0.000000e+00   1.330926e-19   24
  2.365047e-01   1.345411e-19   0.000000e+00   3.663379e-20   6
  2.384414e-01   2.436530e-19   3.981898e-05   3.570499e-20   36
  2.385821e-01   3.800003e-19   0.000000e+00   7.095385e-20   24
  2.388353e-01   3.954727e-19   0.000000e+00   1.727766e-19   6
  2.410389e-01   1.881682e-19   3.618719e-05   3.200495e-20   32
  2.412268e-01   1.137897e-19   0.000000e+00   2.037646e-20   6
  2.435949e-01   5.122297e-20   0.000000e+00   1.225586e-20   12
  2.436776e-01   2.636624e-19   0.000000e+00   1.849369e-20   6
  2.461858e-01   1.224136e-19   0.000000e+00   3.486498e-20   6
