# power spectrum of delta
# redshift z=-0.029885
# k              Pk             sigma(k)       sigma(Pk)      count
  1.570796e-02   8.885160e-03   0.000000e+00   2.012116e-03   6
  2.221441e-02   1.283631e-02   0.000000e+00   2.501029e-03   12
  2.720699e-02   1.378189e-02   2.980232e-10   1.904099e-03   8
  3.141593e-02   2.456389e-02   0.000000e+00   7.438466e-03   6
  3.512407e-02   3.597566e-02   5.619580e-10   7.831639e-03   24
  3.847649e-02   3.052354e-02   5.619580e-10   5.606145e-03   24
  4.442883e-02   7.098888e-02   0.000000e+00   1.620331e-02   12
  4.712389e-02   5.457627e-02   6.357829e-10   6.540504e-03   30
  4.967294e-02   4.694681e-02   0.000000e+00   1.080630e-02   24
  5.209742e-02   5.611212e-02   9.733398e-10   1.310859e-02   24
  5.441398e-02   8.328874e-02   5.960464e-10   1.098714e-02   8
  5.663587e-02   4.552403e-02   7.947286e-10   1.075746e-02   24
  5.877382e-02   1.254310e-01   0.000000e+00   1.644747e-02   48
  6.283185e-02   9.964704e-02   0.000000e+00   3.014191e-03   6
  6.476559e-02   1.291118e-01   7.947286e-10   1.601329e-02   48
  6.664324e-02   2.103087e-01   7.492773e-10   2.482541e-02   36
  6.846942e-02   2.292834e-01   7.947286e-10   6.226974e-02   24
  7.024815e-02   1.213341e-01   1.123916e-09   2.668121e-02   24
  7.198293e-02   1.447510e-01   0.000000e+00   1.567563e-02   48
  7.367688e-02   2.303485e-01   1.123916e-09   4.285643e-02   24
  7.695299e-02   2.869320e-01   1.123916e-09   5.551597e-02   24
  7.853982e-02   1.381203e-01   0.000000e+00   2.009241e-02   30
  8.009521e-02   2.178080e-01   0.000000e+00   2.519880e-02   72
  8.162097e-02   1.881944e-01   1.192093e-09   2.559685e-02   32
  8.458997e-02   1.799646e-01   0.000000e+00   2.227469e-02   72
  8.603606e-02   2.442235e-01   0.000000e+00   3.372578e-02   48
  8.885766e-02   1.205525e-01   0.000000e+00   2.304170e-02   12
  9.091388e-02   2.274337e-01   6.784996e-04   1.908145e-02   96
  9.292956e-02   2.432461e-01   1.123916e-09   3.510383e-02   48
  9.424778e-02   3.029439e-01   1.271566e-09   3.503582e-02   30
  9.650974e-02   2.132294e-01   5.553727e-04   1.842977e-02   96
  9.934588e-02   3.102270e-01   0.000000e+00   5.001078e-02   24
  1.009864e-01   2.627264e-01   5.747348e-04   2.289837e-02   144
  1.030040e-01   4.181016e-01   1.946680e-09   5.996535e-02   24
  1.050779e-01   2.870388e-01   5.098206e-04   2.569494e-02   96
  1.065366e-01   2.743308e-01   0.000000e+00   2.539548e-02   48
  1.098102e-01   2.519654e-01   3.780724e-04   3.133682e-02   62
  1.114740e-01   2.980034e-01   5.316623e-04   2.691198e-02   132
  1.132717e-01   5.588581e-01   1.589457e-09   1.049541e-01   24
  1.149693e-01   3.690553e-01   5.313863e-04   3.699780e-02   168
  1.180701e-01   2.808448e-01   5.224442e-04   3.213297e-02   96
  1.203984e-01   3.614568e-01   4.446482e-04   3.182565e-02   96
  1.232554e-01   3.709719e-01   4.956196e-04   3.042651e-02   168
  1.256637e-01   3.830418e-01   0.000000e+00   1.144410e-01   6
  1.266416e-01   4.039058e-01   0.000000e+00   4.764861e-02   96
  1.278047e-01   4.127300e-01   3.852495e-04   4.654675e-02   120
  1.301638e-01   4.267998e-01   4.473436e-04   3.408069e-02   144
  1.314222e-01   4.017514e-01   0.000000e+00   6.372831e-02   48
  1.338136e-01   4.677850e-01   4.564740e-04   5.275311e-02   84
  1.351250e-01   5.502569e-01   3.114687e-09   4.107245e-02   120
  1.363061e-01   3.908267e-01   4.142175e-04   4.330323e-02   80
  1.381342e-01   5.505094e-01   4.205668e-04   4.581794e-02   144
  1.404963e-01   6.237368e-01   2.247832e-09   6.098236e-02   24
  1.416501e-01   5.181381e-01   4.058285e-04   4.307715e-02   150
  1.434502e-01   4.835539e-01   4.210699e-04   4.202685e-02   120
  1.454270e-01   5.080269e-01   3.837166e-04   3.616191e-02   168
  1.473538e-01   6.289350e-01   2.247832e-09   1.039316e-01   24
  1.485660e-01   5.649637e-01   4.133786e-04   3.348144e-02   264
  1.498444e-01   5.827346e-01   2.247832e-09   7.940067e-02   48
  1.520236e-01   4.835017e-01   3.828947e-04   4.028969e-02   144
  1.544390e-01   4.789791e-01   3.768959e-04   6.126184e-02   72
  1.558174e-01   5.341864e-01   3.876848e-04   3.958521e-02   180
  1.577444e-01   4.715861e-01   2.809042e-04   2.791536e-02   198
  1.586427e-01   7.129638e-01   0.000000e+00   9.457531e-02   48
  1.606295e-01   5.687668e-01   3.802118e-04   4.852081e-02   168
  1.621039e-01   5.777837e-01   3.805277e-04   5.355673e-02   144
  1.643345e-01   5.479145e-01   5.346625e-04   3.080376e-02   248
  1.673465e-01   6.133685e-01   3.686065e-04   4.012990e-02   192
  1.693976e-01   5.808368e-01   5.693667e-04   3.303921e-02   240
  1.706322e-01   6.997168e-01   0.000000e+00   9.079962e-02   72
  1.725150e-01   7.110573e-01   3.474519e-04   5.815020e-02   126
  1.737029e-01   6.718028e-01   3.205713e-04   4.771213e-02   168
  1.759709e-01   7.605511e-01   3.505411e-04   4.314833e-02   288
  1.783549e-01   6.862973e-01   1.846233e-04   5.894673e-02   156
  1.795894e-01   7.035216e-01   3.105899e-04   6.201417e-02   168
  1.814616e-01   7.136051e-01   5.324516e-04   4.582102e-02   264
  1.831848e-01   9.144041e-01   0.000000e+00   1.161295e-01   48
  1.844652e-01   6.741543e-01   5.299184e-04   4.156381e-02   264
  1.863009e-01   6.814943e-01   3.123533e-04   5.335117e-02   144
  1.876872e-01   5.896813e-01   6.390593e-04   5.848090e-02   78
  1.897067e-01   7.377431e-01   4.154149e-04   4.242770e-02   336
  1.916111e-01   9.157197e-01   3.160631e-04   6.319796e-02   200
  1.928618e-01   8.927985e-01   6.188557e-04   6.374061e-02   192
  1.945503e-01   7.819033e-01   3.105574e-04   4.675862e-02   240
  1.961016e-01   7.980496e-01   6.223754e-04   5.845201e-02   168
  1.976952e-01   7.821014e-01   4.982915e-04   6.296362e-02   120
  1.996091e-01   7.678277e-01   3.894583e-04   4.190131e-02   324
  2.014663e-01   7.202932e-01   3.061804e-04   5.273691e-02   192
  2.027302e-01   8.719107e-01   5.491178e-04   6.175137e-02   168
  2.048802e-01   7.691502e-01   4.522690e-04   4.156254e-02   342
  2.068188e-01   9.036328e-01   3.641675e-04   4.970335e-02   336
  2.087838e-01   7.385297e-01   2.786838e-04   6.381133e-02   72
  2.101088e-01   7.922115e-01   4.457174e-04   4.382515e-02   288
  2.116470e-01   7.839434e-01   2.902819e-04   4.699343e-02   264
  2.137954e-01   9.506135e-01   3.817923e-04   5.012192e-02   384
  2.157197e-01   1.055300e+00   4.582500e-04   6.592174e-02   240
  2.165193e-01   1.088781e+00   0.000000e+00   1.609540e-01   48
  2.188323e-01   9.255174e-01   3.751076e-04   4.629489e-02   392
  2.205970e-01   1.069321e+00   4.116619e-04   6.307598e-02   294
  2.224945e-01   9.219274e-01   2.675587e-04   6.328854e-02   228
  2.237424e-01   1.072394e+00   4.063271e-04   6.771279e-02   216
  2.252951e-01   9.830809e-01   2.475063e-04   5.527416e-02   336
  2.271958e-01   9.350425e-01   2.940781e-04   4.885026e-02   360
  2.287649e-01   9.588830e-01   4.480490e-04   5.909272e-02   240
  2.303999e-01   8.072698e-01   5.301447e-04   5.985718e-02   168
  2.319249e-01   9.620264e-01   4.172883e-04   5.584390e-02   312
  2.337418e-01   1.075328e+00   2.611535e-04   5.877962e-02   336
  2.357046e-01   1.121190e+00   3.562619e-04   6.543031e-02   294
  2.371846e-01   9.246510e-01   4.748243e-04   5.702476e-02   288
  2.383170e-01   1.035591e+00   2.971134e-04   6.567463e-02   264
  2.403364e-01   1.167940e+00   5.103645e-04   5.323413e-02   480
  2.420249e-01   1.116090e+00   2.496686e-04   7.562469e-02   240
  2.440949e-01   1.185946e+00   2.524589e-04   6.957631e-02   276
  2.457280e-01   1.031267e+00   5.541970e-04   4.530368e-02   488
  2.476682e-01   1.185413e+00   2.440802e-04   8.041781e-02   240
  2.487944e-01   1.082885e+00   4.739408e-04   5.620790e-02   360
  2.503735e-01   1.289248e+00   1.686210e-04   7.606586e-02   198
  2.524044e-01   1.226544e+00   5.697771e-04   5.496100e-02   480
  2.538913e-01   1.024493e+00   2.103076e-04   5.441105e-02   288
  2.559478e-01   1.267628e+00   4.445422e-04   5.782440e-02   480
  2.577972e-01   1.132982e+00   2.738942e-04   5.227665e-02   480
  2.596963e-01   1.130844e+00   3.542367e-04   5.607853e-02   288
  2.608812e-01   1.373167e+00   3.779053e-04   8.375455e-02   288
  2.627448e-01   1.005075e+00   6.569890e-04   4.561365e-02   456
  2.646214e-01   1.245954e+00   6.187305e-04   6.852490e-02   360
  2.658312e-01   1.311073e+00   3.708853e-04   1.033103e-01   180
  2.675821e-01   1.144573e+00   4.039393e-04   5.314567e-02   486
  2.693567e-01   1.197675e+00   5.373692e-04   6.138846e-02   504
  2.711612e-01   1.351021e+00   4.175087e-04   5.705018e-02   456
  2.726573e-01   1.155595e+00   3.468761e-04   8.068616e-02   296
  2.746340e-01   1.235879e+00   3.422861e-04   4.632560e-02   528
  2.761206e-01   1.312862e+00   3.377476e-04   6.538125e-02   336
  2.783101e-01   1.432516e+00   3.746254e-04   6.138140e-02   600
  2.799128e-01   1.388608e+00   2.194755e-04   8.767618e-02   264
  2.815189e-01   1.533352e+00   2.373367e-04   7.513287e-02   360
  2.831582e-01   1.437566e+00   4.751715e-04   5.753106e-02   630
  2.849646e-01   1.305291e+00   2.452791e-04   6.619195e-02   432
  2.865671e-01   1.426686e+00   4.725907e-04   6.906679e-02   408
  2.885340e-01   1.218363e+00   3.136768e-04   6.630505e-02   324
  2.899972e-01   1.350094e+00   4.470278e-04   4.524733e-02   744
  2.917622e-01   1.453715e+00   3.573689e-04   8.028077e-02   336
  2.934486e-01   1.434833e+00   4.912911e-04   5.872933e-02   528
  2.952978e-01   1.536722e+00   2.506716e-04   7.376131e-02   408
  2.965238e-01   1.447085e+00   4.266433e-04   6.149220e-02   408
  2.985496e-01   1.436533e+00   3.522079e-04   6.642060e-02   470
  3.000252e-01   1.450000e+00   4.231156e-04   6.129862e-02   528
  3.020857e-01   1.334159e+00   3.525700e-04   4.957071e-02   624
  3.036033e-01   1.360011e+00   2.682725e-04   5.737416e-02   504
  3.051691e-01   1.561892e+00   3.736837e-04   7.096959e-02   552
  3.067221e-01   1.358065e+00   1.816539e-04   8.051426e-02   336
  3.086668e-01   1.570385e+00   3.866695e-04   6.407599e-02   528
  3.101733e-01   1.520910e+00   4.402305e-04   6.509768e-02   564
  3.119378e-01   1.477103e+00   4.051859e-04   6.240508e-02   528
  3.138508e-01   1.503342e+00   6.290633e-04   6.080504e-02   582
  3.155905e-01   1.622302e+00   4.842838e-04   5.792664e-02   624
  3.171120e-01   1.595982e+00   5.536295e-04   8.473480e-02   432
  3.189273e-01   1.500327e+00   6.158164e-04   5.099863e-02   816
  3.207951e-01   1.691902e+00   2.806614e-04   1.201901e-01   312
  3.220171e-01   1.626453e+00   4.548743e-04   7.124254e-02   552
  3.239876e-01   1.683852e+00   2.864905e-04   6.425340e-02   744
  3.254151e-01   1.701804e+00   2.676404e-04   7.834509e-02   408
  3.272576e-01   1.576851e+00   3.835404e-04   6.147373e-02   632
  3.291717e-01   1.740933e+00   6.513489e-04   6.431474e-02   750
  3.307289e-01   1.677596e+00   4.480796e-04   8.382394e-02   312
  3.324641e-01   1.632978e+00   6.615270e-04   5.269300e-02   876
  3.341804e-01   1.698939e+00   4.319379e-04   6.902368e-02   552
  3.361143e-01   1.671990e+00   3.572110e-04   6.481723e-02   696
  3.374317e-01   1.563234e+00   3.942932e-04   6.187762e-02   576
  3.392245e-01   1.782903e+00   4.174616e-04   7.335987e-02   576
  3.407547e-01   1.655178e+00   5.593999e-04   6.519557e-02   648
  3.426040e-01   1.689285e+00   5.599242e-04   6.290506e-02   672
  3.446457e-01   1.617817e+00   2.374990e-04   6.500399e-02   480
  3.459524e-01   1.684694e+00   3.677960e-04   5.927716e-02   726
  3.476351e-01   1.734546e+00   4.167607e-04   6.645708e-02   792
  3.494576e-01   1.762817e+00   5.781572e-04   6.778704e-02   768
  3.513784e-01   1.927562e+00   4.725059e-04   7.547551e-02   672
  3.531396e-01   1.968172e+00   3.169470e-04   8.041755e-02   608
  3.544145e-01   1.813755e+00   3.042788e-04   6.952765e-02   624
  3.562333e-01   1.755557e+00   3.954077e-04   7.078479e-02   684
  3.580024e-01   1.862333e+00   5.840631e-04   6.730513e-02   768
  3.596489e-01   1.942967e+00   4.669543e-04   7.568412e-02   744
  3.616107e-01   1.934570e+00   2.940222e-04   6.932672e-02   750
  3.630406e-01   1.877153e+00   4.370248e-04   6.978412e-02   600
  3.645869e-01   1.958441e+00   4.640415e-04   7.982609e-02   600
  3.664974e-01   2.019347e+00   5.347792e-04   6.609650e-02   1008
  3.680145e-01   1.924960e+00   2.966070e-04   7.252454e-02   696
  3.696957e-01   1.716797e+00   3.918311e-04   6.955421e-02   624
  3.713857e-01   1.904363e+00   6.097387e-04   7.246369e-02   840
  3.733058e-01   2.018452e+00   4.148780e-04   7.000534e-02   816
  3.748632e-01   1.932266e+00   2.755717e-04   6.812718e-02   744
  3.764360e-01   2.155401e+00   4.871654e-04   9.422372e-02   510
  3.783359e-01   2.117349e+00   4.677188e-04   6.761096e-02   1020
  3.801042e-01   2.064767e+00   3.774027e-04   6.388163e-02   912
  3.818473e-01   2.090741e+00   5.591433e-04   7.600178e-02   752
  3.832886e-01   2.139261e+00   4.639583e-04   6.837005e-02   888
  3.852555e-01   2.081645e+00   2.993905e-04   7.121843e-02   768
  3.868644e-01   1.957744e+00   5.440188e-04   7.811472e-02   720
  3.887159e-01   2.034119e+00   4.795683e-04   6.089634e-02   1056
  3.903582e-01   2.013730e+00   3.317856e-04   9.130985e-02   504
  3.917039e-01   2.172423e+00   5.180898e-04   7.896493e-02   774
  3.936283e-01   2.025940e+00   4.982654e-04   5.664116e-02   1272
  3.954358e-01   2.288442e+00   3.264422e-04   7.605926e-02   744
  3.971211e-01   2.282052e+00   5.330594e-04   8.100522e-02   768
  3.986674e-01   2.292732e+00   4.508988e-04   7.802476e-02   840
  4.004039e-01   2.218203e+00   3.056972e-04   7.214477e-02   924
  4.020760e-01   2.183973e+00   5.389435e-04   7.173618e-02   936
  4.037194e-01   2.036061e+00   3.745454e-04   7.034133e-02   840
  4.053748e-01   2.005020e+00   4.452908e-04   6.300813e-02   1008
  4.074786e-01   2.113067e+00   5.026919e-04   7.954110e-02   696
  4.087986e-01   2.187786e+00   4.468063e-04   7.347125e-02   974
  4.107598e-01   2.106814e+00   5.934108e-04   5.854135e-02   1152
  4.124648e-01   2.276688e+00   2.322032e-04   7.909779e-02   816
  4.137908e-01   2.431547e+00   5.108209e-04   8.218126e-02   816
  4.155748e-01   2.302580e+00   4.510778e-04   6.634818e-02   1152
  4.174563e-01   2.432600e+00   4.061247e-04   7.767940e-02   912
  4.191672e-01   2.237301e+00   4.934415e-04   6.620106e-02   1056
  4.206322e-01   2.332355e+00   4.219808e-04   9.085944e-02   624
  4.226021e-01   2.278415e+00   5.271094e-04   6.327872e-02   1260
  4.243023e-01   2.555498e+00   3.179301e-04   8.796811e-02   894
  4.259628e-01   2.435506e+00   5.447273e-04   7.665481e-02   1176
  4.276242e-01   2.460399e+00   4.508728e-04   9.369876e-02   840
  4.295151e-01   2.365946e+00   5.124827e-04   6.249470e-02   1440
  4.315006e-01   2.391994e+00   2.881208e-04   7.573643e-02   864
  4.330060e-01   2.495240e+00   4.944294e-04   8.339347e-02   1056
  4.345044e-01   2.526607e+00   2.915091e-04   1.049612e-01   624
  4.363242e-01   2.449341e+00   5.398245e-04   6.271818e-02   1496
  4.380644e-01   2.366014e+00   3.811353e-04   7.243063e-02   936
  4.396135e-01   2.345664e+00   5.517639e-04   7.481933e-02   966
  4.412804e-01   2.552695e+00   3.911127e-04   8.190807e-02   936
  4.430314e-01   2.653922e+00   4.837854e-04   7.838283e-02   1248
  4.448240e-01   2.585961e+00   3.410472e-04   7.999800e-02   1044
  4.464944e-01   2.549324e+00   5.282931e-04   6.761940e-02   1392
  4.478173e-01   2.472217e+00   4.068922e-04   9.662457e-02   600
  4.497097e-01   2.514274e+00   4.622723e-04   6.699894e-02   1416
  4.514841e-01   2.939219e+00   4.975797e-04   8.832562e-02   1152
  4.532821e-01   2.588631e+00   4.773496e-04   8.267716e-02   936
  4.547305e-01   2.763699e+00   5.119809e-04   9.418987e-02   870
  4.564516e-01   2.501153e+00   4.292755e-04   6.824704e-02   1368
  4.583615e-01   2.539092e+00   5.643853e-04   6.519681e-02   1632
  4.599936e-01   2.683761e+00   2.450244e-04   8.737395e-02   816
  4.617604e-01   2.563159e+00   5.590000e-04   7.089857e-02   1200
  4.633019e-01   2.817872e+00   5.344699e-04   7.695879e-02   1184
  4.648678e-01   2.535655e+00   4.056277e-04   8.492179e-02   984
  4.667890e-01   2.682956e+00   4.952299e-04   6.574735e-02   1572
  4.685308e-01   2.354441e+00   2.727317e-04   7.692245e-02   840
  4.701539e-01   2.664070e+00   6.342482e-04   7.764872e-02   1392
  4.718677e-01   2.611673e+00   4.656646e-04   7.533423e-02   1158
  4.733973e-01   2.682062e+00   4.240237e-04   7.024335e-02   1272
  4.752392e-01   2.721201e+00   4.321181e-04   7.422475e-02   1320
  4.769691e-01   2.756358e+00   4.228227e-04   8.173992e-02   1104
  4.786151e-01   2.600245e+00   4.785761e-04   6.776974e-02   1392
  4.803427e-01   2.668877e+00   5.176282e-04   7.017676e-02   1296
  4.821220e-01   2.720125e+00   5.404894e-04   7.574683e-02   1392
  4.837916e-01   2.545378e+00   3.964922e-04   8.002739e-02   1104
  4.853363e-01   2.705825e+00   4.994197e-04   7.133742e-02   1320
  4.875364e-01   2.943033e+00   3.813995e-04   8.240129e-02   1422
  4.889418e-01   2.796610e+00   4.750117e-04   7.744141e-02   1212
  4.905562e-01   3.071202e+00   5.190595e-04   8.037657e-02   1280
  4.922146e-01   3.022978e+00   5.404823e-04   8.017950e-02   1272
  4.938041e-01   2.892746e+00   4.677338e-04   7.263782e-02   1680
  4.956881e-01   2.849639e+00   4.419216e-04   8.398962e-02   1152
  4.974225e-01   2.821297e+00   5.117608e-04   7.160959e-02   1512
  4.992459e-01   2.814583e+00   2.160634e-04   9.361451e-02   912
  5.006872e-01   3.043959e+00   5.446515e-04   7.672823e-02   1680
  5.026041e-01   2.877321e+00   4.824972e-04   7.335367e-02   1518
  5.040250e-01   2.748638e+00   4.467006e-04   8.614923e-02   1056
  5.055216e-01   2.792810e+00   4.510442e-04   7.316430e-02   1344
  5.074562e-01   2.978466e+00   4.843229e-04   7.248715e-02   1680
  5.092067e-01   2.906601e+00   4.772500e-04   6.600015e-02   1656
  5.111194e-01   2.774442e+00   4.056700e-04   8.432724e-02   1140
  5.125554e-01   2.939273e+00   4.697351e-04   8.230901e-02   1368
  5.142450e-01   3.015679e+00   5.343264e-04   7.703361e-02   1656
  5.159625e-01   2.992292e+00   5.472649e-04   7.704819e-02   1448
  5.178320e-01   3.097934e+00   5.141193e-04   7.768021e-02   1422
  5.195587e-01   3.108657e+00   5.675668e-04   8.194877e-02   1512
  5.210354e-01   2.997111e+00   4.326963e-04   8.566766e-02   1296
  5.227440e-01   3.210412e+00   3.950802e-04   7.381180e-02   1824
  5.245911e-01   2.982548e+00   5.122810e-04   7.600944e-02   1464
  5.264571e-01   3.232478e+00   4.571373e-04   7.463906e-02   1824
  5.281889e-01   3.175883e+00   3.634473e-04   7.936495e-02   1416
  5.296954e-01   3.135109e+00   5.323525e-04   7.931786e-02   1392
  5.313218e-01   3.246534e+00   4.912467e-04   8.475416e-02   1464
  5.333061e-01   3.386082e+00   4.802698e-04   8.536505e-02   1524
  5.348395e-01   3.106081e+00   4.425765e-04   7.564237e-02   1686
  5.366116e-01   3.041661e+00   5.269753e-04   6.969576e-02   1800
  5.381347e-01   3.381634e+00   4.183682e-04   9.160639e-02   1344
  5.398246e-01   3.005505e+00   4.881086e-04   7.472420e-02   1656
  5.415187e-01   3.165887e+00   3.897299e-04   8.618969e-02   1488
  5.429907e-01   3.333227e+00   3.890952e-04   8.717579e-02   1536
  5.450417e-01   3.371507e+00   4.322407e-04   8.127186e-02   1760
  5.466309e-01   3.147623e+00   4.807835e-04   7.204175e-02   1824
  5.484686e-01   3.360909e+00   4.034669e-04   8.478223e-02   1560
  5.502369e-01   3.040434e+00   4.634195e-04   6.875469e-02   1926
  5.519000e-01   3.139486e+00   3.295522e-04   8.516348e-02   1272
  5.534180e-01   3.372583e+00   5.538121e-04   7.627702e-02   1848
  5.554133e-01   3.271722e+00   4.474326e-04   7.541506e-02   1908
  5.569309e-01   3.702840e+00   4.364115e-04   1.062722e-01   1488
  5.585322e-01   3.264436e+00   4.921783e-04   7.446857e-02   1800
  5.602682e-01   3.381157e+00   4.926635e-04   7.940580e-02   1752
  5.619310e-01   3.388152e+00   5.238690e-04   9.073187e-02   1368
  5.635951e-01   3.357679e+00   4.923362e-04   7.776409e-02   2016
  5.654253e-01   3.283015e+00   5.200281e-04   8.858723e-02   1542
  5.671144e-01   3.221328e+00   5.092480e-04   6.862767e-02   2184
  5.689840e-01   3.463055e+00   4.658463e-04   8.641068e-02   1776
  5.705991e-01   3.565485e+00   5.325328e-04   8.886591e-02   1568
  5.721386e-01   3.432579e+00   4.865284e-04   7.484119e-02   2040
  5.738138e-01   3.442394e+00   5.201423e-04   8.022308e-02   1704
  5.755673e-01   3.398032e+00   5.214047e-04   8.386687e-02   1512
  5.772206e-01   3.659311e+00   4.447597e-04   8.333477e-02   2028
  5.790782e-01   3.579892e+00   5.364945e-04   7.744230e-02   1968
  5.807766e-01   3.342665e+00   5.441935e-04   8.197305e-02   1854
  5.824386e-01   3.433841e+00   5.187839e-04   8.565653e-02   1632
  5.841419e-01   3.471592e+00   5.330949e-04   6.568506e-02   2424
  5.859073e-01   3.597702e+00   5.336494e-04   9.484081e-02   1560
  5.873997e-01   3.790537e+00   5.042981e-04   8.882424e-02   1728
  5.892030e-01   3.635354e+00   5.383151e-04   7.623087e-02   2088
  5.910182e-01   3.416424e+00   5.124183e-04   7.639324e-02   1968
  5.926879e-01   3.488982e+00   5.073434e-04   7.542211e-02   2256
  5.943623e-01   3.464732e+00   4.510844e-04   8.044937e-02   1728
  5.961102e-01   3.523205e+00   4.446730e-04   9.312410e-02   1416
  5.976587e-01   3.649085e+00   4.687744e-04   7.740193e-02   2246
  5.994119e-01   3.550927e+00   5.191625e-04   7.787652e-02   2148
  6.010893e-01   3.300829e+00   4.385384e-04   8.025905e-02   1680
  6.026682e-01   3.527364e+00   5.544042e-04   7.665390e-02   2280
  6.045659e-01   3.523600e+00   5.162727e-04   7.138891e-02   2352
  6.063384e-01   3.937128e+00   4.337978e-04   1.020158e-01   1632
  6.077406e-01   3.314511e+00   4.963799e-04   7.434470e-02   1968
  6.096649e-01   3.551376e+00   5.092860e-04   7.880069e-02   2112
  6.114492e-01   3.851562e+00   3.825636e-04   8.304167e-02   2208
  6.131831e-01   3.574668e+00   3.857391e-04   8.165996e-02   1974
  6.145516e-01   3.567212e+00   3.773577e-04   8.167270e-02   1944
  6.164004e-01   3.653351e+00   4.269369e-04   7.719980e-02   2160
  6.180028e-01   3.668170e+00   3.992823e-04   8.437449e-02   2040
  6.197345e-01   3.534867e+00   5.586051e-04   7.422575e-02   2352
  6.215106e-01   3.803436e+00   4.640665e-04   9.258826e-02   1836
  6.231317e-01   3.627000e+00   4.950444e-04   7.486882e-02   2352
  6.249518e-01   3.754315e+00   5.192346e-04   8.134297e-02   2008
  6.266203e-01   3.645477e+00   5.108010e-04   7.063106e-02   2464
  6.284808e-01   3.911303e+00   4.119834e-04   8.508764e-02   2118
  6.300068e-01   3.803253e+00   4.141467e-04   8.672524e-02   1848
  6.315775e-01   3.853755e+00   5.480513e-04   8.408642e-02   2280
  6.334747e-01   3.764063e+00   5.213278e-04   7.272653e-02   2472
  6.352475e-01   3.838541e+00   3.483875e-04   8.364092e-02   2280
  6.367358e-01   3.836284e+00   4.258450e-04   8.806489e-02   1992
  6.383407e-01   4.057976e+00   4.476942e-04   8.918039e-02   2184
  6.401915e-01   3.734223e+00   5.400739e-04   8.392595e-02   2352
  6.419748e-01   4.025962e+00   5.691414e-04   7.928077e-02   2496
  6.437210e-01   4.097495e+00   5.315847e-04   9.224680e-02   1770
  6.452872e-01   3.975743e+00   4.586736e-04   7.786603e-02   2568
  6.471700e-01   4.080048e+00   5.625819e-04   7.539197e-02   2712
  6.488816e-01   4.280711e+00   4.467713e-04   8.220747e-02   2448
  6.505906e-01   4.124207e+00   3.766053e-04   9.667853e-02   2064
  6.520083e-01   4.189707e+00   3.975154e-04   9.537216e-02   1944
  6.538465e-01   3.908689e+00   4.910776e-04   7.854420e-02   2480
  6.557218e-01   3.711125e+00   5.334543e-04   6.990560e-02   2880
  6.573828e-01   4.006242e+00   5.117233e-04   8.597290e-02   2304
  6.591177e-01   4.271026e+00   4.701472e-04   9.850402e-02   1806
  6.606561e-01   4.098322e+00   4.610710e-04   8.027478e-02   2856
  6.625838e-01   4.143175e+00   4.421809e-04   8.019576e-02   2568
  6.640509e-01   4.143728e+00   4.436302e-04   8.888403e-02   2112
  6.656475e-01   4.118041e+00   4.272941e-04   8.904197e-02   2028
  6.673605e-01   3.925639e+00   5.057904e-04   7.895495e-02   2712
  6.690998e-01   3.721466e+00   5.449093e-04   6.950629e-02   2952
  6.709691e-01   4.171038e+00   4.210349e-04   9.015882e-02   2112
  6.724803e-01   3.903556e+00   4.934314e-04   7.513800e-02   2520
  6.742956e-01   3.955760e+00   4.759244e-04   8.073890e-02   2376
  6.759489e-01   4.116745e+00   3.815168e-04   8.099431e-02   2526
  6.776650e-01   4.057056e+00   4.747876e-04   7.797394e-02   2664
  6.793642e-01   4.057349e+00   5.662862e-04   8.105214e-02   2408
  6.809929e-01   4.155911e+00   4.536173e-04   8.174752e-02   2568
  6.826540e-01   4.181716e+00   4.276796e-04   7.669591e-02   2904
  6.844561e-01   4.139748e+00   4.798687e-04   8.201736e-02   2544
  6.861681e-01   4.236742e+00   3.534563e-04   9.239493e-02   2160
  6.877835e-01   3.944066e+00   6.110852e-04   7.257771e-02   2652
  6.895681e-01   3.996333e+00   4.838537e-04   7.914076e-02   2784
  6.912854e-01   4.092496e+00   4.778196e-04   7.668057e-02   2694
  6.930647e-01   4.337145e+00   4.294263e-04   7.458966e-02   2952
  6.946107e-01   4.131195e+00   4.067448e-04   8.690494e-02   2208
  6.961857e-01   4.383722e+00   4.335098e-04   9.381237e-02   2304
  6.979438e-01   4.078785e+00   5.637316e-04   6.976521e-02   3504
  6.999941e-01   4.231103e+00   4.564735e-04   7.922472e-02   2616
  7.015932e-01   4.144036e+00   4.459377e-04   7.784760e-02   2664
  7.031336e-01   4.174162e+00   4.143151e-04   8.067098e-02   2448
  7.046858e-01   4.274993e+00   5.770045e-04   8.435706e-02   2472
  7.065119e-01   4.362140e+00   4.587514e-04   7.884528e-02   3134
  7.082307e-01   4.271213e+00   5.017392e-04   8.144088e-02   2616
  7.099467e-01   4.148562e+00   4.064282e-04   8.146980e-02   2712
  7.117121e-01   4.410392e+00   4.661143e-04   7.728521e-02   3204
  7.133994e-01   4.452779e+00   5.368237e-04   8.312321e-02   2760
  7.150019e-01   4.115331e+00   4.683701e-04   8.139921e-02   2688
  7.167690e-01   4.221844e+00   4.428424e-04   7.769620e-02   2760
  7.183316e-01   4.222740e+00   3.656620e-04   8.349233e-02   2568
  7.201311e-01   4.237200e+00   5.678551e-04   7.451344e-02   3336
  7.218583e-01   4.282653e+00   4.806270e-04   8.844276e-02   2334
  7.236024e-01   4.270380e+00   5.318655e-04   7.712115e-02   3264
  7.252322e-01   4.394821e+00   3.867069e-04   8.269600e-02   2760
  7.269038e-01   4.314726e+00   4.670323e-04   7.540487e-02   3192
  7.286057e-01   4.515018e+00   4.848795e-04   8.229801e-02   2904
  7.304158e-01   4.205710e+00   4.865095e-04   8.436091e-02   2784
  7.319309e-01   4.440417e+00   4.004063e-04   8.937136e-02   2592
  7.336545e-01   4.522641e+00   5.458110e-04   7.919286e-02   3284
  7.354862e-01   4.503086e+00   5.482421e-04   7.865589e-02   3168
  7.371250e-01   4.351711e+00   4.523390e-04   8.711658e-02   2616
  7.388477e-01   4.496932e+00   4.370713e-04   8.298233e-02   3222
  7.405235e-01   4.712424e+00   4.904075e-04   8.704989e-02   3240
  7.421464e-01   4.284587e+00   4.961262e-04   8.546132e-02   2568
  7.439914e-01   4.509212e+00   4.552202e-04   8.231109e-02   3120
  7.455341e-01   4.615437e+00   5.004475e-04   8.905801e-02   3168
  7.471932e-01   4.692483e+00   4.381038e-04   7.747468e-02   3240
  7.490082e-01   4.481508e+00   4.494836e-04   8.282317e-02   3144
  7.507715e-01   4.823377e+00   4.284362e-04   8.936782e-02   2856
  7.524381e-01   4.556889e+00   4.575871e-04   7.901061e-02   3264
  7.543240e-01   4.638842e+00   5.056132e-04   8.261136e-02   3318
  7.558082e-01   4.751262e+00   3.541030e-04   9.324147e-02   2556
  7.575771e-01   4.784570e+00   6.048732e-04   7.824485e-02   4008
  7.593679e-01   4.697730e+00   4.465021e-04   8.535336e-02   2904
  7.609000e-01   4.347155e+00   4.565641e-04   7.793604e-02   3144
  7.626441e-01   4.624753e+00   4.759726e-04   8.504944e-02   3200
  7.644490e-01   4.560269e+00   4.694243e-04   8.059393e-02   3312
  7.660670e-01   4.646334e+00   3.783351e-04   9.005337e-02   2832
  7.678735e-01   4.520272e+00   5.444478e-04   7.149483e-02   3984
  7.695508e-01   4.909797e+00   4.426103e-04   1.064281e-01   2238
  7.710821e-01   4.496720e+00   5.208763e-04   7.165492e-02   3984
  7.729819e-01   4.640451e+00   4.949877e-04   7.986977e-02   3384
  7.745602e-01   4.765407e+00   4.626797e-04   8.758966e-02   3048
  7.762081e-01   4.655674e+00   4.248302e-04   8.719869e-02   3096
  7.779294e-01   4.638732e+00   4.815324e-04   7.829698e-02   3708
  7.796408e-01   4.686161e+00   4.564274e-04   9.172019e-02   2784
  7.812306e-01   4.620144e+00   4.740872e-04   7.808996e-02   3648
  7.830363e-01   4.846615e+00   4.879379e-04   7.598757e-02   3888
  7.849582e-01   4.457031e+00   5.208881e-04   7.921954e-02   2958
  7.863930e-01   4.963646e+00   4.446264e-04   8.129834e-02   3264
  7.881221e-01   4.962717e+00   4.908549e-04   8.947361e-02   3160
  7.897556e-01   4.785284e+00   4.448554e-04   8.178533e-02   3736
  7.913039e-01   4.771360e+00   4.053674e-04   8.485639e-02   3216
  7.931298e-01   4.668640e+00   4.967559e-04   7.477121e-02   4032
  7.950340e-01   5.003538e+00   4.535292e-04   8.248418e-02   3528
  7.966578e-01   4.658560e+00   4.003367e-04   8.491584e-02   3192
  7.982809e-01   4.873389e+00   4.384400e-04   8.284503e-02   3456
  8.000418e-01   4.895756e+00   4.546161e-04   9.013519e-02   3060
  8.018067e-01   5.022553e+00   5.405908e-04   7.211711e-02   4518
  8.035265e-01   4.838920e+00   4.815963e-04   8.316485e-02   3528
  8.051074e-01   4.860571e+00   4.044568e-04   8.754831e-02   3024
  8.067928e-01   4.883459e+00   5.476184e-04   8.174465e-02   3672
  8.085097e-01   4.837097e+00   4.700229e-04   8.053947e-02   3864
  8.104158e-01   4.996489e+00   4.982178e-04   8.493914e-02   3816
  8.119748e-01   4.790218e+00   4.532681e-04   7.950229e-02   3456
  8.134695e-01   4.811966e+00   4.103104e-04   9.706671e-02   2688
  8.152303e-01   4.817998e+00   4.868254e-04   7.548784e-02   4248
  8.169761e-01   4.859932e+00   4.662855e-04   7.881268e-02   3926
  8.187297e-01   4.775966e+00   4.923174e-04   8.079513e-02   3504
  8.204236e-01   5.089439e+00   4.401391e-04   8.124912e-02   3960
  8.222939e-01   4.761238e+00   4.954941e-04   8.214982e-02   3684
  8.238979e-01   4.826939e+00   4.954609e-04   7.735001e-02   4104
  8.255014e-01   4.837890e+00   4.699173e-04   8.858106e-02   3144
  8.272241e-01   4.949577e+00   5.147213e-04   7.736407e-02   4224
  8.291182e-01   5.042291e+00   4.568598e-04   8.203651e-02   4008
  8.307364e-01   4.999356e+00   5.026181e-04   8.863923e-02   3312
  8.324026e-01   5.121287e+00   4.999111e-04   8.938978e-02   3726
  8.341747e-01   5.149703e+00   5.134700e-04   8.444180e-02   3936
  8.357483e-01   4.868608e+00   5.292866e-04   7.962171e-02   3888
  8.373814e-01   5.015960e+00   5.004911e-04   8.102069e-02   3864
  8.390804e-01   5.124704e+00   5.320643e-04   8.204127e-02   3888
  8.408304e-01   5.099294e+00   5.018185e-04   8.223487e-02   4080
  8.425581e-01   5.105004e+00   5.325821e-04   9.279600e-02   3400
  8.443209e-01   5.153482e+00   4.884316e-04   7.532606e-02   4588
  8.461032e-01   5.105505e+00   4.834464e-04   8.427001e-02   3816
  8.476608e-01   5.026044e+00   4.581060e-04   8.674501e-02   3534
  8.493098e-01   5.387911e+00   4.524863e-04   8.586934e-02   4080
  8.510347e-01   5.151114e+00   4.729764e-04   8.407837e-02   4248
  8.527671e-01   5.342143e+00   4.766165e-04   9.526830e-02   3528
  8.543656e-01   5.250410e+00   4.872753e-04   8.435771e-02   4248
  8.559814e-01   5.317783e+00   4.766042e-04   8.994168e-02   3696
  8.577808e-01   4.935002e+00   4.945438e-04   7.357031e-02   4560
  8.594872e-01   5.295067e+00   4.632233e-04   8.293223e-02   3864
  8.612397e-01   5.185601e+00   5.043791e-04   7.896475e-02   4440
  8.629007e-01   5.051900e+00   4.705976e-04   8.530185e-02   3432
  8.646460e-01   5.250309e+00   4.614307e-04   8.166500e-02   4470
  8.663629e-01   5.115083e+00   4.100586e-04   7.842075e-02   4188
  8.680505e-01   5.182363e+00   5.253427e-04   7.519928e-02   4392
  8.697265e-01   5.283055e+00   4.064025e-04   8.353112e-02   3960
  8.714695e-01   5.314489e+00   4.591166e-04   8.426249e-02   4328
  8.731579e-01   5.239922e+00   4.778042e-04   8.172286e-02   4320
  8.748643e-01   5.358898e+00   4.996345e-04   8.565100e-02   4152
  8.764467e-01   5.113030e+00   4.179518e-04   8.602510e-02   3528
  8.782362e-01   5.288162e+00   4.523689e-04   8.051450e-02   4512
  8.799104e-01   5.372661e+00   4.624323e-04   8.806499e-02   4134
  8.816110e-01   5.342492e+00   4.926455e-04   7.712046e-02   5208
  8.832465e-01   5.194476e+00   4.292145e-04   9.330946e-02   3240
  8.849385e-01   5.521467e+00   4.734040e-04   8.105135e-02   4680
  8.866607e-01   5.260606e+00   4.687083e-04   7.992067e-02   4440
  8.883848e-01   5.565537e+00   5.311226e-04   8.160000e-02   4260
  8.900384e-01   5.390150e+00   4.336102e-04   8.479758e-02   4056
  8.917415e-01   5.227194e+00   4.807328e-04   7.603332e-02   4704
  8.935289e-01   5.367050e+00   5.594147e-04   7.954698e-02   4800
  8.954185e-01   5.408117e+00   4.846897e-04   8.340342e-02   4806
  8.970513e-01   5.653690e+00   4.831585e-04   1.002110e-01   3552
  8.986064e-01   5.331138e+00   4.844541e-04   8.279343e-02   4304
  9.003622e-01   5.522049e+00   4.698109e-04   7.988626e-02   5280
  9.020984e-01   5.480668e+00   4.507040e-04   8.491062e-02   4320
  9.037419e-01   5.761397e+00   5.089629e-04   9.081432e-02   4296
  9.054750e-01   5.544316e+00   5.658401e-04   8.436370e-02   4608
  9.072277e-01   5.583148e+00   5.421052e-04   8.449260e-02   4824
  9.089629e-01   5.416197e+00   5.117857e-04   8.088796e-02   4488
  9.108250e-01   5.763097e+00   4.778070e-04   9.141748e-02   4530
  9.123625e-01   5.673199e+00   4.665391e-04   8.442263e-02   4464
  9.139010e-01   5.642356e+00   4.396785e-04   9.039951e-02   4104
  9.156673e-01   5.804806e+00   4.740652e-04   8.481925e-02   5424
  9.174048e-01   5.644899e+00   5.103023e-04   8.859766e-02   4392
  9.191730e-01   5.634958e+00   4.996065e-04   7.976928e-02   4896
  9.207787e-01   5.543464e+00   4.897165e-04   9.279439e-02   4104
  9.224542e-01   5.537271e+00   4.415951e-04   7.909021e-02   4824
  9.242220e-01   5.648248e+00   4.220615e-04   8.543295e-02   4680
  9.257621e-01   5.583918e+00   4.316766e-04   8.768752e-02   4328
  9.275497e-01   5.612070e+00   4.976114e-04   8.350840e-02   5118
  9.293459e-01   5.753759e+00   5.765145e-04   8.325391e-02   5304
  9.309669e-01   5.858999e+00   4.539783e-04   9.197845e-02   4392
  9.327330e-01   5.782864e+00   4.556524e-04   9.321904e-02   4476
  9.342775e-01   5.668597e+00   4.525170e-04   8.455142e-02   4704
  9.359960e-01   5.664614e+00   5.477178e-04   7.923885e-02   5208
  9.378023e-01   5.923304e+00   4.618178e-04   8.577214e-02   5304
  9.394666e-01   5.856913e+00   4.946712e-04   9.076938e-02   4296
  9.411731e-01   5.591815e+00   4.690760e-04   8.251200e-02   4752
  9.429662e-01   6.155748e+00   4.708758e-04   9.774080e-02   4950
  9.445778e-01   5.788224e+00   4.921918e-04   8.470726e-02   5064
  9.461898e-01   5.686252e+00   4.123928e-04   8.568681e-02   4872
  9.478198e-01   6.006856e+00   4.341367e-04   9.440160e-02   4224
  9.495602e-01   5.933974e+00   4.795584e-04   8.043819e-02   6120
  9.514124e-01   5.856696e+00   5.275753e-04   8.425851e-02   4968
  9.530925e-01   5.848309e+00   4.668582e-04   9.052694e-02   4424
  9.548307e-01   5.968300e+00   5.963123e-04   8.674249e-02   5436
  9.565477e-01   5.990873e+00   5.084086e-04   8.777484e-02   4896
  9.582076e-01   5.907906e+00   4.867456e-04   8.728888e-02   5214
  9.598077e-01   6.288888e+00   4.137593e-04   9.862322e-02   4656
  9.615856e-01   5.875584e+00   5.260613e-04   8.485531e-02   5448
  9.632845e-01   6.102569e+00   4.442976e-04   9.326762e-02   4992
  9.649480e-01   6.133710e+00   4.917143e-04   8.848359e-02   5400
  9.667765e-01   5.946131e+00   5.449716e-04   8.853700e-02   5328
  9.684613e-01   5.986064e+00   4.873046e-04   9.052839e-02   4776
  9.700464e-01   6.133122e+00   4.579033e-04   9.015634e-02   4800
  9.718074e-01   6.288497e+00   5.888402e-04   8.490207e-02   6552
  9.736499e-01   6.207589e+00   4.448606e-04   1.026230e-01   3942
  9.752465e-01   6.170128e+00   5.606963e-04   8.409482e-02   6072
  9.770144e-01   6.127213e+00   4.354574e-04   9.534981e-02   4692
  9.784966e-01   6.241249e+00   4.546106e-04   9.219682e-02   4944
  9.802329e-01   6.174150e+00   4.879373e-04   8.553875e-02   5840
  9.820155e-01   6.492013e+00   5.223166e-04   9.568049e-02   5712
  9.837706e-01   6.229962e+00   4.377350e-04   9.658324e-02   4800
  9.853717e-01   6.067674e+00   5.797155e-04   8.634504e-02   5688
  9.871255e-01   6.195953e+00   4.573834e-04   9.977204e-02   4848
  9.888635e-01   6.223939e+00   5.090949e-04   9.272594e-02   5406
  9.905131e-01   6.477215e+00   4.595406e-04   9.713583e-02   5568
  9.921693e-01   6.412508e+00   4.130962e-04   9.567584e-02   5736
  9.939592e-01   6.661769e+00   5.130390e-04   1.052652e-01   5280
  9.955835e-01   6.454037e+00   4.743420e-04   9.448950e-02   5592
  9.972555e-01   6.420988e+00   5.429960e-04   9.514451e-02   4968
  9.990231e-01   6.538312e+00   4.868684e-04   8.632079e-02   5964
  1.000748e+00   6.341030e+00   4.891308e-04   9.034799e-02   5376
  1.002315e+00   6.068455e+00   4.722860e-04   8.730269e-02   5472
  1.004131e+00   6.263877e+00   4.485360e-04   9.099623e-02   5472
  1.005792e+00   6.641129e+00   5.099708e-04   9.909845e-02   5415
  1.007402e+00   6.496808e+00   4.485810e-04   9.920077e-02   5096
  1.009144e+00   6.304852e+00   5.768639e-04   8.509318e-02   6372
  1.010906e+00   6.857098e+00   4.682720e-04   1.092999e-01   4656
  1.012485e+00   6.664062e+00   5.112031e-04   9.315529e-02   5844
  1.014184e+00   6.838847e+00   4.494662e-04   9.891742e-02   5508
  1.015984e+00   6.580927e+00   5.098811e-04   8.893813e-02   6324
  1.017751e+00   6.524397e+00   4.379885e-04   1.027113e-01   4752
  1.019366e+00   6.581144e+00   4.903645e-04   9.103781e-02   5676
  1.021114e+00   6.630383e+00   4.485894e-04   9.738691e-02   5472
  1.022773e+00   6.495963e+00   5.059962e-04   9.565452e-02   5556
  1.024555e+00   6.580803e+00   4.930836e-04   9.319088e-02   5436
  1.026276e+00   6.338683e+00   5.047054e-04   9.555185e-02   5916
  1.028042e+00   6.574211e+00   5.251158e-04   9.444978e-02   5520
  1.029633e+00   6.513132e+00   4.775681e-04   9.343604e-02   5280
  1.031263e+00   6.587059e+00   4.692535e-04   1.040750e-01   4416
  1.033102e+00   6.447847e+00   4.574075e-04   8.865129e-02   6260
  1.034829e+00   6.261067e+00   5.439134e-04   8.525836e-02   5940
  1.036394e+00   6.441913e+00   4.259730e-04   1.052259e-01   4188
  1.038117e+00   6.450298e+00   5.446427e-04   8.360367e-02   6360
  1.039928e+00   6.532725e+00   4.857983e-04   1.033540e-01   5256
  1.041610e+00   6.446588e+00   4.592395e-04   9.589895e-02   4848
  1.043051e+00   6.498548e+00   4.163245e-04   1.009096e-01   4704
  1.044826e+00   6.458954e+00   5.107218e-04   8.808410e-02   5784
  1.046631e+00   6.406943e+00   5.404027e-04   8.867692e-02   5820
  1.048373e+00   6.402033e+00   4.840851e-04   9.203080e-02   5700
  1.050126e+00   6.514238e+00   4.489220e-04   9.634473e-02   5232
  1.051881e+00   6.489729e+00   4.981175e-04   9.594955e-02   4932
  1.053436e+00   6.644058e+00   4.287490e-04   1.045773e-01   4716
  1.055070e+00   6.147705e+00   5.461338e-04   8.757534e-02   5616
  1.056750e+00   6.445921e+00   4.823163e-04   9.436294e-02   5184
  1.058484e+00   6.302770e+00   4.865387e-04   9.289085e-02   5064
  1.060119e+00   6.350639e+00   4.981922e-04   9.372781e-02   5544
  1.061933e+00   6.450353e+00   5.001009e-04   9.302630e-02   5192
  1.063583e+00   6.797162e+00   4.494186e-04   9.634034e-02   5244
  1.065317e+00   6.547728e+00   4.862760e-04   9.533642e-02   5112
  1.067042e+00   6.304529e+00   4.462536e-04   9.314820e-02   5040
  1.068625e+00   6.288445e+00   4.691536e-04   9.461144e-02   5124
  1.070473e+00   6.390529e+00   5.266881e-04   8.643132e-02   5952
  1.072179e+00   6.252941e+00   4.614857e-04   9.728948e-02   4824
  1.073726e+00   6.467989e+00   4.658121e-04   1.005109e-01   4536
  1.075516e+00   6.499651e+00   4.951157e-04   8.982812e-02   5712
  1.077355e+00   6.423414e+00   5.417917e-04   9.026837e-02   5352
  1.079089e+00   6.470343e+00   4.719205e-04   9.805222e-02   5004
  1.080639e+00   6.083354e+00   4.720490e-04   8.910974e-02   4800
  1.082304e+00   6.402090e+00   5.072809e-04   9.209814e-02   5148
  1.084148e+00   6.618456e+00   5.268770e-04   9.010276e-02   5664
  1.085815e+00   6.487731e+00   4.732118e-04   9.703578e-02   4692
  1.087355e+00   6.803828e+00   4.396196e-04   1.111925e-01   4008
  1.089151e+00   6.555882e+00   5.038991e-04   9.086659e-02   5852
  1.090977e+00   6.455049e+00   4.771455e-04   8.941251e-02   5784
  1.092599e+00   6.406575e+00   4.398451e-04   1.028518e-01   4392
  1.094269e+00   6.344784e+00   4.314460e-04   9.400700e-02   4944
  1.096021e+00   6.413408e+00   5.086676e-04   9.676296e-02   4776
  1.097674e+00   6.437442e+00   4.893660e-04   9.399402e-02   5244
  1.099467e+00   6.597386e+00   4.885027e-04   9.869335e-02   4884
  1.100972e+00   6.424695e+00   4.142882e-04   9.731964e-02   4488
  1.102723e+00   6.506399e+00   4.922838e-04   9.150803e-02   5160
  1.104485e+00   6.688174e+00   5.012137e-04   1.005429e-01   5316
  1.106182e+00   6.257032e+00   5.067620e-04   9.051684e-02   4896
  1.107837e+00   6.476377e+00   4.708706e-04   1.007034e-01   4188
  1.109505e+00   6.325983e+00   5.135922e-04   9.367820e-02   4836
  1.111208e+00   6.622471e+00   5.094880e-04   9.282608e-02   5316
  1.112933e+00   6.242006e+00   4.715930e-04   9.115158e-02   4920
  1.114546e+00   6.412519e+00   4.750945e-04   1.046705e-01   4128
  1.116277e+00   6.173266e+00   5.110912e-04   9.041025e-02   5348
  1.117980e+00   6.363651e+00   4.434734e-04   9.934526e-02   4836
  1.119607e+00   6.296853e+00   4.778570e-04   1.007023e-01   4392
  1.121359e+00   6.150094e+00   4.198363e-04   9.495299e-02   4632
  1.122936e+00   6.351287e+00   4.691003e-04   9.487779e-02   4596
  1.124747e+00   6.721550e+00   4.717453e-04   9.763069e-02   5424
  1.126539e+00   6.314633e+00   4.855768e-04   8.851844e-02   5256
  1.128385e+00   6.261184e+00   4.931611e-04   9.570470e-02   4524
  1.129923e+00   6.263100e+00   4.690936e-04   9.834405e-02   4440
  1.131645e+00   6.627706e+00   4.011353e-04   1.009338e-01   4380
  1.133330e+00   6.319498e+00   5.249545e-04   9.503614e-02   4812
  1.135123e+00   6.652606e+00   5.214039e-04   9.258056e-02   5376
  1.136763e+00   6.351458e+00   4.164623e-04   1.042280e-01   3888
  1.138335e+00   6.585038e+00   4.768975e-04   9.730117e-02   4896
  1.140088e+00   6.402864e+00   5.032049e-04   9.274925e-02   4608
  1.141929e+00   6.774631e+00   4.749944e-04   1.061015e-01   4448
  1.143531e+00   6.383967e+00   4.903240e-04   9.415880e-02   4752
  1.145220e+00   6.467650e+00   5.135838e-04   1.006242e-01   4356
  1.146995e+00   6.482151e+00   4.942288e-04   9.278036e-02   5232
  1.148760e+00   6.499589e+00   4.980587e-04   9.812186e-02   4548
  1.150472e+00   6.464004e+00   4.841761e-04   9.628015e-02   4608
  1.152143e+00   6.471956e+00   4.398349e-04   1.092042e-01   3936
  1.153720e+00   6.462639e+00   5.257306e-04   1.026075e-01   4260
  1.155493e+00   6.352983e+00   4.713251e-04   9.308512e-02   5004
  1.157113e+00   6.507039e+00   4.657489e-04   1.061962e-01   4224
  1.158890e+00   6.325530e+00   5.031939e-04   9.590880e-02   4788
  1.160616e+00   6.470297e+00   5.291946e-04   9.946885e-02   4428
  1.162298e+00   6.527525e+00   4.422133e-04   1.045987e-01   4080
  1.163917e+00   6.256774e+00   4.835200e-04   9.469430e-02   4632
  1.165621e+00   6.378068e+00   5.028239e-04   1.034443e-01   4056
  1.167413e+00   6.479934e+00   4.734174e-04   1.013694e-01   4536
  1.169050e+00   6.670064e+00   4.828547e-04   9.946744e-02   4668
  1.170843e+00   6.271771e+00   5.175340e-04   9.527953e-02   4604
  1.172589e+00   6.557007e+00   4.650093e-04   1.047807e-01   4152
  1.174201e+00   6.769460e+00   4.506678e-04   1.068602e-01   4224
  1.175909e+00   6.670906e+00   4.332835e-04   1.020022e-01   4152
  1.177615e+00   6.644171e+00   4.914860e-04   1.073179e-01   4224
  1.179275e+00   6.316169e+00   4.545253e-04   1.059329e-01   3960
  1.180873e+00   6.751289e+00   4.690415e-04   9.927770e-02   4656
  1.182619e+00   6.481283e+00   5.060863e-04   9.431506e-02   4452
  1.184409e+00   6.468863e+00   5.145201e-04   1.108345e-01   4056
  1.186074e+00   6.577953e+00   5.098269e-04   1.034057e-01   4212
  1.187762e+00   6.665282e+00   4.236875e-04   1.125997e-01   3432
  1.189472e+00   6.502987e+00   5.420199e-04   9.371106e-02   5352
  1.191144e+00   6.405120e+00   3.969648e-04   1.092722e-01   3600
  1.192963e+00   6.769566e+00   4.378593e-04   1.032624e-01   4584
  1.194552e+00   6.701842e+00   4.365700e-04   1.088305e-01   3768
  1.196188e+00   6.668868e+00   4.660449e-04   1.124645e-01   3848
  1.197821e+00   6.429874e+00   4.273101e-04   1.073428e-01   3720
  1.199674e+00   6.555467e+00   5.363373e-04   9.598037e-02   4764
  1.201309e+00   6.684603e+00   4.319005e-04   1.163770e-01   3864
  1.202988e+00   6.742416e+00   5.349608e-04   1.025626e-01   4332
  1.204820e+00   6.502158e+00   4.567279e-04   1.104141e-01   3792
  1.206456e+00   6.547185e+00   5.180648e-04   1.027725e-01   4284
  1.208191e+00   6.645057e+00   4.905502e-04   1.072635e-01   3840
  1.209832e+00   6.661332e+00   4.669396e-04   1.148300e-01   3480
  1.211499e+00   6.312324e+00   5.210148e-04   9.345376e-02   4380
  1.213302e+00   6.819967e+00   4.894021e-04   1.111028e-01   4200
  1.215072e+00   6.621709e+00   4.704049e-04   1.002806e-01   4056
  1.216717e+00   6.423256e+00   4.727759e-04   1.081734e-01   3600
  1.218257e+00   6.753301e+00   4.710469e-04   1.187070e-01   3492
  1.220057e+00   6.543897e+00   5.500764e-04   1.016047e-01   4500
  1.221894e+00   6.672519e+00   4.819412e-04   1.164589e-01   3516
  1.223472e+00   6.796517e+00   5.038249e-04   1.138084e-01   3968
  1.225242e+00   6.754650e+00   4.842193e-04   1.122896e-01   3648
  1.226808e+00   6.770896e+00   4.630474e-04   1.080308e-01   4224
  1.228583e+00   6.607062e+00   5.197289e-04   1.181632e-01   3588
  1.230249e+00   6.578407e+00   4.793892e-04   1.146794e-01   3456
  1.231925e+00   7.061069e+00   4.257569e-04   1.189026e-01   3660
  1.233657e+00   6.693659e+00   4.673180e-04   1.114027e-01   3768
  1.235272e+00   6.534493e+00   4.725964e-04   1.066655e-01   3744
  1.237006e+00   6.527900e+00   5.187522e-04   1.091393e-01   4176
  1.238850e+00   6.655204e+00   4.784920e-04   1.116496e-01   3612
  1.240375e+00   6.729248e+00   5.199889e-04   1.200029e-01   3216
  1.242119e+00   7.043631e+00   5.027406e-04   1.208694e-01   3624
  1.243874e+00   6.543312e+00   4.727415e-04   1.086261e-01   3744
  1.245569e+00   6.987469e+00   5.044114e-04   1.116939e-01   3672
  1.247242e+00   7.055553e+00   4.574137e-04   1.145486e-01   3852
  1.248969e+00   6.916594e+00   4.707839e-04   1.174495e-01   3672
  1.250806e+00   6.875250e+00   4.587010e-04   1.243753e-01   3248
  1.252340e+00   6.812452e+00   4.695129e-04   1.167571e-01   3336
  1.254015e+00   6.734136e+00   4.779221e-04   1.132924e-01   3576
  1.255728e+00   6.898328e+00   4.057129e-04   1.277632e-01   3336
  1.257472e+00   6.837824e+00   4.819158e-04   1.095039e-01   3936
  1.259194e+00   6.677012e+00   5.132539e-04   1.144607e-01   3408
  1.260901e+00   7.307555e+00   4.521849e-04   1.306944e-01   3336
  1.262560e+00   6.586304e+00   5.079072e-04   1.167232e-01   3312
  1.264219e+00   6.770658e+00   5.142616e-04   1.176843e-01   3432
  1.265985e+00   6.892480e+00   4.458442e-04   1.209939e-01   3144
  1.267597e+00   7.092452e+00   4.840083e-04   1.221530e-01   3456
  1.269411e+00   6.867196e+00   4.651874e-04   1.185874e-01   3792
  1.271049e+00   7.048398e+00   4.569446e-04   1.305120e-01   2868
  1.272819e+00   6.919747e+00   4.733929e-04   1.148576e-01   3888
  1.274473e+00   7.078071e+00   4.110524e-04   1.286741e-01   2784
  1.276101e+00   6.682541e+00   4.694335e-04   1.241941e-01   2964
  1.277880e+00   6.919368e+00   4.834244e-04   1.202040e-01   3432
  1.279573e+00   7.132631e+00   5.003929e-04   1.337980e-01   3416
  1.281287e+00   6.995470e+00   5.348762e-04   1.179151e-01   3528
  1.283040e+00   6.767914e+00   4.292762e-04   1.275899e-01   2904
  1.284592e+00   6.931663e+00   4.813445e-04   1.284819e-01   3072
  1.286396e+00   7.348133e+00   5.406051e-04   1.319201e-01   3216
  1.288199e+00   7.057296e+00   4.378327e-04   1.315175e-01   2844
  1.289782e+00   7.230716e+00   5.010192e-04   1.283474e-01   3432
  1.291408e+00   7.122014e+00   4.027010e-04   1.360825e-01   2880
  1.293224e+00   7.177617e+00   5.334351e-04   1.226680e-01   3576
  1.294934e+00   7.375289e+00   4.768162e-04   1.421820e-01   2700
  1.296572e+00   6.967636e+00   5.355829e-04   1.307900e-01   3000
  1.298287e+00   7.126282e+00   4.446934e-04   1.454742e-01   2556
  1.299953e+00   7.286230e+00   4.766228e-04   1.280673e-01   3360
  1.301675e+00   7.261210e+00   4.631149e-04   1.452861e-01   3120
  1.303530e+00   6.999091e+00   5.452330e-04   1.268981e-01   3216
  1.305127e+00   7.439191e+00   3.845380e-04   1.533050e-01   2628
  1.306923e+00   6.755814e+00   5.083038e-04   1.170131e-01   3200
  1.308561e+00   6.761153e+00   4.795357e-04   1.451615e-01   2232
  1.310215e+00   7.167311e+00   5.473750e-04   1.317532e-01   3108
  1.311862e+00   7.351924e+00   4.808374e-04   1.450643e-01   2604
  1.313547e+00   7.614554e+00   5.179979e-04   1.435470e-01   3096
  1.315401e+00   7.412820e+00   4.719641e-04   1.351898e-01   3084
  1.317009e+00   6.891755e+00   4.816320e-04   1.414586e-01   2664
  1.318667e+00   7.443314e+00   4.247239e-04   1.640046e-01   2232
  1.320292e+00   6.547415e+00   5.231957e-04   1.347657e-01   2808
  1.322070e+00   7.249613e+00   4.942393e-04   1.396192e-01   2592
  1.323731e+00   7.490853e+00   5.073960e-04   1.474508e-01   2952
  1.325476e+00   7.023680e+00   4.790441e-04   1.399132e-01   2772
  1.327172e+00   7.315138e+00   5.151819e-04   1.322932e-01   3036
  1.328948e+00   7.573915e+00   4.997289e-04   1.694684e-01   2136
  1.330566e+00   7.281743e+00   3.985350e-04   1.510820e-01   2496
  1.332228e+00   7.178468e+00   5.308189e-04   1.553846e-01   2228
  1.333960e+00   7.301606e+00   4.948933e-04   1.388336e-01   3048
  1.335685e+00   7.523456e+00   4.727366e-04   1.451430e-01   2676
  1.337399e+00   7.291687e+00   4.709500e-04   1.416503e-01   2784
  1.339037e+00   7.481111e+00   4.575289e-04   1.759178e-01   1920
  1.340680e+00   7.395833e+00   4.882940e-04   1.510029e-01   2400
  1.342460e+00   7.349548e+00   4.478664e-04   1.465407e-01   2532
  1.344301e+00   7.714077e+00   4.974724e-04   1.612359e-01   2544
  1.345957e+00   7.547345e+00   5.204236e-04   1.496650e-01   2772
  1.347589e+00   7.961812e+00   4.874611e-04   1.797977e-01   2160
  1.349209e+00   7.772306e+00   5.250420e-04   1.698938e-01   2304
  1.351084e+00   7.204226e+00   5.137807e-04   1.630947e-01   2328
  1.352765e+00   7.290638e+00   4.926073e-04   1.576942e-01   2304
  1.354322e+00   6.878896e+00   4.658284e-04   1.691934e-01   1908
  1.356093e+00   8.225238e+00   5.209991e-04   1.736782e-01   2736
  1.357799e+00   7.819554e+00   4.936463e-04   1.632401e-01   2448
  1.359613e+00   7.579977e+00   4.615326e-04   1.803343e-01   2040
  1.361255e+00   7.021219e+00   4.805496e-04   1.619185e-01   2120
  1.362833e+00   7.426280e+00   3.984242e-04   1.715700e-01   2040
  1.364532e+00   7.292331e+00   4.943170e-04   1.522692e-01   2208
  1.366455e+00   8.265221e+00   4.438218e-04   1.789794e-01   2208
  1.368013e+00   8.164307e+00   4.918393e-04   1.723473e-01   2196
  1.369622e+00   7.276416e+00   4.326531e-04   1.734584e-01   1848
  1.371260e+00   7.329058e+00   4.906859e-04   1.736550e-01   2124
  1.373092e+00   7.733421e+00   5.147189e-04   1.656076e-01   2328
  1.374881e+00   7.308492e+00   5.240287e-04   1.725502e-01   1920
  1.376620e+00   7.507993e+00   4.810523e-04   2.097560e-01   1548
  1.378167e+00   8.038895e+00   5.276994e-04   1.805594e-01   2388
  1.379991e+00   7.294897e+00   4.883236e-04   1.670715e-01   2160
  1.381662e+00   8.261776e+00   4.444671e-04   2.032311e-01   1704
  1.383263e+00   8.090863e+00   5.007315e-04   2.002183e-01   1776
  1.384777e+00   7.936609e+00   4.683711e-04   1.867717e-01   1800
  1.386692e+00   7.784703e+00   5.406913e-04   2.082922e-01   1700
  1.388481e+00   7.585435e+00   4.868276e-04   1.836973e-01   2292
  1.390146e+00   8.196292e+00   4.519205e-04   2.188495e-01   1704
  1.391718e+00   8.185170e+00   5.053229e-04   2.097128e-01   1728
  1.393439e+00   7.710220e+00   4.676878e-04   1.826065e-01   1728
  1.395126e+00   8.172449e+00   4.672479e-04   2.262277e-01   1680
  1.396921e+00   7.201917e+00   5.382835e-04   1.859921e-01   1704
  1.398708e+00   7.075710e+00   4.227137e-04   1.743413e-01   1752
  1.400307e+00   7.953577e+00   5.025262e-04   1.982801e-01   1872
  1.402036e+00   8.277419e+00   4.925311e-04   2.149402e-01   1500
  1.403790e+00   8.086310e+00   4.312830e-04   1.993668e-01   1656
  1.405494e+00   8.016009e+00   4.624173e-04   2.172820e-01   1464
  1.407008e+00   7.140175e+00   4.050313e-04   1.946101e-01   1488
  1.408865e+00   7.878673e+00   4.888426e-04   1.973852e-01   1680
  1.410562e+00   8.036907e+00   5.107180e-04   2.171790e-01   1692
  1.412151e+00   8.038503e+00   4.890383e-04   2.665784e-01   1128
  1.413913e+00   8.602515e+00   4.709016e-04   2.249583e-01   1536
  1.415632e+00   7.738970e+00   4.908676e-04   2.064641e-01   1616
  1.417373e+00   8.029337e+00   4.733501e-04   2.232667e-01   1476
  1.419127e+00   7.474365e+00   5.209335e-04   2.180910e-01   1176
  1.420693e+00   7.975575e+00   5.596875e-04   2.118542e-01   1656
  1.422399e+00   8.261595e+00   4.916336e-04   2.765247e-01   891
  1.424157e+00   7.801367e+00   5.240858e-04   1.911547e-01   1596
  1.425870e+00   7.732403e+00   4.570168e-04   2.098525e-01   1422
  1.427560e+00   8.231286e+00   4.382484e-04   2.569546e-01   1254
  1.429149e+00   7.493670e+00   4.477206e-04   2.417350e-01   918
  1.430852e+00   7.779669e+00   4.900032e-04   1.947699e-01   1614
  1.432567e+00   7.692354e+00   4.232714e-04   2.785809e-01   798
  1.434273e+00   7.585006e+00   5.425837e-04   1.973153e-01   1458
  1.436002e+00   7.999253e+00   4.968256e-04   2.605523e-01   1374
  1.437711e+00   7.197922e+00   4.243221e-04   2.341759e-01   984
  1.439407e+00   7.594112e+00   5.838085e-04   2.419081e-01   1062
  1.441134e+00   8.697516e+00   4.948879e-04   2.759694e-01   1246
  1.442811e+00   7.119311e+00   4.588833e-04   2.227164e-01   1072
  1.444603e+00   7.320733e+00   4.969413e-04   2.176255e-01   1110
  1.446258e+00   8.061400e+00   5.383636e-04   2.401184e-01   1254
  1.447998e+00   7.644003e+00   5.109355e-04   2.469793e-01   1032
  1.449895e+00   7.830481e+00   4.733780e-04   2.631914e-01   786
  1.451337e+00   7.758347e+00   4.853147e-04   2.189073e-01   1152
  1.453026e+00   7.288384e+00   5.289446e-04   2.185919e-01   1086
  1.454785e+00   7.229404e+00   4.772261e-04   2.353146e-01   912
  1.456411e+00   8.226402e+00   4.783749e-04   2.877255e-01   1062
  1.458071e+00   7.360920e+00   4.768243e-04   2.414877e-01   912
  1.459989e+00   7.410917e+00   5.322923e-04   2.956305e-01   750
  1.461484e+00   7.331193e+00   5.128675e-04   2.179773e-01   1200
  1.463214e+00   7.273842e+00   4.644419e-04   2.701482e-01   918
  1.464934e+00   7.417487e+00   4.820751e-04   2.342203e-01   876
  1.466681e+00   8.605558e+00   4.212369e-04   2.717012e-01   870
  1.468211e+00   7.069975e+00   4.913058e-04   2.662000e-01   768
  1.470005e+00   6.721101e+00   4.503077e-04   2.759500e-01   830
  1.471666e+00   8.073578e+00   4.662337e-04   2.477984e-01   1080
  1.473387e+00   7.075054e+00   5.245740e-04   2.382194e-01   840
  1.475121e+00   7.412688e+00   5.051070e-04   2.377240e-01   798
  1.477088e+00   8.862282e+00   4.009113e-04   3.648244e-01   792
  1.478613e+00   7.562793e+00   4.675924e-04   2.820017e-01   726
  1.480213e+00   7.235127e+00   5.239634e-04   2.490386e-01   864
  1.481966e+00   7.576373e+00   4.485006e-04   2.463509e-01   900
  1.483743e+00   7.632947e+00   4.984474e-04   3.154506e-01   726
  1.485268e+00   8.421468e+00   4.313846e-04   3.577020e-01   576
  1.487302e+00   7.638465e+00   4.489324e-04   2.561622e-01   840
  1.488733e+00   7.068711e+00   4.660199e-04   2.570451e-01   750
  1.490428e+00   7.882728e+00   4.674350e-04   2.891758e-01   720
  1.492027e+00   7.177220e+00   4.728813e-04   2.627166e-01   702
  1.493895e+00   7.823292e+00   5.164499e-04   2.906250e-01   696
  1.495432e+00   8.067321e+00   4.618675e-04   3.501136e-01   480
  1.497243e+00   7.221559e+00   4.376385e-04   2.677179e-01   830
  1.498847e+00   7.602069e+00   5.091155e-04   2.931018e-01   756
  1.500643e+00   7.906732e+00   4.888404e-04   3.067745e-01   624
  1.502229e+00   8.028490e+00   5.165284e-04   3.293383e-01   582
  1.504104e+00   7.700236e+00   3.964472e-04   2.987159e-01   576
  1.505725e+00   7.483251e+00   5.309724e-04   2.977929e-01   624
  1.507388e+00   7.913671e+00   4.336450e-04   2.809589e-01   702
  1.509034e+00   7.965218e+00   4.988077e-04   3.113541e-01   624
  1.510988e+00   9.324061e+00   4.825630e-04   3.552001e-01   672
  1.512580e+00   7.419974e+00   3.612436e-04   3.633917e-01   342
  1.514329e+00   8.369681e+00   4.516021e-04   3.109166e-01   660
  1.515937e+00   7.208385e+00   4.642274e-04   3.002438e-01   576
  1.517597e+00   7.567848e+00   4.513226e-04   3.143964e-01   600
  1.519276e+00   7.502796e+00   5.220166e-04   3.418708e-01   510
  1.521163e+00   8.724661e+00   4.890514e-04   3.443493e-01   600
  1.522619e+00   7.348631e+00   3.895108e-04   5.212945e-01   216
  1.524315e+00   7.993699e+00   4.741021e-04   2.946690e-01   758
  1.526291e+00   7.853182e+00   5.190411e-04   2.993474e-01   576
  1.528024e+00   7.245111e+00   4.406517e-04   3.426541e-01   528
  1.529587e+00   7.452279e+00   3.034519e-04   4.237964e-01   318
  1.531266e+00   8.196167e+00   5.242157e-04   3.672326e-01   540
  1.533252e+00   8.344017e+00   3.706126e-04   4.130287e-01   384
  1.534598e+00   7.908302e+00   5.120576e-04   2.831065e-01   576
  1.536349e+00   7.494248e+00   4.184460e-04   3.509468e-01   414
  1.538006e+00   8.959199e+00   4.672675e-04   3.730404e-01   504
  1.539775e+00   8.178298e+00   5.129507e-04   4.334096e-01   312
  1.541474e+00   8.004389e+00   4.647396e-04   3.971147e-01   414
  1.543160e+00   8.484010e+00   4.293448e-04   3.869145e-01   432
  1.544729e+00   8.467321e+00   5.686055e-04   3.685593e-01   504
  1.546545e+00   1.027931e+01   5.476310e-04   5.237783e-01   432
  1.548245e+00   9.418014e+00   4.485920e-04   4.626526e-01   354
  1.549977e+00   9.368033e+00   6.527560e-04   7.243448e-01   200
  1.551463e+00   8.441088e+00   4.631515e-04   3.988015e-01   480
  1.553470e+00   7.259137e+00   5.292520e-04   3.209183e-01   552
  1.555311e+00   8.922065e+00   3.296817e-04   4.130947e-01   366
  1.556730e+00   9.066300e+00   3.509628e-04   6.659853e-01   240
  1.558291e+00   7.678268e+00   4.906603e-04   4.361787e-01   288
  1.560489e+00   8.460813e+00   3.372103e-04   5.044042e-01   366
  1.561910e+00   8.010881e+00   5.467244e-04   3.893393e-01   408
  1.563496e+00   7.912154e+00   4.109956e-04   4.109435e-01   360
  1.565137e+00   7.594113e+00   3.831167e-04   4.885666e-01   324
  1.566729e+00   8.358780e+00   4.524730e-04   5.683426e-01   174
  1.568624e+00   8.895376e+00   5.198279e-04   5.618358e-01   264
  1.570404e+00   8.065541e+00   4.741086e-04   3.449887e-01   456
  1.572178e+00   9.900611e+00   4.767346e-04   5.392722e-01   360
  1.573637e+00   9.071334e+00   5.251690e-04   5.301273e-01   270
  1.575423e+00   1.046682e+01   5.743787e-04   6.085900e-01   240
  1.577661e+00   9.917215e+00   4.185669e-04   1.096216e+00   120
  1.578762e+00   8.061956e+00   4.369696e-04   4.914892e-01   320
  1.580538e+00   8.925573e+00   5.406748e-04   4.055920e-01   462
  1.582398e+00   9.913319e+00   3.145683e-04   6.182370e-01   276
  1.584014e+00   7.555946e+00   3.568730e-04   5.034421e-01   144
  1.585571e+00   1.112132e+01   3.747862e-04   7.293892e-01   120
  1.587640e+00   9.578880e+00   2.838118e-04   5.870925e-01   294
  1.589204e+00   8.159067e+00   5.034972e-04   3.598372e-01   384
  1.590663e+00   1.095161e+01   3.333119e-04   9.198427e-01   216
  1.592060e+00   9.125020e+00   3.095363e-04   7.569900e-01   168
  1.593638e+00   7.106563e+00   3.682988e-04   5.727553e-01   102
  1.595919e+00   8.426801e+00   5.587821e-04   6.168662e-01   168
  1.597518e+00   8.706611e+00   4.890688e-04   4.521189e-01   384
  1.599271e+00   8.321442e+00   4.969061e-04   4.790783e-01   300
  1.600903e+00   1.059314e+01   5.320788e-04   9.255621e-01   144
  1.602742e+00   9.379876e+00   5.449239e-04   8.988776e-01   102
  1.604949e+00   1.170762e+01   1.289956e-04   1.484169e+00   56
  1.606006e+00   8.112145e+00   4.199761e-04   4.681396e-01   288
  1.607665e+00   9.680465e+00   5.465449e-04   4.823450e-01   360
  1.609470e+00   1.273583e+01   2.931840e-04   1.008472e+00   126
  1.610992e+00   7.373957e+00   1.443964e-04   7.441030e-01   72
  1.612650e+00   8.427113e+00   7.650143e-05   1.086073e+00   48
  1.614814e+00   7.928415e+00   3.094846e-04   5.640192e-01   240
  1.616236e+00   9.484825e+00   4.591937e-04   4.553847e-01   306
  1.617691e+00   8.105352e+00   2.552095e-04   8.125139e-01   120
  1.619368e+00   1.053415e+01   6.281048e-04   1.055202e+00   96
  1.620587e+00   1.840132e+01   0.000000e+00   4.157636e+00   24
  1.623325e+00   1.029742e+01   5.439228e-04   1.010105e+00   120
  1.624667e+00   9.886344e+00   4.703935e-04   5.908313e-01   318
  1.626308e+00   1.055568e+01   5.026794e-04   7.189032e-01   168
  1.628106e+00   8.899253e+00   5.394313e-04   8.496713e-01   72
  1.630075e+00   1.264934e+01   0.000000e+00   3.397620e+00   24
  1.632193e+00   8.321043e+00   2.618418e-04   2.754366e+00   14
  1.633200e+00   1.053649e+01   4.129830e-04   5.851446e-01   288
  1.634765e+00   1.073512e+01   4.968411e-04   7.209199e-01   204
  1.636571e+00   1.537982e+01   7.538327e-05   2.156979e+00   48
  1.638002e+00   1.243068e+01   0.000000e+00   3.127595e+00   24
  1.639659e+00   3.178416e+00   0.000000e+00   1.537373e+00   6
  1.642039e+00   8.149343e+00   3.087683e-04   5.818224e-01   216
  1.643266e+00   1.184948e+01   4.111948e-04   9.089554e-01   192
  1.644767e+00   1.324134e+01   7.500762e-05   1.570249e+00   48
  1.646341e+00   7.871560e+00   5.993235e-04   1.541480e+00   30
  1.650794e+00   8.340506e+00   1.239342e-04   7.590265e-01   96
  1.651708e+00   1.093895e+01   4.061000e-04   6.974553e-01   228
  1.653445e+00   1.200553e+01   5.310492e-04   1.189589e+00   72
  1.655533e+00   3.043716e+00   0.000000e+00   8.821069e-01   6
  1.660288e+00   1.145662e+01   4.009709e-04   6.836525e-01   248
  1.661805e+00   1.239718e+01   4.589321e-04   1.141639e+00   72
  1.663636e+00   8.123605e+00   2.543132e-08   2.302896e+00   6
  1.669168e+00   1.296652e+01   2.849355e-04   1.132644e+00   180
  1.670272e+00   1.699445e+01   3.876996e-04   1.847352e+00   72
  1.671847e+00   8.244156e+00   0.000000e+00   1.953744e+00   6
  1.677997e+00   1.248897e+01   1.219250e-04   1.314360e+00   96
  1.678732e+00   1.334427e+01   3.347351e-04   1.082841e+00   96
  1.680165e+00   5.092401e+00   0.000000e+00   8.575579e-01   6
  1.687272e+00   1.214613e+01   3.203674e-04   8.543849e-01   140
  1.688588e+00   1.790732e+01   0.000000e+00   7.074367e+00   6
  1.696205e+00   1.007746e+01   2.151411e-04   9.296120e-01   96
  1.697114e+00   1.555258e+01   0.000000e+00   5.403129e+00   6
  1.705164e+00   1.153716e+01   1.294251e-04   1.100769e+00   60
  1.705743e+00   1.639225e+01   0.000000e+00   4.507164e+00   6
  1.714199e+00   1.666919e+01   1.312104e-04   2.654554e+00   38
  1.723205e+00   1.375640e+01   6.749794e-05   2.873730e+00   18
  1.732226e+00   7.561244e+00   2.543132e-08   5.489871e-01   6
