### The result of the verage over time 
### d tau = 0.004
### number of kessence update = 1
### initial time = 0.642702
### 1- tau	 2- pi_k(x)	3-zeta(x)	4-|k|	 5-vec{k} 	 6-|k|^2
 0.642702	        0 0	        0 0	 (1 , 0 , 0) 	1
 0.642702	        0 0	        0 0	 (0 , 1 , 0) 	1
 0.642702	        0 0	        0 0	 (0 , 0 , 1) 	1
 0.646702	0.000802093 0.00296121	        0 0	 (1 , 0 , 0) 	1
 0.646702	-0.00908984 0.00315729	        0 0	 (0 , 1 , 0) 	1
 0.646702	-1.5358e-05 -0.00374079	        0 0	 (0 , 0 , 1) 	1
 0.648214	  209.426 773.169	        0 0	 (1 , 0 , 0) 	1
 0.648214	 -2373.35 824.365	        0 0	 (0 , 1 , 0) 	1
 0.648214	 -4.00995 -976.717	        0 0	 (0 , 0 , 1) 	1
 0.649729	5.46807e+07 2.01873e+08	        0 0	 (1 , 0 , 0) 	1
 0.649729	-6.19677e+08 2.15241e+08	        0 0	 (0 , 1 , 0) 	1
 0.649729	-1.04699e+06 -2.55019e+08	        0 0	 (0 , 0 , 1) 	1
 0.651247	1.42771e+13 5.27088e+13	        0 0	 (1 , 0 , 0) 	1
 0.651247	-1.61797e+14 5.6199e+13	        0 0	 (0 , 1 , 0) 	1
 0.651247	-2.73368e+11 -6.65852e+13	        0 0	 (0 , 0 , 1) 	1
 0.652768	3.72772e+18 1.37622e+19	        0 0	 (1 , 0 , 0) 	1
 0.652768	-4.22449e+19 1.46735e+19	        0 0	 (0 , 1 , 0) 	1
 0.652768	-7.1376e+16 -1.73853e+19	        0 0	 (0 , 0 , 1) 	1
 0.654293	9.73302e+23 3.59329e+24	        0 0	 (1 , 0 , 0) 	1
 0.654293	-1.10301e+25 3.83123e+24	        0 0	 (0 , 1 , 0) 	1
 0.654293	-1.86362e+22 -4.53928e+24	        0 0	 (0 , 0 , 1) 	1
  0.65582	2.54128e+29 9.38203e+29	        0 0	 (1 , 0 , 0) 	1
  0.65582	-2.87994e+30 1.00033e+30	        0 0	 (0 , 1 , 0) 	1
  0.65582	-4.86588e+27 -1.1852e+30	        0 0	 (0 , 0 , 1) 	1
 0.657351	6.63524e+34 2.44963e+35	        0 0	 (1 , 0 , 0) 	1
 0.657351	-7.51949e+35 2.61184e+35	        0 0	 (0 , 1 , 0) 	1
 0.657351	-1.27047e+33 -3.09454e+35	        0 0	 (0 , 0 , 1) 	1
 0.658884	1.73245e+40 6.39596e+40	        0 0	 (1 , 0 , 0) 	1
 0.658884	-1.96333e+41 6.81948e+40	        0 0	 (0 , 1 , 0) 	1
 0.658884	-3.31719e+38 -8.07979e+40	        0 0	 (0 , 0 , 1) 	1
 0.660421	4.52341e+45 1.66998e+46	        0 0	 (1 , 0 , 0) 	1
 0.660421	-5.12622e+46 1.78056e+46	        0 0	 (0 , 1 , 0) 	1
 0.660421	-8.66114e+43 -2.10962e+46	        0 0	 (0 , 0 , 1) 	1
 0.661961	1.18106e+51 4.36029e+51	        0 0	 (1 , 0 , 0) 	1
 0.661961	-1.33845e+52 4.64901e+51	        0 0	 (0 , 1 , 0) 	1
 0.661961	-2.26141e+49 -5.5082e+51	        0 0	 (0 , 0 , 1) 	1
 0.663505	3.08372e+56 1.13846e+57	        0 0	 (1 , 0 , 0) 	1
 0.663505	-3.49467e+57 1.21385e+57	        0 0	 (0 , 1 , 0) 	1
 0.663505	-5.90451e+54 -1.43818e+57	        0 0	 (0 , 0 , 1) 	1
 0.665051	8.05155e+61 2.97251e+62	        0 0	 (1 , 0 , 0) 	1
 0.665051	-9.12454e+62 3.16934e+62	        0 0	 (0 , 1 , 0) 	1
 0.665051	-1.54166e+60 -3.75507e+62	        0 0	 (0 , 0 , 1) 	1
   0.6666	2.10225e+67 7.76119e+67	        0 0	 (1 , 0 , 0) 	1
   0.6666	-2.3824e+68 8.27511e+67	        0 0	 (0 , 1 , 0) 	1
   0.6666	-4.02525e+65 -9.80444e+67	        0 0	 (0 , 0 , 1) 	1
 0.668153	5.48894e+72 2.02644e+73	        0 0	 (1 , 0 , 0) 	1
 0.668153	-6.22042e+73 2.16062e+73	        0 0	 (0 , 1 , 0) 	1
 0.668153	-1.05099e+71 -2.55993e+73	        0 0	 (0 , 0 , 1) 	1
 0.669709	1.43315e+78 5.291e+78	        0 0	 (1 , 0 , 0) 	1
 0.669709	-1.62414e+79 5.64135e+78	        0 0	 (0 , 1 , 0) 	1
 0.669709	-2.74411e+76 -6.68393e+78	        0 0	 (0 , 0 , 1) 	1
 0.671268	3.74195e+83 1.38147e+84	        0 0	 (1 , 0 , 0) 	1
 0.671268	-4.24062e+84 1.47295e+84	        0 0	 (0 , 1 , 0) 	1
 0.671268	-7.16484e+81 -1.74517e+84	        0 0	 (0 , 0 , 1) 	1
 0.672831	9.77017e+88 3.607e+89	        0 0	 (1 , 0 , 0) 	1
 0.672831	-1.10722e+90 3.84585e+89	        0 0	 (0 , 1 , 0) 	1
 0.672831	-1.87073e+87 -4.5566e+89	        0 0	 (0 , 0 , 1) 	1
 0.674396	2.55098e+94 9.41784e+94	        0 0	 (1 , 0 , 0) 	1
 0.674396	-2.89093e+95 1.00415e+95	        0 0	 (0 , 1 , 0) 	1
 0.674396	-4.88445e+92 -1.18972e+95	        0 0	 (0 , 0 , 1) 	1
 0.675965	6.66057e+99 2.45898e+100	        0 0	 (1 , 0 , 0) 	1
 0.675965	-7.54819e+100 2.62181e+100	        0 0	 (0 , 1 , 0) 	1
 0.675965	-1.27532e+98 -3.10635e+100	        0 0	 (0 , 0 , 1) 	1
 0.677537	1.73906e+105 6.42037e+105	        0 0	 (1 , 0 , 0) 	1
 0.677537	-1.97082e+106 6.84551e+105	        0 0	 (0 , 1 , 0) 	1
 0.677537	-3.32985e+103 -8.11063e+105	        0 0	 (0 , 0 , 1) 	1
 0.679112	4.54067e+110 1.67635e+111	        0 0	 (1 , 0 , 0) 	1
 0.679112	-5.14579e+111 1.78735e+111	        0 0	 (0 , 1 , 0) 	1
 0.679112	-8.69419e+108 -2.11767e+111	        0 0	 (0 , 0 , 1) 	1
  0.68069	1.18556e+116 4.37693e+116	        0 0	 (1 , 0 , 0) 	1
  0.68069	-1.34356e+117 4.66675e+116	        0 0	 (0 , 1 , 0) 	1
  0.68069	-2.27004e+114 -5.52922e+116	        0 0	 (0 , 0 , 1) 	1
 0.682272	3.09549e+121 1.14281e+122	        0 0	 (1 , 0 , 0) 	1
 0.682272	-3.50801e+122 1.21848e+122	        0 0	 (0 , 1 , 0) 	1
 0.682272	-5.92704e+119 -1.44367e+122	        0 0	 (0 , 0 , 1) 	1
 0.683857	8.08228e+126 2.98386e+127	        0 0	 (1 , 0 , 0) 	1
 0.683857	-9.15936e+127 3.18144e+127	        0 0	 (0 , 1 , 0) 	1
 0.683857	-1.54754e+125 -3.7694e+127	        0 0	 (0 , 0 , 1) 	1
 0.685445	2.11027e+132 7.79081e+132	        0 0	 (1 , 0 , 0) 	1
 0.685445	-2.3915e+133 8.30669e+132	        0 0	 (0 , 1 , 0) 	1
 0.685445	-4.04061e+130 -9.84186e+132	        0 0	 (0 , 0 , 1) 	1
 0.687036	5.50989e+137 2.03417e+138	        0 0	 (1 , 0 , 0) 	1
 0.687036	-6.24416e+138 2.16887e+138	        0 0	 (0 , 1 , 0) 	1
 0.687036	-1.055e+136 -2.5697e+138	        0 0	 (0 , 0 , 1) 	1
 0.688631	1.43862e+143 5.31119e+143	        0 0	 (1 , 0 , 0) 	1
 0.688631	-1.63034e+144 5.66288e+143	        0 0	 (0 , 1 , 0) 	1
 0.688631	-2.75459e+141 -6.70944e+143	        0 0	 (0 , 0 , 1) 	1
 0.690229	3.75623e+148 1.38674e+149	        0 0	 (1 , 0 , 0) 	1
 0.690229	-4.2568e+149 1.47857e+149	        0 0	 (0 , 1 , 0) 	1
 0.690229	-7.19218e+146 -1.75183e+149	        0 0	 (0 , 0 , 1) 	1
  0.69183	9.80745e+153 3.62077e+154	        0 0	 (1 , 0 , 0) 	1
  0.69183	-1.11144e+155 3.86052e+154	        0 0	 (0 , 1 , 0) 	1
  0.69183	-1.87787e+152 -4.57399e+154	        0 0	 (0 , 0 , 1) 	1
 0.693435	2.56071e+159 9.45378e+159	        0 0	 (1 , 0 , 0) 	1
 0.693435	-2.90197e+160 1.00798e+160	        0 0	 (0 , 1 , 0) 	1
 0.693435	-4.90309e+157 -1.19426e+160	        0 0	 (0 , 0 , 1) 	1
 0.695043	6.68598e+164 2.46837e+165	        0 0	 (1 , 0 , 0) 	1
 0.695043	-7.57699e+165 2.63182e+165	        0 0	 (0 , 1 , 0) 	1
 0.695043	-1.28019e+163 -3.1182e+165	        0 0	 (0 , 0 , 1) 	1
 0.696654	1.7457e+170 6.44487e+170	        0 0	 (1 , 0 , 0) 	1
 0.696654	-1.97834e+171 6.87163e+170	        0 0	 (0 , 1 , 0) 	1
 0.696654	-3.34256e+168 -8.14158e+170	        0 0	 (0 , 0 , 1) 	1
 0.698268	4.558e+175 1.68275e+176	        0 0	 (1 , 0 , 0) 	1
 0.698268	-5.16542e+176 1.79417e+176	        0 0	 (0 , 1 , 0) 	1
 0.698268	-8.72737e+173 -2.12576e+176	        0 0	 (0 , 0 , 1) 	1
 0.699886	1.19009e+181 4.39363e+181	        0 0	 (1 , 0 , 0) 	1
 0.699886	-1.34868e+182 4.68456e+181	        0 0	 (0 , 1 , 0) 	1
 0.699886	-2.2787e+179 -5.55032e+181	        0 0	 (0 , 0 , 1) 	1
 0.701507	3.1073e+186 1.14717e+187	        0 0	 (1 , 0 , 0) 	1
 0.701507	-3.5214e+187 1.22313e+187	        0 0	 (0 , 1 , 0) 	1
 0.701507	-5.94966e+184 -1.44918e+187	        0 0	 (0 , 0 , 1) 	1
 0.703131	8.11312e+191 2.99525e+192	        0 0	 (1 , 0 , 0) 	1
 0.703131	-9.19432e+192 3.19358e+192	        0 0	 (0 , 1 , 0) 	1
 0.703131	-1.55345e+190 -3.78379e+192	        0 0	 (0 , 0 , 1) 	1
 0.704759	2.11832e+197 7.82054e+197	        0 0	 (1 , 0 , 0) 	1
 0.704759	-2.40062e+198 8.3384e+197	        0 0	 (0 , 1 , 0) 	1
 0.704759	-4.05603e+195 -9.87942e+197	        0 0	 (0 , 0 , 1) 	1
  0.70639	5.53091e+202 2.04193e+203	        0 0	 (1 , 0 , 0) 	1
  0.70639	-6.26799e+203 2.17714e+203	        0 0	 (0 , 1 , 0) 	1
  0.70639	-1.05902e+201 -2.5795e+203	        0 0	 (0 , 0 , 1) 	1
 0.708024	1.44411e+208 5.33146e+208	        0 0	 (1 , 0 , 0) 	1
 0.708024	-1.63656e+209 5.68449e+208	        0 0	 (0 , 1 , 0) 	1
 0.708024	-2.7651e+206 -6.73505e+208	        0 0	 (0 , 0 , 1) 	1
 0.709662	3.77056e+213 1.39204e+214	        0 0	 (1 , 0 , 0) 	1
 0.709662	-4.27305e+214 1.48421e+214	        0 0	 (0 , 1 , 0) 	1
 0.709662	-7.21963e+211 -1.75851e+214	        0 0	 (0 , 0 , 1) 	1
 0.711303	9.84488e+218 3.63459e+219	        0 0	 (1 , 0 , 0) 	1
 0.711303	-1.11569e+220 3.87526e+219	        0 0	 (0 , 1 , 0) 	1
 0.711303	-1.88504e+217 -4.59145e+219	        0 0	 (0 , 0 , 1) 	1
 0.712948	2.57048e+224 9.48986e+224	        0 0	 (1 , 0 , 0) 	1
 0.712948	-2.91304e+225 1.01182e+225	        0 0	 (0 , 1 , 0) 	1
 0.712948	-4.9218e+222 -1.19882e+225	        0 0	 (0 , 0 , 1) 	1
 0.714595	6.7115e+229 2.47779e+230	        0 0	 (1 , 0 , 0) 	1
 0.714595	-7.60591e+230 2.64186e+230	        0 0	 (0 , 1 , 0) 	1
 0.714595	-1.28508e+228 -3.1301e+230	        0 0	 (0 , 0 , 1) 	1
 0.716246	1.75236e+235 6.46947e+235	        0 0	 (1 , 0 , 0) 	1
 0.716246	-1.98589e+236 6.89786e+235	        0 0	 (0 , 1 , 0) 	1
 0.716246	-3.35531e+233 -8.17265e+235	        0 0	 (0 , 0 , 1) 	1
 0.717901	4.5754e+240 1.68917e+241	        0 0	 (1 , 0 , 0) 	1
 0.717901	-5.18514e+241 1.80102e+241	        0 0	 (0 , 1 , 0) 	1
 0.717901	-8.76068e+238 -2.13387e+241	        0 0	 (0 , 0 , 1) 	1
 0.719559	1.19463e+246 4.4104e+246	        0 0	 (1 , 0 , 0) 	1
 0.719559	-1.35383e+247 4.70244e+246	        0 0	 (0 , 1 , 0) 	1
 0.719559	-2.2874e+244 -5.5715e+246	        0 0	 (0 , 0 , 1) 	1
  0.72122	3.11916e+251 1.15155e+252	        0 0	 (1 , 0 , 0) 	1
  0.72122	-3.53484e+252 1.2278e+252	        0 0	 (0 , 1 , 0) 	1
  0.72122	-5.97237e+249 -1.45471e+252	        0 0	 (0 , 0 , 1) 	1
 0.722885	8.14408e+256 3.00668e+257	        0 0	 (1 , 0 , 0) 	1
 0.722885	-9.22941e+257 3.20577e+257	        0 0	 (0 , 1 , 0) 	1
 0.722885	-1.55938e+255 -3.79823e+257	        0 0	 (0 , 0 , 1) 	1
 0.724553	2.12641e+262 7.85039e+262	        0 0	 (1 , 0 , 0) 	1
 0.724553	-2.40978e+263 8.37022e+262	        0 0	 (0 , 1 , 0) 	1
 0.724553	-4.07151e+260 -9.91712e+262	        0 0	 (0 , 0 , 1) 	1
 0.726225	5.55202e+267 2.04973e+268	        0 0	 (1 , 0 , 0) 	1
 0.726225	-6.29191e+268 2.18545e+268	        0 0	 (0 , 1 , 0) 	1
 0.726225	-1.06307e+266 -2.58935e+268	        0 0	 (0 , 0 , 1) 	1
   0.7279	1.44963e+273 5.3518e+273	        0 0	 (1 , 0 , 0) 	1
   0.7279	-1.64281e+274 5.70618e+273	        0 0	 (0 , 1 , 0) 	1
   0.7279	-2.77565e+271 -6.76075e+273	        0 0	 (0 , 0 , 1) 	1
 0.729578	3.78495e+278 1.39735e+279	        0 0	 (1 , 0 , 0) 	1
 0.729578	-4.28935e+279 1.48988e+279	        0 0	 (0 , 1 , 0) 	1
 0.729578	-7.24718e+276 -1.76522e+279	        0 0	 (0 , 0 , 1) 	1
  0.73126	9.88245e+283 3.64846e+284	        0 0	 (1 , 0 , 0) 	1
  0.73126	-1.11994e+285 3.89005e+284	        0 0	 (0 , 1 , 0) 	1
  0.73126	-1.89223e+282 -4.60897e+284	        0 0	 (0 , 0 , 1) 	1
 0.732945	2.58029e+289 9.52607e+289	        0 0	 (1 , 0 , 0) 	1
 0.732945	-2.92416e+290 1.01569e+290	        0 0	 (0 , 1 , 0) 	1
 0.732945	-4.94058e+287 -1.2034e+290	        0 0	 (0 , 0 , 1) 	1
 0.734634	6.73711e+294 2.48724e+295	        0 0	 (1 , 0 , 0) 	1
 0.734634	-7.63494e+295 2.65194e+295	        0 0	 (0 , 1 , 0) 	1
 0.734634	-1.28998e+293 -3.14205e+295	        0 0	 (0 , 0 , 1) 	1
 0.736326	1.75905e+300 6.49416e+300	        0 0	 (1 , 0 , 0) 	1
 0.736326	-1.99347e+301 6.92418e+300	        0 0	 (0 , 1 , 0) 	1
 0.736326	-3.36812e+298 -8.20384e+300	        0 0	 (0 , 0 , 1) 	1
 0.738022	4.59286e+305 1.69562e+306	        0 0	 (1 , 0 , 0) 	1
 0.738022	      nan nan	      nan nan	 (0 , 1 , 0) 	1
 0.738022	-8.79411e+303 -2.14201e+306	        0 0	 (0 , 0 , 1) 	1
 0.739721	      nan nan	      nan nan	 (1 , 0 , 0) 	1
 0.739721	      nan nan	      nan nan	 (0 , 1 , 0) 	1
 0.739721	      nan nan	      nan nan	 (0 , 0 , 1) 	1
 0.741424	      nan nan	      nan nan	 (1 , 0 , 0) 	1
 0.741424	      nan nan	      nan nan	 (0 , 1 , 0) 	1
 0.741424	      nan nan	      nan nan	 (0 , 0 , 1) 	1
  0.74313	      nan nan	      nan nan	 (1 , 0 , 0) 	1
  0.74313	      nan nan	      nan nan	 (0 , 1 , 0) 	1
  0.74313	      nan nan	      nan nan	 (0 , 0 , 1) 	1
 0.744839	      nan nan	      nan nan	 (1 , 0 , 0) 	1
 0.744839	      nan nan	      nan nan	 (0 , 1 , 0) 	1
 0.744839	      nan nan	      nan nan	 (0 , 0 , 1) 	1
 0.746552	      nan nan	      nan nan	 (1 , 0 , 0) 	1
 0.746552	      nan nan	      nan nan	 (0 , 1 , 0) 	1
 0.746552	      nan nan	      nan nan	 (0 , 0 , 1) 	1
 0.748269	      nan nan	      nan nan	 (1 , 0 , 0) 	1
 0.748269	      nan nan	      nan nan	 (0 , 1 , 0) 	1
 0.748269	      nan nan	      nan nan	 (0 , 0 , 1) 	1
 0.749989	      nan nan	      nan nan	 (1 , 0 , 0) 	1
 0.749989	      nan nan	      nan nan	 (0 , 1 , 0) 	1
 0.749989	      nan nan	      nan nan	 (0 , 0 , 1) 	1
 0.751713	      nan nan	      nan nan	 (1 , 0 , 0) 	1
 0.751713	      nan nan	      nan nan	 (0 , 1 , 0) 	1
 0.751713	      nan nan	      nan nan	 (0 , 0 , 1) 	1
  0.75344	      nan nan	      nan nan	 (1 , 0 , 0) 	1
  0.75344	      nan nan	      nan nan	 (0 , 1 , 0) 	1
  0.75344	      nan nan	      nan nan	 (0 , 0 , 1) 	1
  0.75517	      nan nan	      nan nan	 (1 , 0 , 0) 	1
  0.75517	      nan nan	      nan nan	 (0 , 1 , 0) 	1
  0.75517	      nan nan	      nan nan	 (0 , 0 , 1) 	1
 0.756904	      nan nan	      nan nan	 (1 , 0 , 0) 	1
 0.756904	      nan nan	      nan nan	 (0 , 1 , 0) 	1
 0.756904	      nan nan	      nan nan	 (0 , 0 , 1) 	1
 0.758642	      nan nan	      nan nan	 (1 , 0 , 0) 	1
 0.758642	      nan nan	      nan nan	 (0 , 1 , 0) 	1
 0.758642	      nan nan	      nan nan	 (0 , 0 , 1) 	1
 0.760383	      nan nan	      nan nan	 (1 , 0 , 0) 	1
 0.760383	      nan nan	      nan nan	 (0 , 1 , 0) 	1
 0.760383	      nan nan	      nan nan	 (0 , 0 , 1) 	1
 0.762128	      nan nan	      nan nan	 (1 , 0 , 0) 	1
 0.762128	      nan nan	      nan nan	 (0 , 1 , 0) 	1
 0.762128	      nan nan	      nan nan	 (0 , 0 , 1) 	1
 0.763877	      nan nan	      nan nan	 (1 , 0 , 0) 	1
 0.763877	      nan nan	      nan nan	 (0 , 1 , 0) 	1
 0.763877	      nan nan	      nan nan	 (0 , 0 , 1) 	1
 0.765629	      nan nan	      nan nan	 (1 , 0 , 0) 	1
 0.765629	      nan nan	      nan nan	 (0 , 1 , 0) 	1
 0.765629	      nan nan	      nan nan	 (0 , 0 , 1) 	1
 0.767384	      nan nan	      nan nan	 (1 , 0 , 0) 	1
 0.767384	      nan nan	      nan nan	 (0 , 1 , 0) 	1
 0.767384	      nan nan	      nan nan	 (0 , 0 , 1) 	1
 0.769143	      nan nan	      nan nan	 (1 , 0 , 0) 	1
 0.769143	      nan nan	      nan nan	 (0 , 1 , 0) 	1
 0.769143	      nan nan	      nan nan	 (0 , 0 , 1) 	1
 0.770906	      nan nan	      nan nan	 (1 , 0 , 0) 	1
 0.770906	      nan nan	      nan nan	 (0 , 1 , 0) 	1
 0.770906	      nan nan	      nan nan	 (0 , 0 , 1) 	1
 0.772672	      nan nan	      nan nan	 (1 , 0 , 0) 	1
 0.772672	      nan nan	      nan nan	 (0 , 1 , 0) 	1
 0.772672	      nan nan	      nan nan	 (0 , 0 , 1) 	1
 0.774442	      nan nan	      nan nan	 (1 , 0 , 0) 	1
 0.774442	      nan nan	      nan nan	 (0 , 1 , 0) 	1
 0.774442	      nan nan	      nan nan	 (0 , 0 , 1) 	1
 0.776216	      nan nan	      nan nan	 (1 , 0 , 0) 	1
 0.776216	      nan nan	      nan nan	 (0 , 1 , 0) 	1
 0.776216	      nan nan	      nan nan	 (0 , 0 , 1) 	1
 0.777993	      nan nan	      nan nan	 (1 , 0 , 0) 	1
 0.777993	      nan nan	      nan nan	 (0 , 1 , 0) 	1
 0.777993	      nan nan	      nan nan	 (0 , 0 , 1) 	1
 0.779774	      nan nan	      nan nan	 (1 , 0 , 0) 	1
 0.779774	      nan nan	      nan nan	 (0 , 1 , 0) 	1
 0.779774	      nan nan	      nan nan	 (0 , 0 , 1) 	1
 0.781558	      nan nan	      nan nan	 (1 , 0 , 0) 	1
 0.781558	      nan nan	      nan nan	 (0 , 1 , 0) 	1
 0.781558	      nan nan	      nan nan	 (0 , 0 , 1) 	1
 0.783346	      nan nan	      nan nan	 (1 , 0 , 0) 	1
 0.783346	      nan nan	      nan nan	 (0 , 1 , 0) 	1
 0.783346	      nan nan	      nan nan	 (0 , 0 , 1) 	1
 0.785138	      nan nan	      nan nan	 (1 , 0 , 0) 	1
 0.785138	      nan nan	      nan nan	 (0 , 1 , 0) 	1
 0.785138	      nan nan	      nan nan	 (0 , 0 , 1) 	1
 0.786934	      nan nan	      nan nan	 (1 , 0 , 0) 	1
 0.786934	      nan nan	      nan nan	 (0 , 1 , 0) 	1
 0.786934	      nan nan	      nan nan	 (0 , 0 , 1) 	1
 0.788733	      nan nan	      nan nan	 (1 , 0 , 0) 	1
 0.788733	      nan nan	      nan nan	 (0 , 1 , 0) 	1
 0.788733	      nan nan	      nan nan	 (0 , 0 , 1) 	1
 0.790535	      nan nan	      nan nan	 (1 , 0 , 0) 	1
 0.790535	      nan nan	      nan nan	 (0 , 1 , 0) 	1
 0.790535	      nan nan	      nan nan	 (0 , 0 , 1) 	1
 0.792342	      nan nan	      nan nan	 (1 , 0 , 0) 	1
 0.792342	      nan nan	      nan nan	 (0 , 1 , 0) 	1
 0.792342	      nan nan	      nan nan	 (0 , 0 , 1) 	1
 0.794152	      nan nan	      nan nan	 (1 , 0 , 0) 	1
 0.794152	      nan nan	      nan nan	 (0 , 1 , 0) 	1
 0.794152	      nan nan	      nan nan	 (0 , 0 , 1) 	1
 0.795966	      nan nan	      nan nan	 (1 , 0 , 0) 	1
 0.795966	      nan nan	      nan nan	 (0 , 1 , 0) 	1
 0.795966	      nan nan	      nan nan	 (0 , 0 , 1) 	1
 0.797783	      nan nan	      nan nan	 (1 , 0 , 0) 	1
 0.797783	      nan nan	      nan nan	 (0 , 1 , 0) 	1
 0.797783	      nan nan	      nan nan	 (0 , 0 , 1) 	1
 0.799604	      nan nan	      nan nan	 (1 , 0 , 0) 	1
 0.799604	      nan nan	      nan nan	 (0 , 1 , 0) 	1
 0.799604	      nan nan	      nan nan	 (0 , 0 , 1) 	1
 0.801429	      nan nan	      nan nan	 (1 , 0 , 0) 	1
 0.801429	      nan nan	      nan nan	 (0 , 1 , 0) 	1
 0.801429	      nan nan	      nan nan	 (0 , 0 , 1) 	1
 0.803258	      nan nan	      nan nan	 (1 , 0 , 0) 	1
 0.803258	      nan nan	      nan nan	 (0 , 1 , 0) 	1
 0.803258	      nan nan	      nan nan	 (0 , 0 , 1) 	1
  0.80509	      nan nan	      nan nan	 (1 , 0 , 0) 	1
  0.80509	      nan nan	      nan nan	 (0 , 1 , 0) 	1
  0.80509	      nan nan	      nan nan	 (0 , 0 , 1) 	1
 0.806926	      nan nan	      nan nan	 (1 , 0 , 0) 	1
 0.806926	      nan nan	      nan nan	 (0 , 1 , 0) 	1
 0.806926	      nan nan	      nan nan	 (0 , 0 , 1) 	1
 0.808766	      nan nan	      nan nan	 (1 , 0 , 0) 	1
 0.808766	      nan nan	      nan nan	 (0 , 1 , 0) 	1
 0.808766	      nan nan	      nan nan	 (0 , 0 , 1) 	1
  0.81061	      nan nan	      nan nan	 (1 , 0 , 0) 	1
  0.81061	      nan nan	      nan nan	 (0 , 1 , 0) 	1
  0.81061	      nan nan	      nan nan	 (0 , 0 , 1) 	1
 0.812457	      nan nan	      nan nan	 (1 , 0 , 0) 	1
 0.812457	      nan nan	      nan nan	 (0 , 1 , 0) 	1
 0.812457	      nan nan	      nan nan	 (0 , 0 , 1) 	1
 0.814308	      nan nan	      nan nan	 (1 , 0 , 0) 	1
 0.814308	      nan nan	      nan nan	 (0 , 1 , 0) 	1
 0.814308	      nan nan	      nan nan	 (0 , 0 , 1) 	1
